3.5582742081754626    2.7318435756436    2.4901240348455147    1.7155472543076373    1.2381563656797323    1.1479986118523868    1.2504487451184196    1.2027305406064739    1.3023213820956774    0.9168285209729449    0.5143440532615215    0.245546001102344    0.12132833330300072    0.19061215602027184    0.49305037111186145    0.7615104183962196    1.3444206940115515    1.1479986118523868    1.078944385890985    1.0087269152566192    1.2261123339537754    1.7723672252782712    2.029181918312212    2.4901240348455147    2.903345593793052    
5.959408544956155    5.24582787140523    4.207134500755414    3.1142506081660413    2.185480985397875    1.6631720229045908    1.8467576602936036    2.289135690365382    2.0103032862694525    1.427237524385012    0.7124204914955582    0.24479786642411566    0.03476170065815688    0.059140323980747894    0.4688682788558129    1.2482144356348046    1.9989776560359003    2.3280086475826334    2.1168814306456265    2.109437442314585    2.6052341725849044    3.4529988552712076    4.533383587205911    5.611548722875657    6.131492417605968    
6.10634145080119    5.375864869596327    4.289465955819369    3.161301002163366    2.2282087976058715    1.708189250487436    1.8954100611837672    2.3281802257532376    2.0314736065759087    1.4381114157345336    0.7128519061418472    0.2440262824962846    0.03314310678250691    0.057391947638894346    0.46257155675396344    1.2413646296105654    1.9999071813972782    2.3328632744439277    2.1244618947626797    2.1370220548788894    2.648504995960915    3.5200550207632877    4.596285347068412    5.761865852347208    6.328183226321559    
6.232155568304829    5.438897526833964    4.288216157707525    3.1463663433647255    2.234832692514474    1.7339666017535116    1.931934909557016    2.3744621074932737    2.060665615670639    1.4503549701608236    0.7169666861638145    0.24561905622684338    0.032577044764367534    0.05479284841321893    0.45722729125929185    1.2378049333854386    2.0006557066754382    2.335471228997977    2.1331474164354987    2.1540367856398954    2.668883348133941    3.5482109499589423    4.633159995445336    5.8311597448890975    6.44271557135798    
6.277466535973845    5.471261717734407    4.300039733972199    3.158701323620019    2.254088079096181    1.761025868002918    1.9651519202168377    2.4129476059517376    2.086375001262273    1.4616197506391682    0.7205334123610885    0.24661165562671009    0.03124354889396072    0.051187307747731364    0.45175828826351216    1.2327425871233804    2.0012112892865925    2.3403559799679154    2.1408188573327065    2.1615069552168844    2.6747228405417203    3.553707563488233    4.640310634450206    5.838150628541784    6.5186539368545215    
6.324644074898679    5.504254605477645    4.327456797566151    3.1840868099249375    2.2813874809346704    1.7928593162220634    2.000182762757451    2.447419208831754    2.108924627290303    1.4703900760565465    0.7221076207520051    0.24676308140745176    0.02953834612309586    0.048022630684506545    0.4481928760940027    1.2313372000437133    2.003843460654616    2.3502265141345458    2.1543710773388223    2.1740230550634414    2.683104512810664    3.5629630003830473    4.644676110628735    5.879538500697535    6.5443706262745245    
6.360737596416777    5.53267463138034    4.347305131200087    3.199860150121628    2.300328017483586    1.8136745648796286    2.0206373743889996    2.4699166970129105    2.127074326557003    1.478207375854155    0.7240622478859406    0.2470671352898753    0.028282891957556577    0.04532157364072091    0.44563912385806903    1.2305800558906155    2.006988629325319    2.3607549276609006    2.168940914622409    2.186566427536574    2.6926945151607455    3.5786200500234338    4.67097699736051    5.888578743257919    6.541169760954609    
6.378252951395699    5.561058616325269    4.371431324175805    3.221108908051178    2.3257319328447585    1.8416854424065063    2.0499613705428286    2.4968179819314256    2.143553247305024    1.4856891611799754    0.7260204955842265    0.24737039694566018    0.026989924329358827    0.04258914924808471    0.4422617586250261    1.2280693877362898    2.0081541874706783    2.368840165601529    2.1826219444304504    2.2001150005292596    2.7035155949232856    3.5935477936490083    4.685390663297945    5.890246133533204    6.564556822600252    
6.378601933964221    5.5822763942646745    4.396384148930197    3.2467643526197154    2.353895513567004    1.8722569707476597    2.080912662573181    2.523844936951941    2.161068188735951    1.4935535234787447    0.7276590485786115    0.24703690452484597    0.02534239363417228    0.04015652116574954    0.43959744524007965    1.2269212370555083    2.0107884150853232    2.381853460881668    2.203063582602887    2.219998092823408    2.7177865738177895    3.6039662694308574    4.696875018577059    5.919826230966026    6.594640621605407    
6.399736048843019    5.607377103403596    4.418742328406115    3.2685863424608437    2.3774262024539583    1.8977006057189492    2.107944072798927    2.5482805239761595    2.178250581838466    1.5009599602239072    0.7294466353642527    0.24731013194723897    0.024120634991577933    0.03791157088762927    0.43714636375134186    1.225676378802316    2.0133272081093128    2.3938871391260736    2.222642278851016    2.23892541414851    2.7293744927561088    3.6150241437174127    4.703777062055482    5.931575727758304    6.606392970693173    
6.435696436040258    5.634789271693191    4.440749241038697    3.2908356789668325    2.399733622480335    1.9208254991988838    2.131701247586607    2.5682642679364784    2.1925369994540675    1.507224945711725    0.731344303375913    0.24767220557772118    0.02313442928104078    0.036080057644968355    0.4353088226156556    1.2249921686814946    2.0158999002818376    2.4056665293574637    2.2418685304578574    2.2565754268455978    2.7438463398872486    3.6302513866130734    4.71619447453954    5.9508185210415965    6.632921939839618    
6.475120700806066    5.658798614933477    4.461277275073571    3.3094336293606292    2.4208242243558713    1.9426407641026515    2.1540962315399725    2.5865825167919874    2.2046030803166903    1.5131340308359424    0.7336232968331159    0.24844839726108342    0.022245828584036335    0.034013914130243586    0.4331160834942149    1.2237365471974837    2.017946427539878    2.4169303485581493    2.260154158971731    2.2734213830585452    2.7548930193662544    3.6398240603507666    4.727074909243887    5.966199449701138    6.6408937415662805    
6.473917453420763    5.65569017376213    4.478725204378065    3.328618567645325    2.439904882067969    1.9626595951152601    2.1740186553787484    2.602012113032839    2.2151001310695992    1.5188067722367953    0.736304017556012    0.24978244150109408    0.02195460438805966    0.03240029092161635    0.4310101823317874    1.22263967877612    2.019353377262781    2.4236885096946583    2.270003437723194    2.2822907534805443    2.7590778519090176    3.640687812220627    4.729305498057259    5.957355643316595    6.631448398284339    
6.500740736389306    5.668774132641076    4.494676879107294    3.345198002612781    2.458890063518406    1.9832946678971686    2.1951423138127755    2.6188779547690215    2.225605840660277    1.523922203820043    0.7388050203647796    0.251054675560067    0.021553250271307233    0.030546174749502757    0.42867929189447634    1.221000870806185    2.019879170402236    2.4286633650485427    2.276331859611567    2.2868032814923196    2.7627373106136295    3.648727078419307    4.7452806173530675    5.9767326756368995    6.656284791487187    
6.515442131655583    5.69055065685281    4.511809028042936    3.3617967056763707    2.4761119534164897    2.00181805233837    2.213646600480719    2.632877853227321    2.234241417012564    1.5275561579557237    0.7404408751725243    0.25195992577623677    0.02126717783200513    0.029300333566069724    0.42733787224722997    1.2206942608000408    2.021253816121311    2.4329569363479275    2.2816750836869137    2.290212791220984    2.7638256182116    3.6528518659933087    4.752437746797371    5.987168877780309    6.658027686713056    
6.529509832358585    5.702117441415471    4.52339527824946    3.375481732453909    2.492282259246174    2.0188698192952215    2.230556857346553    2.647097013827749    2.2425407728186264    1.5312592534402354    0.7422487820195025    0.2530875880136737    0.0210929179328699    0.02813632591340643    0.426162520231316    1.2200660184467718    2.02200948254152    2.4358344532614122    2.28552826186481    2.29385849974398    2.766591870922565    3.659861787375529    4.762881288194271    5.9956132711987795    6.67125927957217    
6.544004891858467    5.7138765522711    4.535974277186905    3.3889064360036323    2.507044696650799    2.03378379507049    2.245054701903606    2.6579894439372334    2.248904085356861    1.5346954746956252    0.7443699906456419    0.25428950058690464    0.02087384928521452    0.027043135341465054    0.4250727850740527    1.219512895297361    2.022851062573663    2.4397899408195016    2.2910142695890827    2.2977620323729395    2.767477981237393    3.661256357250305    4.764126632907773    6.002232460959768    6.686121795105522    
6.5568263723209155    5.733267124210831    4.551757837596124    3.406489737463403    2.525080885732533    2.0515475616436016    2.262321893397587    2.6706253382486045    2.2546389635406894    1.5375660161330764    0.7461213671191436    0.25532984842835627    0.020740453642492378    0.026182189562075284    0.4243855599820931    1.2192850807988298    2.02421186121744    2.4433950711439896    2.2940977047429016    2.29949400960692    2.7671868475856973    3.659099099978165    4.758665306386396    5.999088086169533    6.699376653962936    
6.5734551178161045    5.74768704655002    4.567747159401561    3.421116546065959    2.5406673880053323    2.0678824350086513    2.2782969878320345    2.681798070247991    2.2604638533769355    1.540495093000076    0.7476947450795323    0.2562346642901731    0.0205951926362472    0.025321861219678526    0.42341913172068574    1.2189591246172764    2.0247740320714565    2.445507811175379    2.295420481868821    2.299757337428118    2.766730597240193    3.6592545959711895    4.75667122391595    5.996530480016642    6.715557684777754    
6.586193867762139    5.755808965280881    4.5784915833081765    3.432912211898974    2.5537177748454085    2.0822653627020995    2.2930567920122127    2.69325330714469    2.266814344492248    1.5434333319448594    0.7492045139358834    0.25704979237134745    0.02053606180866489    0.024527149833967615    0.422284325715226    1.218307811852824    2.024967318707791    2.4475827082286457    2.298152458250578    2.301964304650361    2.767590305132352    3.66199971251258    4.75970177520733    5.9988610511628835    6.71889402450115    
6.588920610804131    5.765122628186442    4.588282924648444    3.444428157509126    2.5664357238423894    2.096833349938724    2.3080317140558013    2.7049953988693742    2.272737596175073    1.5461222079596464    0.7508270898007591    0.25799328015377393    0.020519096476932612    0.02374539637718833    0.42146421251071775    1.2179943762580927    2.025696789824786    2.449270601921213    2.2994026792848334    2.3021782961288735    2.765800541488385    3.661255804379049    4.75871322890782    5.996635755407975    6.721732965854732    
