3.561315846522024    3.561315846522024    3.561315846522024    1.9880435201022144    1.1723339196038007    0.8041221922843298    0.9874321341145882    0.7811901492714517    0.84026414235106    0.9058422286526786    0.6876869983201315    0.4427684662930003    0.21939130733723    0.503105734154224    0.6068802421141131    0.8921368077054161    0.8279717565420031    0.9198701593195064    0.7755923652534598    0.7811901492714517    1.1304809927712498    1.8382204115355252    2.7348852139901614    2.7348852139901614    3.561315846522024    
6.090305218331347    5.668609064295192    4.540086054161904    2.93207422922121    1.7439226182868413    1.2917558595082603    1.2572622365262702    1.1877301410113215    1.1819721951892583    1.1332554524966727    0.8526251938697255    0.45142201799985415    0.26680572314270157    0.37809137722300784    0.6633696385658674    0.9314764209377571    1.0782618015423344    1.0671136993139974    1.129563761593442    1.2573471818039004    1.721000274847939    2.6625948419719894    3.798506293309504    4.88148131042585    5.669221291122173    
6.201284071872911    5.805881824512305    4.6053295622178805    2.988076414450862    1.7893070395999733    1.336054008253649    1.3049925039310548    1.2241324409785643    1.20268518106816    1.144319065612284    0.8590738228654679    0.4541285964706918    0.26600224087020996    0.37464649153183543    0.6535836436505618    0.921228694920951    1.0792438662088273    1.0769347658221193    1.145261651420209    1.2790973806550159    1.746439020808047    2.675951467076727    3.7925599282832487    4.891929728251868    5.6874638202543695    
6.176452848907008    5.883038273429495    4.650572241182001    3.015759484286318    1.8128096228510127    1.3604999613301785    1.3334921138264852    1.247243634938557    1.216039937020293    1.1504583877151    0.8614958441649047    0.45506721391717475    0.26525644095542944    0.37183650376778943    0.6459889347645772    0.9106716350885181    1.075468188749633    1.0753857003639358    1.1492608144488754    1.295932610733531    1.770924248722731    2.6882730664012326    3.7844122649864573    4.896370785825981    5.698147461667558    
6.197251575944126    5.938067947954644    4.680524278552744    3.033243117559424    1.8331577469750924    1.3830059261145065    1.3579725557263898    1.2660169414987181    1.2259701985316445    1.1554980888615694    0.8654622113644588    0.45699578648690764    0.2650950330657756    0.36933993147021205    0.6392913527349953    0.9035048174898132    1.0739331111114752    1.074452972496757    1.1510713409290287    1.303229118029251    1.781890630152672    2.697044497608091    3.7891900207497096    4.900661073735175    5.723480806454387    
6.188181190274537    5.944916119867528    4.678545953719688    3.0369871863982687    1.8428272541341733    1.3963009900305408    1.3745901060019843    1.279400186091685    1.2335118661524418    1.1599479145359424    0.8689825553661742    0.45921350067070177    0.26616727824626774    0.3683169154239083    0.6346472957974479    0.8979799439720971    1.0733424809216703    1.0750905648891358    1.156244852232934    1.3144761044264457    1.7964954536725148    2.7100442392882247    3.801050352785264    4.898610759314589    5.734458058861629    
6.145823508371005    5.94277360713711    4.686017901246183    3.047524634266046    1.8545387636328743    1.4091461023213485    1.3884815048531187    1.2905016907042113    1.2403592345984569    1.1641227766360378    0.8720268237255686    0.4609787100203094    0.2665692265403553    0.36707095998085715    0.6300224132102714    0.8927091966381963    1.0723095443150872    1.0747580826605698    1.1579822943956681    1.319330419394281    1.802564335729029    2.7162920541589513    3.80694789442955    4.902909577292958    5.716066953533787    
6.150499663087674    5.953531456167353    4.701167290999263    3.0585001290405724    1.8657076457159791    1.4214480485930305    1.4018870371509558    1.3014508251391648    1.2463507563531306    1.1672813317703135    0.8751391052189128    0.46312538765942896    0.26751502355562273    0.3665381529584069    0.6267733381714926    0.8886973586511089    1.070333491660219    1.073724063675018    1.1595381149342725    1.3231798154836136    1.8085597565663274    2.722210348453254    3.8139803125781806    4.902172577856808    5.721029825777786    
6.1586175840110755    5.959392797334083    4.710642201554784    3.066737773811866    1.8750949407178898    1.4320190477224375    1.4134240256907467    1.310951791867362    1.2520971718327967    1.1713422121616595    0.8785365519974198    0.46513683706110476    0.26833756246780865    0.3658775094536902    0.6239764278260901    0.8852711747017376    1.0678683382702445    1.0701467752445384    1.1589806293694793    1.3272648385711545    1.8141012777433734    2.7272563166909323    3.823112528792594    4.908675390766734    5.722221643894576    
6.174746713269453    5.962194920456854    4.720703315754729    3.077180801664837    1.8857716382307643    1.4425153457834377    1.423791076867868    1.3192494915374193    1.25660593353117    1.1741037066840039    0.8811197773511472    0.46681189554122443    0.26912279336038564    0.36555941472094267    0.6217898866640382    0.8822424602674275    1.0657441785850503    1.0674021409476369    1.1595785230439577    1.3336250617015217    1.8232502530941614    2.7369256913938176    3.8341248515072692    4.914986317284805    5.724969306002361    
6.170845265699695    5.96010378106041    4.724863727477114    3.0837650538719683    1.8931385812056885    1.4506074565652243    1.4334352480684878    1.3274601735695322    1.2610396756406825    1.1766183826963335    0.8835310674574083    0.46864733039959067    0.27001217627138924    0.3650183750883734    0.6189810149191746    0.8786331347312122    1.0628288273420174    1.0638302107693807    1.1587544216340167    1.3379422601357434    1.8295716707170178    2.742453392210395    3.8390448223362594    4.91691020402528    5.733536983934994    
6.169294094502854    5.951299469348719    4.729920687121653    3.0902470766730876    1.9008775498162183    1.4592612273145766    1.4424894420993852    1.3342523394042227    1.264752002172516    1.1791797899735104    0.885964642603228    0.4703396234599153    0.2709620997379126    0.3646408639376394    0.6167557732049016    0.875506828515309    1.059895148934633    1.0603746649891654    1.1582424139464425    1.3421656363184646    1.8352782381591533    2.7466093336856425    3.8426015676212373    4.920435370401685    5.727268309677129    
6.180429263266043    5.963205919926555    4.738898990306634    3.0975666418322194    1.9090063655465281    1.4686322719203717    1.4520101445759384    1.3410106426272164    1.2682095241736537    1.1816743367449034    0.8885414209751163    0.4719361150795159    0.271708078710192    0.3642053302613994    0.6145928064932713    0.8727008658944408    1.0573687629686175    1.056834617796853    1.1573592649130648    1.346511246676674    1.8412176384481636    2.751077921090336    3.8469950869928957    4.925103118059746    5.726486643023155    
6.186817552944967    5.972155340425301    4.740686758565236    3.1011216286893077    1.9156303151929521    1.4763243507612147    1.4608724505781008    1.3486762839279414    1.2723394113722026    1.1838796785699162    0.8907973130844679    0.4734660709761086    0.27240341894776265    0.3638388024628764    0.6127706139316225    0.8703863728365694    1.0550940690561255    1.0537800819401062    1.1571726869416525    1.351115790113053    1.8470214452730591    2.75550388588569    3.8497976126527913    4.9300027904603745    5.730642707314181    
6.1722458823681015    5.974918340975879    4.747272483372624    3.1074857300080594    1.9209363100243861    1.4815250122927899    1.4670382053332096    1.3549962860843823    1.2756835775904842    1.185825236428347    0.8927828308521002    0.47489560064492253    0.2732404903668417    0.3639026970255695    0.6116557338825084    0.8686702627431215    1.0533798042624571    1.0512889669464216    1.1575422188054532    1.356399904456487    1.8534776927224799    2.759824436370155    3.8535629989086013    4.93405382049349    5.72581770231614    
6.175935250412602    5.9790029897643935    4.746902000428391    3.1095871642839357    1.9248222486687234    1.4860742675577328    1.4726353706320778    1.3602372474474618    1.2784552541074794    1.1873959279196    0.8945969553835659    0.476346670077261    0.27421014550179307    0.36421456425376836    0.6108854091932945    0.8671516367213741    1.051216205472518    1.048009371298966    1.1575671807565566    1.3617697282605468    1.8601244651540656    2.7646567385970147    3.8563413608505708    4.931174589664397    5.73051213479548    
6.167791745998387    5.978849507219041    4.752613338818893    3.114528132930923    1.9295947029244296    1.4909910786293799    1.4782777167898116    1.36549053688641    1.2813159322961225    1.1889324045936205    0.8963658290536534    0.47760381846806266    0.27512707320156843    0.3644925373465187    0.6100135166601737    0.8656799573978523    1.0490556452704412    1.0448219754382806    1.1563268973220768    1.3646581051541402    1.86463040068802    2.767787886608689    3.857929552182221    4.934372753236988    5.731007424711877    
6.1727606228199825    5.976833136939439    4.754797774334757    3.1185400312287785    1.9332756898855303    1.4947925404116151    1.4829205973752595    1.369577144750026    1.2833409327638274    1.1900070687671482    0.8978145799441638    0.4786517494208133    0.2758168328978605    0.3645766235191273    0.6091068423000725    0.8640633989264059    1.0472151765171482    1.0423182950284031    1.1556370554905637    1.3669778646262905    1.8680203944857403    2.7701737366265764    3.8599104885600513    4.939561469288335    5.734329062655047    
6.181244366668044    5.986560774445565    4.7576393818816545    3.121987085272916    1.9375037456565252    1.4991737653901098    1.487906293055805    1.3737947323528628    1.2853416606677879    1.1909822247350295    0.8991834479668874    0.47974516706933135    0.27670658490893374    0.3648298454476677    0.6083016326714098    0.8624947697989439    1.045283243207229    1.0394816396611741    1.154418181261377    1.369140315121282    1.8712240195877519    2.771421353937902    3.8590577636986185    4.938742307927255    5.740057987282065    
6.188683428880028    5.992008763832094    4.761929525817698    3.1248061973813024    1.940020654166732    1.502206583220749    1.4923934389016569    1.3783076733465895    1.2880062860930783    1.192646394437391    0.9009596081043424    0.4810809447063923    0.2776104106033978    0.3651109752443345    0.6074574396523679    0.8610680584821655    1.0434392682334608    1.0366642955693883    1.1531781692991416    1.371437225659133    1.8746772672835774    2.7735139098643726    3.8591396628033325    4.940309623946252    5.738615566588641    
6.191759971644986    5.997018043287682    4.765503971403957    3.1273057923665166    1.9430871907511889    1.5055813196823862    1.4965143549403865    1.3816051060992198    1.2897007488405554    1.193806133188909    0.9024863945125111    0.4823077080929147    0.2785251970493576    0.3654514334248335    0.606779504645735    0.859730501383148    1.041837793342979    1.0342599604681826    1.1526746582185943    1.3740375306345567    1.877860126953555    2.7750171291653523    3.8592465256319364    4.9434442948067225    5.7398985407477445    
