0.10596851675749658    0.4622101805568171    1.362183059517775    2.4012679329285143    9.462250926689372    9.462250926689372    9.462250926689372    9.462250926689372    9.462250926689372    2.3216624064757085    1.2411980040262938    0.2817161496980027    0.0    0.3193808693406046    1.3330963558408462    2.7348852139901614    9.462250926689372    3.561315846522024    9.462250926689372    9.462250926689372    9.462250926689372    2.9063872321396134    1.7185888926541988    0.6239145348320725    0.1452900059745359    
0.19979467322587013    0.7918221737922452    1.986584226749894    3.764029056446996    5.806745620355288    7.460153552828764    7.779221094144299    7.030217849395403    5.270019199567193    3.2136715665343725    1.539684972760392    0.46954590188038525    0.1172392794818959    0.5088007963612062    1.6169510835733512    3.3159034634116042    5.230296014351176    6.923286137889474    8.230412210258125    8.00783182481899    6.268359843281076    4.1333816083183805    2.207754877236349    0.8888595663163937    0.22353841204758362    
0.20793706735448864    0.8065856540558666    2.00926838581292    3.7998072058108354    5.875266279070296    7.721118966843468    8.08870770335042    7.17873556275335    5.308121973104879    3.2358705258814706    1.5524059987094831    0.47634330518935586    0.12231914931454846    0.5163742456694578    1.6301459322094218    3.33348199898971    5.3040874673061476    7.058420796547749    8.334710337494595    7.770405605164968    6.31405431835238    4.148829721927628    2.2104323461627784    0.889078821895461    0.22748369676963426    
0.2113997395571893    0.8132365682181513    2.020733491569945    3.8135604008535906    5.8836139202199105    7.362438375800267    7.863471913751207    7.089732540818482    5.321828467063323    3.2459194835626506    1.5589918713623419    0.47990233637458957    0.12455017915113484    0.5188143203642677    1.6365147911842586    3.3441273448280704    5.331444577580941    7.199397368603706    8.422583431113058    7.9583412360214565    6.339736217685964    4.146881908077302    2.2101138642053106    0.8872726951568348    0.22788811710775067    
0.21453727255878052    0.8200856041143777    2.0302109139838627    3.8223974139490493    5.9032662155470055    7.396393677985631    7.798759982045139    7.079764027668149    5.316706814022822    3.253552190850589    1.5624136118304957    0.4826208128410866    0.12639818471078956    0.5213303119158715    1.6408670234389278    3.3547510206368893    5.35592517991552    7.239371507407554    8.1582166740173    7.793438353079771    6.354953935731877    4.145683784858006    2.208057964219734    0.8854377137388915    0.22775356911895717    
0.21729116418992056    0.8258646838894705    2.038646545721323    3.8374146441282333    5.927497998091246    7.4606185856638705    7.916958145547969    7.095524656455757    5.330705420787137    3.264694084938759    1.5684278565431313    0.48597279392276066    0.1282735482436072    0.5240196446539371    1.645472747021356    3.3636813622959267    5.383585447413566    7.266469344776963    8.209381896740101    7.821201501971846    6.360087589506584    4.147106146850254    2.208471355763083    0.8851073630323653    0.2279526587861994    
0.21983252171565484    0.8316984712424306    2.0470296036763784    3.847449613411045    5.937132473815746    7.478546537748967    7.983216802146694    7.1099364314695075    5.336098581707067    3.2715376923250314    1.5729889310297656    0.4881904054651952    0.12932342301122235    0.525138545795051    1.6481346138830104    3.3698581875730156    5.394054838524505    7.2033163533460565    8.130234546083862    7.873350792572127    6.352149026815933    4.141591764741258    2.203009224379695    0.8821004852608683    0.22746701046945605    
0.22222592611799513    0.8362300927456514    2.053407051404396    3.8559862822210844    5.952094281292761    7.520038479320833    8.061204679413548    7.091177073598677    5.334016338031009    3.27600657890771    1.5771068511642665    0.49048931508503024    0.13058564201056505    0.5264876313271207    1.6505773750699924    3.3753949056232577    5.406971228165873    7.244097930349504    8.212984040635995    7.92143987261579    6.349297566794513    4.142052965554048    2.2022434813080127    0.8811519518538944    0.2276301149736683    
0.22409328630233236    0.8404966352832456    2.060045127336729    3.8660204802853535    5.9688320651187405    7.574459230329428    8.106674695065449    7.111267545667547    5.339025249750202    3.280844168490688    1.5799090388006491    0.4917977851512337    0.13161311006671314    0.5280450642271536    1.6531035813352533    3.381768371870644    5.417860110621425    7.234562449724404    8.187197265675819    7.9481065308744245    6.372069414942976    4.142776315084846    2.200802029850453    0.8799341685069748    0.2276001050606666    
0.2263039447237949    0.8451499293958493    2.0665837298555285    3.8754618285047187    5.978845282025549    7.617242656089899    8.120216676323745    7.116017815159312    5.348656262632809    3.284553481540372    1.5826188331433435    0.4930761440791162    0.1325456072961228    0.529612100914796    1.655549992475415    3.38579090155898    5.427406600868904    7.245920901183381    8.166158942940436    7.921995727650114    6.359610349656242    4.1430121447969865    2.1996734603712556    0.8789366944585038    0.2277038261485993    
0.22792926261893084    0.8490003828895847    2.0721850131860573    3.8823217837837536    5.992855989624953    7.652627397393123    8.123697744095264    7.1165820682263226    5.347186152082164    3.2867678069212367    1.5842973419659856    0.49383987356991993    0.13310174477174835    0.5306779226725883    1.6575582354728466    3.389589111342027    5.443110107421477    7.277762339025539    8.178860887586142    7.933914201385397    6.360777018258192    4.140889566076459    2.197786774861239    0.877770647105241    0.22738969540619638    
0.2296199349240568    0.8527842248870322    2.0776640456174427    3.88966576929573    5.994483215055703    7.6786216107860925    8.11850823868925    7.122433605418965    5.353264821457186    3.2901071223846903    1.5861087944736834    0.49474391264959444    0.13374268059044814    0.5317977622250974    1.6597081468730517    3.3940542654973154    5.45338607965244    7.27193692867305    8.206429181646495    7.97660124272388    6.359004073985014    4.138923752735976    2.1962907857703735    0.8763706594713362    0.2270098250877377    
0.23113842223102943    0.8565714121006931    2.0835976120633912    3.896573723849133    6.008188410462207    7.70200829842273    8.151150458760213    7.142721741571917    5.3586971972431625    3.2931837138206874    1.5880658393413787    0.49568357056002077    0.13447386061471106    0.5330256961095432    1.6621411622433553    3.3987684506929035    5.458378027441669    7.296329827088871    8.235936570170752    7.971077167115696    6.346391541203833    4.137193408438815    2.1941231057797177    0.874867900759772    0.2265880010183168    
0.23253006868960457    0.8597096641939381    2.088365047001139    3.90201783916852    6.017459038950623    7.734137173798068    8.146154345780625    7.15234129736948    5.363735801167906    3.296671980141208    1.5904668480115653    0.4969387999386115    0.1352175037653311    0.5340985700899187    1.664054414127914    3.4022623537080925    5.465652512402822    7.318264783256632    8.271050914261567    7.9415205561254565    6.35445243272259    4.137621151443117    2.193362699315097    0.8738830192507837    0.22649393304151638    
0.23386333984884225    0.8625263152455329    2.0922628626864404    3.9073003787498033    6.022142121359466    7.754136522942127    8.1834069771305    7.175940010891051    5.369837285167669    3.2998891863195827    1.5924066417718634    0.49810703977493564    0.1360501254301836    0.5352872959295624    1.6663499950178149    3.4062615447204445    5.476232476378049    7.341668809137204    8.260942231109489    7.9058094715109375    6.348340878584926    4.137774075480194    2.1926953476860476    0.873374807927177    0.2266247001850521    
0.2349077037454521    0.8647628148538206    2.0956798537218577    3.9115544209515503    6.027581429704216    7.744031736058388    8.212022693096861    7.1958840401578525    5.371424391492918    3.302807794620553    1.5943918481489134    0.49923389441426724    0.13680643299042744    0.5364000055667297    1.6683968332516215    3.4095371421295178    5.48218418787926    7.3556992466342885    8.25089776122132    7.9009454185189725    6.34686437501056    4.13981479050336    2.1929534893324765    0.8732694565317447    0.2268020502560799    
0.2357847836572723    0.8668408796690577    2.098683428261917    3.9160455214251075    6.03690921588167    7.769704478364482    8.247725423718746    7.215256225251761    5.373197263895368    3.305376160027538    1.5959601395404244    0.5001710958841323    0.13740137992008733    0.5373108432737937    1.67007205844703    3.4126734629065862    5.487134999521443    7.358723448630049    8.277560066577246    7.928255041209437    6.3513033876521385    4.141613048361095    2.192836056843995    0.8730537028671578    0.22684363383273237    
0.23663663938437685    0.8688697872098734    2.1017211423760105    3.919845160400808    6.043222197852197    7.785262285483259    8.208333006652195    7.216308323254819    5.376439321290595    3.3073180166347806    1.5971291335686073    0.5006257068190981    0.13770992749606992    0.5379297502785009    1.6713190664901254    3.4146812508513538    5.495348881652124    7.37315435256318    8.301916035943414    7.915489616485356    6.352863678113167    4.140006485898958    2.1916555029370786    0.8724068415334727    0.22678509095196336    
0.23753794494226804    0.8706035319561276    2.104252127639088    3.9232427109074917    6.043313731629642    7.805926813565592    8.237459270538523    7.235969750624622    5.376642588207382    3.309282766989351    1.59858241410223    0.5012168771803586    0.13796210387732155    0.5384582913011077    1.672518549365271    3.4167622365415715    5.497550064471975    7.372034600655347    8.303875756900625    7.927745509781684    6.3659614408056    4.141092566934191    2.191685173358857    0.872180833723748    0.22684390012502167    
0.23852182213707102    0.8725880438813046    2.1072840816685456    3.926882629739248    6.04441632458565    7.817170683609116    8.249491854508566    7.2491883199281855    5.379511252884359    3.3117676766586746    1.599843252806222    0.5018036119686922    0.1382739321054569    0.5390185603490434    1.6737041204503504    3.418456405369344    5.5036478700369065    7.376266026844103    8.318725019454586    7.915247523099315    6.367858302376252    4.141071570444043    2.1911420165700166    0.8719130353437771    0.22705816183506933    
0.23939089216199688    0.8743927673735674    2.1098091636381846    3.9307082107019014    6.0501161989361405    7.814010978031058    8.265090115076482    7.260520752504254    5.383114117745798    3.3139722099950686    1.6010245962262524    0.5023534177658443    0.13859624391714492    0.5397195536591857    1.6748926552485819    3.4207062933356194    5.507742150071795    7.381171878404121    8.331162231569637    7.929652429528525    6.371272966838819    4.1408242241535875    2.19063814978756    0.8718403854833537    0.22726612850159061    
