2.9063872321396134    3.561315846522024    2.7348852139901614    1.7185888926541988    0.654948438722913    0.12811941674417932    0.26967210818715526    0.8041221922843298    1.1510402501989483    1.1304809927712498    1.7185888926541988    2.4012679329285143    9.462250926689372    2.6018574752378707    1.9084377260961731    1.362183059517775    1.0819860242375465    0.7811901492714517    0.20638366862055219    0.2150238168188945    0.5944165193667001    1.1204612712757072    1.6920885935844387    2.3216624064757085    2.493165673192076    
5.416425227893026    4.9825668996802435    4.236253428854627    2.505003154882897    0.8396502156802892    0.08752729641153638    0.3134986950683949    1.3217738363490812    2.118614982735672    2.472934436171665    3.1483859696102137    4.09847901790701    4.831958941943115    4.431673762905079    3.2119855733413933    2.3152429870935087    1.8349367854131482    1.0920536446937783    0.2970186596525523    0.15083528219498385    0.7972291531665319    1.88964159545385    2.673549836179396    3.743487636613284    4.891949181704622    
5.485047916885212    5.068773715204658    4.27660545858697    2.514258983847397    0.8381678619720637    0.08338977377386357    0.3095686131469067    1.3250678346366385    2.1622927687874087    2.5871090590619628    3.3067764762764296    4.2448708268923925    4.987097792309811    4.506748353853506    3.2647526101853006    2.3552614957467215    1.8761258629209423    1.1159400745083268    0.31301694130992835    0.1593350177490879    0.8060028066269431    1.9343993018815133    2.74084705910781    3.822920316590269    4.994423428688672    
5.5739500735533545    5.173516072239598    4.328292023417363    2.5171906876508636    0.83404540898648    0.07766994543837857    0.30400384385987933    1.3242997801346623    2.1736668939797896    2.611417485088877    3.3391206921262673    4.284590145607787    5.05348694463254    4.5484445279481545    3.290619718416759    2.3705733062754617    1.8909897544461405    1.1291646749565207    0.3237382798131193    0.1666441061155994    0.813868008034353    1.9599424078550995    2.7808709109489347    3.8663539829194367    5.032192678543414    
5.606863288907989    5.194721718584573    4.348805066992271    2.5184340785795394    0.830769257539426    0.07336437205337443    0.2997023151251094    1.3258803271105666    2.1981709552058817    2.655240463642829    3.3937153139493126    4.326107879043149    5.088496286546632    4.574475966033725    3.298055977981325    2.374077832104353    1.898321136641313    1.1398772538908035    0.33236572966756867    0.1730311899069385    0.8195948993645286    1.968888131657278    2.790468467914805    3.870693681293005    5.037732789227752    
5.619176367442652    5.2183640862729845    4.356081998206514    2.519455368977757    0.8290602257853763    0.07068488137757488    0.2963634808855735    1.3263730974968755    2.2174226777950095    2.6876575367959648    3.4343147738303395    4.3589922331936375    5.120907827187309    4.599398045263119    3.307621959735098    2.386401324115315    1.9134467880670516    1.1520651862632951    0.3402213961046855    0.17694692752235153    0.8233699407096197    1.99371205554048    2.8392730470214484    3.92021631960622    5.068662656203552    
5.625423652105835    5.216001751181646    4.347103329465297    2.5182001102840066    0.8261323922516903    0.06672898457758403    0.29233657192350315    1.3255967424548754    2.2333368896115657    2.71890454881639    3.4723605802566726    4.391233090627385    5.157488210095071    4.605337149872781    3.3101662674288934    2.389148887428468    1.9197197608101624    1.1615392288234312    0.3480266123482484    0.1822656412738795    0.8282958042310529    1.9953470995806804    2.8261625575576264    3.905522366804608    5.05829344583106    
5.627018291155841    5.220918722105319    4.3646846777672215    2.519626265342059    0.8245761063001784    0.06445160110531302    0.2899784405645404    1.325806571223369    2.2424780547859084    2.729201078301972    3.4823315993661974    4.406326022601385    5.175514710029018    4.616057675325699    3.3200886463318704    2.39721479856934    1.929115360228626    1.1702652033438732    0.3539462168141406    0.18605810592275665    0.8324574938403138    2.005319479502503    2.840642158434365    3.9213487938475398    5.063892263237072    
5.640393006638602    5.237104678348774    4.374177840257159    2.519270664698593    0.8224408895970454    0.061455687229972966    0.28676358201640745    1.3255102410597208    2.2540348623572544    2.7470636002061326    3.5003906009855434    4.423030839283499    5.185361075679413    4.621112885396873    3.323900716344904    2.4010473564610955    1.9358790162562298    1.1784230486368534    0.35973536225811814    0.1903416649704578    0.8369561673284618    2.014449534596441    2.859326780109253    3.937822433184003    5.072958201348264    
5.633585714929609    5.227249034473704    4.369208159334365    2.518393877376666    0.8207177678014258    0.05889781702265482    0.28413471072679075    1.3255294364417154    2.2672080889762993    2.7634044005999763    3.5150438185837913    4.441442533303173    5.208755683540548    4.6302659913086845    3.3327242600509517    2.4096881356226105    1.9457857376678045    1.1870721119756993    0.36577763157604637    0.19404519412765947    0.8402877329581058    2.0214079672667693    2.8702818150775684    3.946086892210102    5.0805427384986634    
5.6171035781398295    5.2089173099018655    4.356158792927596    2.5171637248926113    0.8189002577994297    0.05619507317078533    0.28150356850017294    1.3246058472275566    2.2725795055969393    2.7678192519374387    3.516339422238478    4.436575206964172    5.204435050785116    4.63423919768271    3.339801089172151    2.4185232272078547    1.954648512650163    1.1944862718467983    0.37119991318345097    0.19724735773671623    0.8432621210917544    2.026066107642477    2.876829601847976    3.953371880586519    5.083978654409681    
5.602509148680319    5.188522118145262    4.34496147018076    2.515326864560693    0.8165083909067452    0.05345114444202719    0.2786144943771738    1.3232935065359146    2.2770386430923892    2.7692933617697824    3.511529845231254    4.4289306976576155    5.196820848761642    4.635182818241261    3.3475657074771283    2.4288588765835546    1.9644622380965253    1.2020545033739307    0.3768484275259585    0.20088616494595107    0.8467282420819536    2.0312642920680597    2.8827801878296513    3.9605668876607996    5.087934762847791    
5.605103493480478    5.190687353693276    4.342003707020095    2.5141302522528237    0.8145991453411612    0.05105732677530322    0.2761867414407746    1.3223698606212755    2.284212461540745    2.78225263445832    3.527009491869813    4.444679671015161    5.2121960066418715    4.642518216462118    3.3536314061037897    2.436202079121797    1.9705090551941171    1.2085760540099166    0.3819971400430258    0.2042570058678114    0.8501045072099541    2.0340601329271264    2.8800495092207767    3.9558500789447546    5.084761759393963    
5.608918635406126    5.189858933043911    4.347076819322145    2.513700315820287    0.8130374283647909    0.04922968899348199    0.27457778981541564    1.3216763354066787    2.286973554806115    2.7832096608281254    3.526358770157744    4.439599901590509    5.204178008985978    4.644352149512288    3.3620655485380655    2.446509243212501    1.980135842409337    1.214870723395896    0.38645991094805365    0.20688899040260952    0.8526678525591731    2.0413641655659287    2.889658631538091    3.964386300941468    5.090527330746323    
5.614279171719846    5.196558961252713    4.350714748745558    2.513265127933071    0.8116330444097808    0.04760656864163532    0.27305478274321376    1.3215659707346068    2.2946925184465865    2.7948999473334992    3.5372392530193686    4.444688078162637    5.20991484611238    4.653586100144895    3.3722511034625766    2.4567735955785603    1.9901771880037022    1.220723625859053    0.3904584728621572    0.20936887648818805    0.8551517247444849    2.049453911642656    2.902337186497963    3.9758949521951394    5.1020299844715575    
5.616675691171299    5.196282352940984    4.347750460169217    2.512832602073967    0.8103991351531029    0.046317782837414785    0.2720479643723567    1.3214558975005704    2.297755013206369    2.7964119780684786    3.536282618394126    4.441734543428323    5.207042992812954    4.6597979621156185    3.3811475536832667    2.466837485793984    1.999048485479436    1.2257465361585744    0.393834386824829    0.2114723442683598    0.8573711247659362    2.059004142175415    2.9193511109098544    3.9916301499758147    5.1120703221789014    
5.615738864932755    5.195648023668722    4.347839849769538    2.512431106264255    0.8090491013289554    0.04482633708753788    0.27061966252241465    1.3207754434773589    2.3013551422968574    2.7993759010157366    3.5384857995633308    4.444495518184845    5.213672106526507    4.666947937520186    3.3885357231275997    2.4741421503184773    2.0057524376641425    1.2304803350404268    0.3973302143886406    0.2137000113255506    0.8595791698911915    2.0668314683843545    2.933798385108752    4.004652806106549    5.119311201256791    
5.616724303589194    5.197080577102677    4.349187624526786    2.5114613408797597    0.8072245662883675    0.04280812603670711    0.2686786940704844    1.319179508233395    2.3030061204437278    2.803074774233885    3.5407522246185463    4.4456895485886925    5.2132534253318665    4.6728994237023755    3.3943339359496054    2.4799339171979407    2.010979082865297    1.2349325290881015    0.40127407456118247    0.2165015802449331    0.861932551853783    2.069352597951853    2.9357483656369485    4.006118217184017    5.118808287934152    
5.618144367125568    5.19170875853036    4.345341355511774    2.5104558263986667    0.8053663556095579    0.04090764667980572    0.2667204938614019    1.3175244815340315    2.303309504559169    2.8042168184420224    3.544053178295731    4.450074128440975    5.2145243329401065    4.676167917597386    3.4001304073749825    2.486109836258368    2.016673800100802    1.2389737261376184    0.4049264989072955    0.21933656742827776    0.8646763219025627    2.0762653363791683    2.948235210415458    4.018655029279538    5.128036055531102    
5.618748693766983    5.19146181025252    4.343067132604701    2.5093329500158243    0.8037829734182658    0.03931706725366342    0.2650979334631375    1.315993109495218    2.3044297554067823    2.8074798816394986    3.5482809526015835    4.450739671970479    5.214070106658106    4.679319198059784    3.405201824118034    2.4923455991878463    2.0226161995161944    1.243366736193634    0.40857040813539325    0.2218769931091759    0.8671970317358271    2.081105851955299    2.9540079184225903    4.023661387917457    5.130926654041313    
5.619218439492214    5.193237476788784    4.343861770266026    2.5083846972340553    0.802242694637215    0.03773921007991064    0.2636406789845586    1.3148827282268232    2.3050836613618557    2.807913687274783    3.5469129153716694    4.446355038633817    5.207433260244093    4.683616964688806    3.411763557424883    2.4993417439556613    2.0281238320838963    1.2476846044773484    0.41203744267594233    0.2244012071173097    0.8696134196352364    2.0854051477385203    2.9608286263410846    4.029455460645933    5.1343744830307525    
