-3.141592653589793116e+00 -3.141592653589793116e+00 1.800799557342147139e+00
-3.141592653589793116e+00 -2.932153143350473723e+00 1.145769877459158259e+00
-3.141592653589793116e+00 -2.722713633111154330e+00 1.001910275050992283e+00
-3.141592653589793116e+00 -2.513274122871834493e+00 1.272461787599739491e+00
-3.141592653589793116e+00 -2.303834612632515100e+00 1.526737522439414185e+00
-3.141592653589793116e+00 -2.094395102393195707e+00 1.419777194099043349e+00
-3.141592653589793116e+00 -1.884955592153875870e+00 1.225194503869119433e+00
-3.141592653589793116e+00 -1.675516081914556921e+00 1.129234068865101470e+00
-3.141592653589793116e+00 -1.466076571675237084e+00 1.097408172049782582e+00
-3.141592653589793116e+00 -1.256637061435917246e+00 9.051261006631373673e-01
-3.141592653589793116e+00 -1.047197551196598297e+00 6.787902040278636084e-01
-3.141592653589793116e+00 -8.377580409572784603e-01 9.961157341705911827e-01
-3.141592653589793116e+00 -6.283185307179586232e-01 2.162234433080368223e+00
-3.141592653589793116e+00 -4.188790204786396743e-01 3.953891635491481260e+00
-3.141592653589793116e+00 -2.094395102393198371e-01 5.553056888168228511e+00
-3.141592653589793116e+00 0.000000000000000000e+00 5.573008095740349610e+00
-3.141592653589793116e+00 2.094395102393195318e-01 5.573008095740349610e+00
-3.141592653589793116e+00 4.188790204786390636e-01 4.117742732484297896e+00
-3.141592653589793116e+00 6.283185307179586232e-01 2.892969984332557143e+00
-3.141592653589793116e+00 8.377580409572781273e-01 2.013878191993953681e+00
-3.141592653589793116e+00 1.047197551196597631e+00 1.362499367120007854e+00
-3.141592653589793116e+00 1.256637061435917246e+00 9.728893575845799502e-01
-3.141592653589793116e+00 1.466076571675236861e+00 9.866631965607416399e-01
-3.141592653589793116e+00 1.675516081914556255e+00 1.413230408073915978e+00
-3.141592653589793116e+00 1.884955592153875870e+00 1.998945937103587589e+00
-3.141592653589793116e+00 2.094395102393195263e+00 2.379183018915373538e+00
-3.141592653589793116e+00 2.303834612632514656e+00 2.559751496446820873e+00
-3.141592653589793116e+00 2.513274122871834049e+00 3.551012457718004001e+00
-3.141592653589793116e+00 2.722713633111153886e+00 4.150572630661359064e+00
-3.141592653589793116e+00 2.932153143350473279e+00 3.518029056194318827e+00
-3.141592653589793116e+00 3.141592653589792672e+00 2.720432819344005271e+00
-2.932153143350473723e+00 -3.141592653589793116e+00 2.256010650759544767e+00
-2.932153143350473723e+00 -2.932153143350473723e+00 1.607387523753372793e+00
-2.932153143350473723e+00 -2.722713633111154330e+00 1.447345876308859136e+00
-2.932153143350473723e+00 -2.513274122871834493e+00 1.675886501159436826e+00
-2.932153143350473723e+00 -2.303834612632515100e+00 1.922588984471104823e+00
-2.932153143350473723e+00 -2.094395102393195707e+00 1.842460283997246151e+00
-2.932153143350473723e+00 -1.884955592153875870e+00 1.629673257546311760e+00
-2.932153143350473723e+00 -1.675516081914556921e+00 1.493558817526244642e+00
-2.932153143350473723e+00 -1.466076571675237084e+00 1.476469048289612562e+00
-2.932153143350473723e+00 -1.256637061435917246e+00 1.399837035774543104e+00
-2.932153143350473723e+00 -1.047197551196598297e+00 1.325947075566260125e+00
-2.932153143350473723e+00 -8.377580409572784603e-01 1.742706307845397706e+00
-2.932153143350473723e+00 -6.283185307179586232e-01 2.988439029038344685e+00
-2.932153143350473723e+00 -4.188790204786396743e-01 4.755094519042385670e+00
-2.932153143350473723e+00 -2.094395102393198371e-01 5.988180886349930176e+00
-2.932153143350473723e+00 0.000000000000000000e+00 5.603221388912287715e+00
-2.932153143350473723e+00 2.094395102393195318e-01 5.603221388912287715e+00
-2.932153143350473723e+00 4.188790204786390636e-01 4.102453298511927748e+00
-2.932153143350473723e+00 6.283185307179586232e-01 2.829307227871812103e+00
-2.932153143350473723e+00 8.377580409572781273e-01 1.975585768176129520e+00
-2.932153143350473723e+00 1.047197551196597631e+00 1.429965503535091997e+00
-2.932153143350473723e+00 1.256637061435917246e+00 1.147219603995603077e+00
-2.932153143350473723e+00 1.466076571675236861e+00 1.198683788297228769e+00
-2.932153143350473723e+00 1.675516081914556255e+00 1.626779438698573887e+00
-2.932153143350473723e+00 1.884955592153875870e+00 2.289401180694648819e+00
-2.932153143350473723e+00 2.094395102393195263e+00 2.826828897948254760e+00
-2.932153143350473723e+00 2.303834612632514656e+00 3.104320449699688567e+00
-2.932153143350473723e+00 2.513274122871834049e+00 4.106452717591188240e+00
-2.932153143350473723e+00 2.722713633111153886e+00 4.675136215542661233e+00
-2.932153143350473723e+00 2.932153143350473279e+00 3.985546555670384627e+00
-2.932153143350473723e+00 3.141592653589792672e+00 3.169842535865988076e+00
-2.722713633111154330e+00 -3.141592653589793116e+00 2.805768272023138721e+00
-2.722713633111154330e+00 -2.932153143350473723e+00 2.171471503910333389e+00
-2.722713633111154330e+00 -2.722713633111154330e+00 1.988796189478177823e+00
-2.722713633111154330e+00 -2.513274122871834493e+00 2.133192565370167326e+00
-2.722713633111154330e+00 -2.303834612632515100e+00 2.258006436617589152e+00
-2.722713633111154330e+00 -2.094395102393195707e+00 2.161717551659715131e+00
-2.722713633111154330e+00 -1.884955592153875870e+00 1.956275912561280528e+00
-2.722713633111154330e+00 -1.675516081914556921e+00 1.795492686803878080e+00
-2.722713633111154330e+00 -1.466076571675237084e+00 1.774139645708595836e+00
-2.722713633111154330e+00 -1.256637061435917246e+00 1.780511178868322109e+00
-2.722713633111154330e+00 -1.047197551196598297e+00 1.899748225994884798e+00
-2.722713633111154330e+00 -8.377580409572784603e-01 2.506454807379015381e+00
-2.722713633111154330e+00 -6.283185307179586232e-01 3.853339888267052871e+00
-2.722713633111154330e+00 -4.188790204786396743e-01 5.473652741733049609e+00
-2.722713633111154330e+00 -2.094395102393198371e-01 6.296815065903963671e+00
-2.722713633111154330e+00 0.000000000000000000e+00 5.761711171665800713e+00
-2.722713633111154330e+00 2.094395102393195318e-01 5.761711171665800713e+00
-2.722713633111154330e+00 4.188790204786390636e-01 4.265743769840270261e+00
-2.722713633111154330e+00 6.283185307179586232e-01 3.119767134377537499e+00
-2.722713633111154330e+00 8.377580409572781273e-01 2.314782285683331775e+00
-2.722713633111154330e+00 1.047197551196597631e+00 1.774614157865073594e+00
-2.722713633111154330e+00 1.256637061435917246e+00 1.487650801079201557e+00
-2.722713633111154330e+00 1.466076571675236861e+00 1.495142760298952656e+00
-2.722713633111154330e+00 1.675516081914556255e+00 1.853014220344744167e+00
-2.722713633111154330e+00 1.884955592153875870e+00 2.573092285069467522e+00
-2.722713633111154330e+00 2.094395102393195263e+00 3.422696878310789614e+00
-2.722713633111154330e+00 2.303834612632514656e+00 3.989299853044724564e+00
-2.722713633111154330e+00 2.513274122871834049e+00 4.953462362322560431e+00
-2.722713633111154330e+00 2.722713633111153886e+00 5.321820194547735028e+00
-2.722713633111154330e+00 2.932153143350473279e+00 4.551700721477168088e+00
-2.722713633111154330e+00 3.141592653589792672e+00 3.680423826545136556e+00
-2.513274122871834493e+00 -3.141592653589793116e+00 3.355404269870069456e+00
-2.513274122871834493e+00 -2.932153143350473723e+00 2.737964108014047770e+00
-2.513274122871834493e+00 -2.722713633111154330e+00 2.515078230396193604e+00
-2.513274122871834493e+00 -2.513274122871834493e+00 2.543494596690480947e+00
-2.513274122871834493e+00 -2.303834612632515100e+00 2.508150350086388425e+00
-2.513274122871834493e+00 -2.094395102393195707e+00 2.359100712267560240e+00
-2.513274122871834493e+00 -1.884955592153875870e+00 2.168914891361601427e+00
-2.513274122871834493e+00 -1.675516081914556921e+00 2.006545483412813358e+00
-2.513274122871834493e+00 -1.466076571675237084e+00 1.951063213010672204e+00
-2.513274122871834493e+00 -1.256637061435917246e+00 1.957414462819972556e+00
-2.513274122871834493e+00 -1.047197551196598297e+00 2.192804094393329351e+00
-2.513274122871834493e+00 -8.377580409572784603e-01 2.994784563193748195e+00
-2.513274122871834493e+00 -6.283185307179586232e-01 4.444823068419198719e+00
-2.513274122871834493e+00 -4.188790204786396743e-01 5.845088350629849216e+00
-2.513274122871834493e+00 -2.094395102393198371e-01 6.449584890561405714e+00
-2.513274122871834493e+00 0.000000000000000000e+00 5.432741715834498386e+00
-2.513274122871834493e+00 2.094395102393195318e-01 5.432741715834498386e+00
-2.513274122871834493e+00 4.188790204786390636e-01 4.306033219459596495e+00
-2.513274122871834493e+00 6.283185307179586232e-01 3.596604422305408555e+00
-2.513274122871834493e+00 8.377580409572781273e-01 2.798964076509435461e+00
-2.513274122871834493e+00 1.047197551196597631e+00 2.196504040110176526e+00
-2.513274122871834493e+00 1.256637061435917246e+00 1.875696471917688957e+00
-2.513274122871834493e+00 1.466076571675236861e+00 1.829214198586842421e+00
-2.513274122871834493e+00 1.675516081914556255e+00 2.112389300252030644e+00
-2.513274122871834493e+00 1.884955592153875870e+00 2.835997928947653790e+00
-2.513274122871834493e+00 2.094395102393195263e+00 3.963958413967631600e+00
-2.513274122871834493e+00 2.303834612632514656e+00 5.115731700149843242e+00
-2.513274122871834493e+00 2.513274122871834049e+00 6.088125932563252185e+00
-2.513274122871834493e+00 2.722713633111153886e+00 5.964670577648259808e+00
-2.513274122871834493e+00 2.932153143350473279e+00 5.036787614000726165e+00
-2.513274122871834493e+00 3.141592653589792672e+00 4.191391176391471518e+00
-2.303834612632515100e+00 -3.141592653589793116e+00 3.829025200329134293e+00
-2.303834612632515100e+00 -2.932153143350473723e+00 3.207635898297431787e+00
-2.303834612632515100e+00 -2.722713633111154330e+00 2.914573613417160924e+00
-2.303834612632515100e+00 -2.513274122871834493e+00 2.824864138424847848e+00
-2.303834612632515100e+00 -2.303834612632515100e+00 2.675434162722136744e+00
-2.303834612632515100e+00 -2.094395102393195707e+00 2.452055613825975477e+00
-2.303834612632515100e+00 -1.884955592153875870e+00 2.226258712833251607e+00
-2.303834612632515100e+00 -1.675516081914556921e+00 2.035465616435162772e+00
-2.303834612632515100e+00 -1.466076571675237084e+00 1.934764958001225388e+00
-2.303834612632515100e+00 -1.256637061435917246e+00 1.951385917039330398e+00
-2.303834612632515100e+00 -1.047197551196598297e+00 2.274907087472651579e+00
-2.303834612632515100e+00 -8.377580409572784603e-01 3.181618755956267641e+00
-2.303834612632515100e+00 -6.283185307179586232e-01 4.665779467851185913e+00
-2.303834612632515100e+00 -4.188790204786396743e-01 6.059165093911229150e+00
-2.303834612632515100e+00 -2.094395102393198371e-01 6.683493076187425608e+00
-2.303834612632515100e+00 0.000000000000000000e+00 4.910603865563833992e+00
-2.303834612632515100e+00 2.094395102393195318e-01 4.910603865563833992e+00
-2.303834612632515100e+00 4.188790204786390636e-01 3.877183437051188619e+00
-2.303834612632515100e+00 6.283185307179586232e-01 3.676382128238945057e+00
-2.303834612632515100e+00 8.377580409572781273e-01 2.990473656549137882e+00
-2.303834612632515100e+00 1.047197551196597631e+00 2.349061645786272745e+00
-2.303834612632515100e+00 1.256637061435917246e+00 2.040998006218806893e+00
-2.303834612632515100e+00 1.466076571675236861e+00 2.026745469835058433e+00
-2.303834612632515100e+00 1.675516081914556255e+00 2.324545093050887967e+00
-2.303834612632515100e+00 1.884955592153875870e+00 3.062178689974126122e+00
-2.303834612632515100e+00 2.094395102393195263e+00 4.399976086712088730e+00
-2.303834612632515100e+00 2.303834612632514656e+00 6.208269603433713257e+00
-2.303834612632515100e+00 2.513274122871834049e+00 6.949878472278292030e+00
-2.303834612632515100e+00 2.722713633111153886e+00 6.284771186155171385e+00
-2.303834612632515100e+00 2.932153143350473279e+00 5.414783139968210257e+00
-2.303834612632515100e+00 3.141592653589792672e+00 4.613583291335252135e+00
-2.094395102393195707e+00 -3.141592653589793116e+00 4.098832075185844026e+00
-2.094395102393195707e+00 -2.932153143350473723e+00 3.453494228155849832e+00
-2.094395102393195707e+00 -2.722713633111154330e+00 3.060081517017553931e+00
-2.094395102393195707e+00 -2.513274122871834493e+00 2.825049530020288469e+00
-2.094395102393195707e+00 -2.303834612632515100e+00 2.603864036705051177e+00
-2.094395102393195707e+00 -2.094395102393195707e+00 2.297169440978964694e+00
-2.094395102393195707e+00 -1.884955592153875870e+00 1.990421602493705588e+00
-2.094395102393195707e+00 -1.675516081914556921e+00 1.782497430173274111e+00
-2.094395102393195707e+00 -1.466076571675237084e+00 1.721314161137419863e+00
-2.094395102393195707e+00 -1.256637061435917246e+00 1.817591549504669945e+00
-2.094395102393195707e+00 -1.047197551196598297e+00 2.249084923098791045e+00
-2.094395102393195707e+00 -8.377580409572784603e-01 3.224702352154695362e+00
-2.094395102393195707e+00 -6.283185307179586232e-01 4.720388886092541370e+00
-2.094395102393195707e+00 -4.188790204786396743e-01 6.167731167630861933e+00
-2.094395102393195707e+00 -2.094395102393198371e-01 6.854395919072107546e+00
-2.094395102393195707e+00 0.000000000000000000e+00 4.481934408970082551e+00
-2.094395102393195707e+00 2.094395102393195318e-01 4.481934408970082551e+00
-2.094395102393195707e+00 4.188790204786390636e-01 3.447284749834419237e+00
-2.094395102393195707e+00 6.283185307179586232e-01 3.491259435492544583e+00
-2.094395102393195707e+00 8.377580409572781273e-01 3.133898570999473332e+00
-2.094395102393195707e+00 1.047197551196597631e+00 2.530642801353708116e+00
-2.094395102393195707e+00 1.256637061435917246e+00 2.276351766371167429e+00
-2.094395102393195707e+00 1.466076571675236861e+00 2.312534733428059930e+00
-2.094395102393195707e+00 1.675516081914556255e+00 2.622120013671020988e+00
-2.094395102393195707e+00 1.884955592153875870e+00 3.358077939628194564e+00
-2.094395102393195707e+00 2.094395102393195263e+00 4.681394350743752319e+00
-2.094395102393195707e+00 2.303834612632514656e+00 6.514683905385592055e+00
-2.094395102393195707e+00 2.513274122871834049e+00 7.116728425071784159e+00
-2.094395102393195707e+00 2.722713633111153886e+00 6.391996734174973938e+00
-2.094395102393195707e+00 2.932153143350473279e+00 5.537667898788934728e+00
-2.094395102393195707e+00 3.141592653589792672e+00 4.853085577412906915e+00
-1.884955592153875870e+00 -3.141592653589793116e+00 4.074283758718205029e+00
-1.884955592153875870e+00 -2.932153143350473723e+00 3.375037805994706375e+00
-1.884955592153875870e+00 -2.722713633111154330e+00 2.882803833646767622e+00
-1.884955592153875870e+00 -2.513274122871834493e+00 2.548981718595689561e+00
-1.884955592153875870e+00 -2.303834612632515100e+00 2.260137658256886173e+00
-1.884955592153875870e+00 -2.094395102393195707e+00 1.910635829870743763e+00
-1.884955592153875870e+00 -1.884955592153875870e+00 1.599798325394422349e+00
-1.884955592153875870e+00 -1.675516081914556921e+00 1.426006512554867545e+00
-1.884955592153875870e+00 -1.466076571675237084e+00 1.428266787859968634e+00
-1.884955592153875870e+00 -1.256637061435917246e+00 1.610382203555440483e+00
-1.884955592153875870e+00 -1.047197551196598297e+00 2.132307902644102082e+00
-1.884955592153875870e+00 -8.377580409572784603e-01 3.181548296216778926e+00
-1.884955592153875870e+00 -6.283185307179586232e-01 4.599030710823208246e+00
-1.884955592153875870e+00 -4.188790204786396743e-01 6.130482277591508655e+00
-1.884955592153875870e+00 -2.094395102393198371e-01 6.583216393473868777e+00
-1.884955592153875870e+00 0.000000000000000000e+00 4.228646509133520581e+00
-1.884955592153875870e+00 2.094395102393195318e-01 4.228646509133520581e+00
-1.884955592153875870e+00 4.188790204786390636e-01 3.145694438964800277e+00
-1.884955592153875870e+00 6.283185307179586232e-01 3.206879276811934965e+00
-1.884955592153875870e+00 8.377580409572781273e-01 3.384532774486824103e+00
-1.884955592153875870e+00 1.047197551196597631e+00 2.982635971226205385e+00
-1.884955592153875870e+00 1.256637061435917246e+00 2.759408165107500199e+00
-1.884955592153875870e+00 1.466076571675236861e+00 2.764601766094880286e+00
-1.884955592153875870e+00 1.675516081914556255e+00 2.984567670763469849e+00
-1.884955592153875870e+00 1.884955592153875870e+00 3.588253206162706377e+00
-1.884955592153875870e+00 2.094395102393195263e+00 4.877158964666662655e+00
-1.884955592153875870e+00 2.303834612632514656e+00 6.835618325567278220e+00
-1.884955592153875870e+00 2.513274122871834049e+00 7.258139157647835127e+00
-1.884955592153875870e+00 2.722713633111153886e+00 6.431716936237365623e+00
-1.884955592153875870e+00 2.932153143350473279e+00 5.570511968719005225e+00
-1.884955592153875870e+00 3.141592653589792672e+00 4.785161770181137975e+00
-1.675516081914556921e+00 -3.141592653589793116e+00 3.768590345962389954e+00
-1.675516081914556921e+00 -2.932153143350473723e+00 3.053095061135743027e+00
-1.675516081914556921e+00 -2.722713633111154330e+00 2.515608286409209526e+00
-1.675516081914556921e+00 -2.513274122871834493e+00 2.152419653694286783e+00
-1.675516081914556921e+00 -2.303834612632515100e+00 1.873047359852534566e+00
-1.675516081914556921e+00 -2.094395102393195707e+00 1.590424594341032449e+00
-1.675516081914556921e+00 -1.884955592153875870e+00 1.331040223705945547e+00
-1.675516081914556921e+00 -1.675516081914556921e+00 1.187624231170030686e+00
-1.675516081914556921e+00 -1.466076571675237084e+00 1.184062888788892653e+00
-1.675516081914556921e+00 -1.256637061435917246e+00 1.363578626590505216e+00
-1.675516081914556921e+00 -1.047197551196598297e+00 1.911615647743614588e+00
-1.675516081914556921e+00 -8.377580409572784603e-01 2.975968449250250725e+00
-1.675516081914556921e+00 -6.283185307179586232e-01 4.407128445671741446e+00
-1.675516081914556921e+00 -4.188790204786396743e-01 5.813479547197798247e+00
-1.675516081914556921e+00 -2.094395102393198371e-01 6.516034184678995977e+00
-1.675516081914556921e+00 0.000000000000000000e+00 4.162738786106063849e+00
-1.675516081914556921e+00 2.094395102393195318e-01 4.162738786106063849e+00
-1.675516081914556921e+00 4.188790204786390636e-01 2.954260147972317174e+00
-1.675516081914556921e+00 6.283185307179586232e-01 2.922019661393210122e+00
-1.675516081914556921e+00 8.377580409572781273e-01 3.272420149872862005e+00
-1.675516081914556921e+00 1.047197551196597631e+00 3.212672917241296666e+00
-1.675516081914556921e+00 1.256637061435917246e+00 2.948499740872390973e+00
-1.675516081914556921e+00 1.466076571675236861e+00 2.884116343111947423e+00
-1.675516081914556921e+00 1.675516081914556255e+00 3.102484113608936056e+00
-1.675516081914556921e+00 1.884955592153875870e+00 3.758186782922717128e+00
-1.675516081914556921e+00 2.094395102393195263e+00 5.118577949655984227e+00
-1.675516081914556921e+00 2.303834612632514656e+00 6.906700422981848497e+00
-1.675516081914556921e+00 2.513274122871834049e+00 7.221723565604611927e+00
-1.675516081914556921e+00 2.722713633111153886e+00 6.308152680705180870e+00
-1.675516081914556921e+00 2.932153143350473279e+00 5.326764555219164698e+00
-1.675516081914556921e+00 3.141592653589792672e+00 4.538665331702890882e+00
-1.466076571675237084e+00 -3.141592653589793116e+00 3.332779764716280901e+00
-1.466076571675237084e+00 -2.932153143350473723e+00 2.643769950998390961e+00
-1.466076571675237084e+00 -2.722713633111154330e+00 2.136181168560303156e+00
-1.466076571675237084e+00 -2.513274122871834493e+00 1.815949369581338679e+00
-1.466076571675237084e+00 -2.303834612632515100e+00 1.617811907860326137e+00
-1.466076571675237084e+00 -2.094395102393195707e+00 1.411575031326549823e+00
-1.466076571675237084e+00 -1.884955592153875870e+00 1.181241804217359359e+00
-1.466076571675237084e+00 -1.675516081914556921e+00 1.003726568064491786e+00
-1.466076571675237084e+00 -1.466076571675237084e+00 9.414251398892309330e-01
-1.466076571675237084e+00 -1.256637061435917246e+00 1.081584907200443979e+00
-1.466076571675237084e+00 -1.047197551196598297e+00 1.613345956294590433e+00
-1.466076571675237084e+00 -8.377580409572784603e-01 2.636910170860611746e+00
-1.466076571675237084e+00 -6.283185307179586232e-01 3.968575610950239252e+00
-1.466076571675237084e+00 -4.188790204786396743e-01 5.387088611480399969e+00
-1.466076571675237084e+00 -2.094395102393198371e-01 6.260508448957911476e+00
-1.466076571675237084e+00 0.000000000000000000e+00 4.165196856478329934e+00
-1.466076571675237084e+00 2.094395102393195318e-01 4.165196856478329934e+00
-1.466076571675237084e+00 4.188790204786390636e-01 2.827606612620026549e+00
-1.466076571675237084e+00 6.283185307179586232e-01 2.664594903926643887e+00
-1.466076571675237084e+00 8.377580409572781273e-01 2.915977388618562038e+00
-1.466076571675237084e+00 1.047197551196597631e+00 2.810737768360163980e+00
-1.466076571675237084e+00 1.256637061435917246e+00 2.485017424585412193e+00
-1.466076571675237084e+00 1.466076571675236861e+00 2.477854568187327189e+00
-1.466076571675237084e+00 1.675516081914556255e+00 2.950562845340312990e+00
-1.466076571675237084e+00 1.884955592153875870e+00 3.868773117905691450e+00
-1.466076571675237084e+00 2.094395102393195263e+00 5.233816479564181279e+00
-1.466076571675237084e+00 2.303834612632514656e+00 6.365162749832425249e+00
-1.466076571675237084e+00 2.513274122871834049e+00 6.370433789039497086e+00
-1.466076571675237084e+00 2.722713633111153886e+00 5.817235531719295416e+00
-1.466076571675237084e+00 2.932153143350473279e+00 5.048202071401290070e+00
-1.466076571675237084e+00 3.141592653589792672e+00 4.121773314688621070e+00
-1.256637061435917246e+00 -3.141592653589793116e+00 2.948690406349038895e+00
-1.256637061435917246e+00 -2.932153143350473723e+00 2.274253068859981575e+00
-1.256637061435917246e+00 -2.722713633111154330e+00 1.775136129803160490e+00
-1.256637061435917246e+00 -2.513274122871834493e+00 1.474939636801032794e+00
-1.256637061435917246e+00 -2.303834612632515100e+00 1.312227440989568450e+00
-1.256637061435917246e+00 -2.094395102393195707e+00 1.112474086576459964e+00
-1.256637061435917246e+00 -1.884955592153875870e+00 8.388595866250120325e-01
-1.256637061435917246e+00 -1.675516081914556921e+00 6.170702625783669459e-01
-1.256637061435917246e+00 -1.466076571675237084e+00 5.604803017067819804e-01
-1.256637061435917246e+00 -1.256637061435917246e+00 7.619627174174877782e-01
-1.256637061435917246e+00 -1.047197551196598297e+00 1.329074973330847342e+00
-1.256637061435917246e+00 -8.377580409572784603e-01 2.316808223469689842e+00
-1.256637061435917246e+00 -6.283185307179586232e-01 3.554436004648991343e+00
-1.256637061435917246e+00 -4.188790204786396743e-01 4.864153829169280741e+00
-1.256637061435917246e+00 -2.094395102393198371e-01 5.933341724277052087e+00
-1.256637061435917246e+00 0.000000000000000000e+00 4.200162444589231825e+00
-1.256637061435917246e+00 2.094395102393195318e-01 4.200162444589231825e+00
-1.256637061435917246e+00 4.188790204786390636e-01 2.761344871382404254e+00
-1.256637061435917246e+00 6.283185307179586232e-01 2.498390981693412005e+00
-1.256637061435917246e+00 8.377580409572781273e-01 2.593448696702817191e+00
-1.256637061435917246e+00 1.047197551196597631e+00 2.323197139667852795e+00
-1.256637061435917246e+00 1.256637061435917246e+00 1.943577152356863458e+00
-1.256637061435917246e+00 1.466076571675236861e+00 1.944603203529537971e+00
-1.256637061435917246e+00 1.675516081914556255e+00 2.515779585362866833e+00
-1.256637061435917246e+00 1.884955592153875870e+00 3.586940516382154165e+00
-1.256637061435917246e+00 2.094395102393195263e+00 4.903419495342746792e+00
-1.256637061435917246e+00 2.303834612632514656e+00 5.756773242594634077e+00
-1.256637061435917246e+00 2.513274122871834049e+00 5.877077188898078397e+00
-1.256637061435917246e+00 2.722713633111153886e+00 5.520371790019040326e+00
-1.256637061435917246e+00 2.932153143350473279e+00 4.703603791104938203e+00
-1.256637061435917246e+00 3.141592653589792672e+00 3.795570380825026291e+00
-1.047197551196598297e+00 -3.141592653589793116e+00 2.731296205910314967e+00
-1.047197551196598297e+00 -2.932153143350473723e+00 1.998059103062735709e+00
-1.047197551196598297e+00 -2.722713633111154330e+00 1.462643062155570828e+00
-1.047197551196598297e+00 -2.513274122871834493e+00 1.142315544237499481e+00
-1.047197551196598297e+00 -2.303834612632515100e+00 9.554395068333093599e-01
-1.047197551196598297e+00 -2.094395102393195707e+00 7.230832272317143650e-01
-1.047197551196598297e+00 -1.884955592153875870e+00 4.247916440716216213e-01
-1.047197551196598297e+00 -1.675516081914556921e+00 1.906066280839807670e-01
-1.047197551196598297e+00 -1.466076571675237084e+00 1.666783111355664149e-01
-1.047197551196598297e+00 -1.256637061435917246e+00 4.610676251168118744e-01
-1.047197551196598297e+00 -1.047197551196598297e+00 1.129434974322279572e+00
-1.047197551196598297e+00 -8.377580409572784603e-01 2.143680939276434660e+00
-1.047197551196598297e+00 -6.283185307179586232e-01 3.331445203645994724e+00
-1.047197551196598297e+00 -4.188790204786396743e-01 4.559721942850964993e+00
-1.047197551196598297e+00 -2.094395102393198371e-01 5.552251088258171485e+00
-1.047197551196598297e+00 0.000000000000000000e+00 4.372195056230328447e+00
-1.047197551196598297e+00 2.094395102393195318e-01 4.372195056230328447e+00
-1.047197551196598297e+00 4.188790204786390636e-01 2.914605773086660800e+00
-1.047197551196598297e+00 6.283185307179586232e-01 2.537997669290342984e+00
-1.047197551196598297e+00 8.377580409572781273e-01 2.404390429176069599e+00
-1.047197551196598297e+00 1.047197551196597631e+00 1.883502952833350452e+00
-1.047197551196598297e+00 1.256637061435917246e+00 1.508414897674201338e+00
-1.047197551196598297e+00 1.466076571675236861e+00 1.542129789421477160e+00
-1.047197551196598297e+00 1.675516081914556255e+00 2.093519441071523879e+00
-1.047197551196598297e+00 1.884955592153875870e+00 3.149340222833731939e+00
-1.047197551196598297e+00 2.094395102393195263e+00 4.476344124779483735e+00
-1.047197551196598297e+00 2.303834612632514656e+00 5.532452138386896756e+00
-1.047197551196598297e+00 2.513274122871834049e+00 5.753378479033435688e+00
-1.047197551196598297e+00 2.722713633111153886e+00 5.462234868829163759e+00
-1.047197551196598297e+00 2.932153143350473279e+00 4.572556319711183370e+00
-1.047197551196598297e+00 3.141592653589792672e+00 3.619030303250397651e+00
-8.377580409572784603e-01 -3.141592653589793116e+00 2.634046771151607569e+00
-8.377580409572784603e-01 -2.932153143350473723e+00 1.841446295095898744e+00
-8.377580409572784603e-01 -2.722713633111154330e+00 1.287679436232201269e+00
-8.377580409572784603e-01 -2.513274122871834493e+00 9.735511989147206391e-01
-8.377580409572784603e-01 -2.303834612632515100e+00 7.855955953362153688e-01
-8.377580409572784603e-01 -2.094395102393195707e+00 5.506638446924995156e-01
-8.377580409572784603e-01 -1.884955592153875870e+00 2.473403486649862204e-01
-8.377580409572784603e-01 -1.675516081914556921e+00 9.412552676272500918e-03
-8.377580409572784603e-01 -1.466076571675237084e+00 0.000000000000000000e+00
-8.377580409572784603e-01 -1.256637061435917246e+00 3.581672160987173781e-01
-8.377580409572784603e-01 -1.047197551196598297e+00 1.112313859411394823e+00
-8.377580409572784603e-01 -8.377580409572784603e-01 2.164438020044893385e+00
-8.377580409572784603e-01 -6.283185307179586232e-01 3.314991592494533457e+00
-8.377580409572784603e-01 -4.188790204786396743e-01 4.403248486147391283e+00
-8.377580409572784603e-01 -2.094395102393198371e-01 5.380814270139662625e+00
-8.377580409572784603e-01 0.000000000000000000e+00 4.695257680888156315e+00
-8.377580409572784603e-01 2.094395102393195318e-01 4.695257680888156315e+00
-8.377580409572784603e-01 4.188790204786390636e-01 3.289447481778480231e+00
-8.377580409572784603e-01 6.283185307179586232e-01 2.754362647627329963e+00
-8.377580409572784603e-01 8.377580409572781273e-01 2.209676670931622677e+00
-8.377580409572784603e-01 1.047197551196597631e+00 1.430913050699301969e+00
-8.377580409572784603e-01 1.256637061435917246e+00 1.085866288661364809e+00
-8.377580409572784603e-01 1.466076571675236861e+00 1.218637638955042846e+00
-8.377580409572784603e-01 1.675516081914556255e+00 1.789165823832226110e+00
-8.377580409572784603e-01 1.884955592153875870e+00 2.816741629176654271e+00
-8.377580409572784603e-01 2.094395102393195263e+00 4.205970237609808926e+00
-8.377580409572784603e-01 2.303834612632514656e+00 5.399423356920871164e+00
-8.377580409572784603e-01 2.513274122871834049e+00 5.688914440769388570e+00
-8.377580409572784603e-01 2.722713633111153886e+00 5.378202621219145385e+00
-8.377580409572784603e-01 2.932153143350473279e+00 4.483317869166219438e+00
-8.377580409572784603e-01 3.141592653589792672e+00 3.541226124676946974e+00
-6.283185307179586232e-01 -3.141592653589793116e+00 2.523639573865165797e+00
-6.283185307179586232e-01 -2.932153143350473723e+00 1.710898583961370623e+00
-6.283185307179586232e-01 -2.722713633111154330e+00 1.207913015962267078e+00
-6.283185307179586232e-01 -2.513274122871834493e+00 9.681331864690850830e-01
-6.283185307179586232e-01 -2.303834612632515100e+00 8.289700896140036468e-01
-6.283185307179586232e-01 -2.094395102393195707e+00 6.115857173979627470e-01
-6.283185307179586232e-01 -1.884955592153875870e+00 3.112912238563000367e-01
-6.283185307179586232e-01 -1.675516081914556921e+00 8.501014356933445093e-02
-6.283185307179586232e-01 -1.466076571675237084e+00 1.113132954366384819e-01
-6.283185307179586232e-01 -1.256637061435917246e+00 5.258419068028624688e-01
-6.283185307179586232e-01 -1.047197551196598297e+00 1.312972203393634185e+00
-6.283185307179586232e-01 -8.377580409572784603e-01 2.284681464555580632e+00
-6.283185307179586232e-01 -6.283185307179586232e-01 3.296112688573577643e+00
-6.283185307179586232e-01 -4.188790204786396743e-01 4.343703699658457928e+00
-6.283185307179586232e-01 -2.094395102393198371e-01 5.182009462510120734e+00
-6.283185307179586232e-01 0.000000000000000000e+00 4.775383024598855108e+00
-6.283185307179586232e-01 2.094395102393195318e-01 4.775383024598855108e+00
-6.283185307179586232e-01 4.188790204786390636e-01 3.672574037225597721e+00
-6.283185307179586232e-01 6.283185307179586232e-01 2.919034608852238311e+00
-6.283185307179586232e-01 8.377580409572781273e-01 2.008930667135141235e+00
-6.283185307179586232e-01 1.047197551196597631e+00 1.085806875863693843e+00
-6.283185307179586232e-01 1.256637061435917246e+00 6.820314226060378848e-01
-6.283185307179586232e-01 1.466076571675236861e+00 8.754013816176625662e-01
-6.283185307179586232e-01 1.675516081914556255e+00 1.558667873074713217e+00
-6.283185307179586232e-01 1.884955592153875870e+00 2.665293075154459235e+00
-6.283185307179586232e-01 2.094395102393195263e+00 4.070024496279862625e+00
-6.283185307179586232e-01 2.303834612632514656e+00 5.407790624996384743e+00
-6.283185307179586232e-01 2.513274122871834049e+00 5.776384158088692544e+00
-6.283185307179586232e-01 2.722713633111153886e+00 5.318546589779772127e+00
-6.283185307179586232e-01 2.932153143350473279e+00 4.449575044125387180e+00
-6.283185307179586232e-01 3.141592653589792672e+00 3.484629386036490750e+00
-4.188790204786396743e-01 -3.141592653589793116e+00 2.287440291339703169e+00
-4.188790204786396743e-01 -2.932153143350473723e+00 1.493410260472879170e+00
-4.188790204786396743e-01 -2.722713633111154330e+00 1.113265369946464300e+00
-4.188790204786396743e-01 -2.513274122871834493e+00 1.028406095052392111e+00
-4.188790204786396743e-01 -2.303834612632515100e+00 1.005322697243400398e+00
-4.188790204786396743e-01 -2.094395102393195707e+00 8.349171865241621360e-01
-4.188790204786396743e-01 -1.884955592153875870e+00 5.504185523343571029e-01
-4.188790204786396743e-01 -1.675516081914556921e+00 3.381662907750734304e-01
-4.188790204786396743e-01 -1.466076571675237084e+00 3.947604499245710441e-01
-4.188790204786396743e-01 -1.256637061435917246e+00 8.419740681675064176e-01
-4.188790204786396743e-01 -1.047197551196598297e+00 1.614656579253206381e+00
-4.188790204786396743e-01 -8.377580409572784603e-01 2.448645796652175743e+00
-4.188790204786396743e-01 -6.283185307179586232e-01 3.288272592240746306e+00
-4.188790204786396743e-01 -4.188790204786396743e-01 4.239974810002801853e+00
-4.188790204786396743e-01 -2.094395102393198371e-01 4.989739470043314640e+00
-4.188790204786396743e-01 0.000000000000000000e+00 4.656029824135593742e+00
-4.188790204786396743e-01 2.094395102393195318e-01 4.656029824135593742e+00
-4.188790204786396743e-01 4.188790204786390636e-01 3.853433077058799228e+00
-4.188790204786396743e-01 6.283185307179586232e-01 2.946077476578912613e+00
-4.188790204786396743e-01 8.377580409572781273e-01 1.913865755737871321e+00
-4.188790204786396743e-01 1.047197551196597631e+00 1.036446428581869306e+00
-4.188790204786396743e-01 1.256637061435917246e+00 5.650548757145904544e-01
-4.188790204786396743e-01 1.466076571675236861e+00 6.585055849370767822e-01
-4.188790204786396743e-01 1.675516081914556255e+00 1.345588931397772914e+00
-4.188790204786396743e-01 1.884955592153875870e+00 2.537888246078330301e+00
-4.188790204786396743e-01 2.094395102393195263e+00 4.074486270083452766e+00
-4.188790204786396743e-01 2.303834612632514656e+00 5.626170541332784047e+00
-4.188790204786396743e-01 2.513274122871834049e+00 5.877540222581195017e+00
-4.188790204786396743e-01 2.722713633111153886e+00 5.316916503759907542e+00
-4.188790204786396743e-01 2.932153143350473279e+00 4.433907663228099594e+00
-4.188790204786396743e-01 3.141592653589792672e+00 3.360478231569280716e+00
-2.094395102393198371e-01 -3.141592653589793116e+00 2.022868220331140332e+00
-2.094395102393198371e-01 -2.932153143350473723e+00 1.251854178757852321e+00
-2.094395102393198371e-01 -2.722713633111154330e+00 1.002005054099563974e+00
-2.094395102393198371e-01 -2.513274122871834493e+00 1.104863949112471211e+00
-2.094395102393198371e-01 -2.303834612632515100e+00 1.237212465185863142e+00
-2.094395102393198371e-01 -2.094395102393195707e+00 1.139817854812407383e+00
-2.094395102393198371e-01 -1.884955592153875870e+00 8.706771458614107617e-01
-2.094395102393198371e-01 -1.675516081914556921e+00 6.459395216201101464e-01
-2.094395102393198371e-01 -1.466076571675237084e+00 6.752396356370110597e-01
-2.094395102393198371e-01 -1.256637061435917246e+00 1.091916888223718463e+00
-2.094395102393198371e-01 -1.047197551196598297e+00 1.876221398918561878e+00
-2.094395102393198371e-01 -8.377580409572784603e-01 2.727036001065573867e+00
-2.094395102393198371e-01 -6.283185307179586232e-01 3.530349838945062046e+00
-2.094395102393198371e-01 -4.188790204786396743e-01 4.379582783467371065e+00
-2.094395102393198371e-01 -2.094395102393198371e-01 4.913446872556671785e+00
-2.094395102393198371e-01 0.000000000000000000e+00 4.562674997675878252e+00
-2.094395102393198371e-01 2.094395102393195318e-01 4.562674997675878252e+00
-2.094395102393198371e-01 4.188790204786390636e-01 3.897705276134704633e+00
-2.094395102393198371e-01 6.283185307179586232e-01 2.794015174567089144e+00
-2.094395102393198371e-01 8.377580409572781273e-01 1.750708196867242439e+00
-2.094395102393198371e-01 1.047197551196597631e+00 1.066313864847314719e+00
-2.094395102393198371e-01 1.256637061435917246e+00 6.737487885758203232e-01
-2.094395102393198371e-01 1.466076571675236861e+00 7.034391078389291563e-01
-2.094395102393198371e-01 1.675516081914556255e+00 1.283416639645907686e+00
-2.094395102393198371e-01 1.884955592153875870e+00 2.454634013914692936e+00
-2.094395102393198371e-01 2.094395102393195263e+00 4.109452089873101066e+00
-2.094395102393198371e-01 2.303834612632514656e+00 5.909901390265043908e+00
-2.094395102393198371e-01 2.513274122871834049e+00 6.058537232462004596e+00
-2.094395102393198371e-01 2.722713633111153886e+00 5.381217079703787931e+00
-2.094395102393198371e-01 2.932153143350473279e+00 4.360154726942998771e+00
-2.094395102393198371e-01 3.141592653589792672e+00 3.177955842586067448e+00
0.000000000000000000e+00 -3.141592653589793116e+00 1.868707684687506365e+00
0.000000000000000000e+00 -2.932153143350473723e+00 1.134899147531692076e+00
0.000000000000000000e+00 -2.722713633111154330e+00 9.782263904016482714e-01
0.000000000000000000e+00 -2.513274122871834493e+00 1.214087287739809895e+00
0.000000000000000000e+00 -2.303834612632515100e+00 1.462939348479278756e+00
0.000000000000000000e+00 -2.094395102393195707e+00 1.403480872151233960e+00
0.000000000000000000e+00 -1.884955592153875870e+00 1.116256757555175838e+00
0.000000000000000000e+00 -1.675516081914556921e+00 8.376309086221459532e-01
0.000000000000000000e+00 -1.466076571675237084e+00 8.024365811355672617e-01
0.000000000000000000e+00 -1.256637061435917246e+00 1.176507487454247158e+00
0.000000000000000000e+00 -1.047197551196598297e+00 1.996767876214708970e+00
0.000000000000000000e+00 -8.377580409572784603e-01 3.038313364913073134e+00
0.000000000000000000e+00 -6.283185307179586232e-01 3.941160079370172653e+00
0.000000000000000000e+00 -4.188790204786396743e-01 4.738482302245398792e+00
0.000000000000000000e+00 -2.094395102393198371e-01 5.052829759177033253e+00
0.000000000000000000e+00 0.000000000000000000e+00 1.296954993349719487e+01
0.000000000000000000e+00 2.094395102393195318e-01 4.598976462729691406e+00
0.000000000000000000e+00 4.188790204786390636e-01 3.788326960592918624e+00
0.000000000000000000e+00 6.283185307179586232e-01 2.530262913367815170e+00
0.000000000000000000e+00 8.377580409572781273e-01 1.513161275103111159e+00
0.000000000000000000e+00 1.047197551196597631e+00 9.586290843844808007e-01
0.000000000000000000e+00 1.256637061435917246e+00 7.149196501481583921e-01
0.000000000000000000e+00 1.466076571675236861e+00 8.365523104517288422e-01
0.000000000000000000e+00 1.675516081914556255e+00 1.407327494248971966e+00
0.000000000000000000e+00 1.884955592153875870e+00 2.544876784704579009e+00
0.000000000000000000e+00 2.094395102393195263e+00 4.247117036997861028e+00
0.000000000000000000e+00 2.303834612632514656e+00 6.035759328722264172e+00
0.000000000000000000e+00 2.513274122871834049e+00 6.291226102527319952e+00
0.000000000000000000e+00 2.722713633111153886e+00 5.389535228226716157e+00
0.000000000000000000e+00 2.932153143350473279e+00 4.290894964992505223e+00
0.000000000000000000e+00 3.141592653589792672e+00 3.052859798383225076e+00
2.094395102393195318e-01 -3.141592653589793116e+00 1.868707684687506365e+00
2.094395102393195318e-01 -2.932153143350473723e+00 1.134899147531692076e+00
2.094395102393195318e-01 -2.722713633111154330e+00 9.782263904016482714e-01
2.094395102393195318e-01 -2.513274122871834493e+00 1.214087287739809895e+00
2.094395102393195318e-01 -2.303834612632515100e+00 1.462939348479278756e+00
2.094395102393195318e-01 -2.094395102393195707e+00 1.403480872151233960e+00
2.094395102393195318e-01 -1.884955592153875870e+00 1.116256757555175838e+00
2.094395102393195318e-01 -1.675516081914556921e+00 8.376309086221459532e-01
2.094395102393195318e-01 -1.466076571675237084e+00 8.024365811355672617e-01
2.094395102393195318e-01 -1.256637061435917246e+00 1.176507487454247158e+00
2.094395102393195318e-01 -1.047197551196598297e+00 1.996767876214708970e+00
2.094395102393195318e-01 -8.377580409572784603e-01 3.038313364913073134e+00
2.094395102393195318e-01 -6.283185307179586232e-01 3.941160079370172653e+00
2.094395102393195318e-01 -4.188790204786396743e-01 4.738482302245398792e+00
2.094395102393195318e-01 -2.094395102393198371e-01 5.052829759177033253e+00
2.094395102393195318e-01 0.000000000000000000e+00 4.598976462729691406e+00
2.094395102393195318e-01 2.094395102393195318e-01 4.598976462729691406e+00
2.094395102393195318e-01 4.188790204786390636e-01 3.788326960592918624e+00
2.094395102393195318e-01 6.283185307179586232e-01 2.530262913367815170e+00
2.094395102393195318e-01 8.377580409572781273e-01 1.513161275103111159e+00
2.094395102393195318e-01 1.047197551196597631e+00 9.586290843844808007e-01
2.094395102393195318e-01 1.256637061435917246e+00 7.149196501481583921e-01
2.094395102393195318e-01 1.466076571675236861e+00 8.365523104517288422e-01
2.094395102393195318e-01 1.675516081914556255e+00 1.407327494248971966e+00
2.094395102393195318e-01 1.884955592153875870e+00 2.544876784704579009e+00
2.094395102393195318e-01 2.094395102393195263e+00 4.247117036997861028e+00
2.094395102393195318e-01 2.303834612632514656e+00 6.035759328722264172e+00
2.094395102393195318e-01 2.513274122871834049e+00 6.291226102527319952e+00
2.094395102393195318e-01 2.722713633111153886e+00 5.389535228226716157e+00
2.094395102393195318e-01 2.932153143350473279e+00 4.290894964992505223e+00
2.094395102393195318e-01 3.141592653589792672e+00 3.052859798383225076e+00
4.188790204786390636e-01 -3.141592653589793116e+00 1.927842579541580559e+00
4.188790204786390636e-01 -2.932153143350473723e+00 1.213745000984436384e+00
4.188790204786390636e-01 -2.722713633111154330e+00 1.087207419326031932e+00
4.188790204786390636e-01 -2.513274122871834493e+00 1.358449715333900798e+00
4.188790204786390636e-01 -2.303834612632515100e+00 1.609982980026894328e+00
4.188790204786390636e-01 -2.094395102393195707e+00 1.484885031808052425e+00
4.188790204786390636e-01 -1.884955592153875870e+00 1.146848138137996465e+00
4.188790204786390636e-01 -1.675516081914556921e+00 8.755697431723526991e-01
4.188790204786390636e-01 -1.466076571675237084e+00 8.600073218022027399e-01
4.188790204786390636e-01 -1.256637061435917246e+00 1.238354647684659859e+00
4.188790204786390636e-01 -1.047197551196598297e+00 2.055746591123016387e+00
4.188790204786390636e-01 -8.377580409572784603e-01 3.220964728218655537e+00
4.188790204786390636e-01 -6.283185307179586232e-01 4.329659325799751990e+00
4.188790204786390636e-01 -4.188790204786396743e-01 4.949933623737694965e+00
4.188790204786390636e-01 -2.094395102393198371e-01 5.126804561738391719e+00
4.188790204786390636e-01 0.000000000000000000e+00 4.461085095738726025e+00
4.188790204786390636e-01 2.094395102393195318e-01 4.461085095738726025e+00
4.188790204786390636e-01 4.188790204786390636e-01 3.298336803400952810e+00
4.188790204786390636e-01 6.283185307179586232e-01 2.198263522455091046e+00
4.188790204786390636e-01 8.377580409572781273e-01 1.284138349870342033e+00
4.188790204786390636e-01 1.047197551196597631e+00 7.862734781894044067e-01
4.188790204786390636e-01 1.256637061435917246e+00 6.543049345781558612e-01
4.188790204786390636e-01 1.466076571675236861e+00 9.114635565436909337e-01
4.188790204786390636e-01 1.675516081914556255e+00 1.593007001211334206e+00
4.188790204786390636e-01 1.884955592153875870e+00 2.769263593825785907e+00
4.188790204786390636e-01 2.094395102393195263e+00 4.453132193499936164e+00
4.188790204786390636e-01 2.303834612632514656e+00 6.199461274469856065e+00
4.188790204786390636e-01 2.513274122871834049e+00 6.334479258061857188e+00
4.188790204786390636e-01 2.722713633111153886e+00 5.413293010207853584e+00
4.188790204786390636e-01 2.932153143350473279e+00 4.272387415137721689e+00
4.188790204786390636e-01 3.141592653589792672e+00 3.059777833294147875e+00
6.283185307179586232e-01 -3.141592653589793116e+00 2.107700906157863319e+00
6.283185307179586232e-01 -2.932153143350473723e+00 1.423937872865334686e+00
6.283185307179586232e-01 -2.722713633111154330e+00 1.263764246089658982e+00
6.283185307179586232e-01 -2.513274122871834493e+00 1.468379424400457545e+00
6.283185307179586232e-01 -2.303834612632515100e+00 1.581284950978429471e+00
6.283185307179586232e-01 -2.094395102393195707e+00 1.287846795041299508e+00
6.283185307179586232e-01 -1.884955592153875870e+00 9.412047093984302615e-01
6.283185307179586232e-01 -1.675516081914556921e+00 7.987100986822913695e-01
6.283185307179586232e-01 -1.466076571675237084e+00 9.172493346869937669e-01
6.283185307179586232e-01 -1.256637061435917246e+00 1.344084813500930231e+00
6.283185307179586232e-01 -1.047197551196598297e+00 2.143126986487037033e+00
6.283185307179586232e-01 -8.377580409572784603e-01 3.303748313582300256e+00
6.283185307179586232e-01 -6.283185307179586232e-01 4.487262694186195056e+00
6.283185307179586232e-01 -4.188790204786396743e-01 5.136614822353228860e+00
6.283185307179586232e-01 -2.094395102393198371e-01 5.210519443432699127e+00
6.283185307179586232e-01 0.000000000000000000e+00 4.178873639467472145e+00
6.283185307179586232e-01 2.094395102393195318e-01 4.178873639467472145e+00
6.283185307179586232e-01 4.188790204786390636e-01 2.709207580558964601e+00
6.283185307179586232e-01 6.283185307179586232e-01 1.823372487607965553e+00
6.283185307179586232e-01 8.377580409572781273e-01 1.074459779837091400e+00
6.283185307179586232e-01 1.047197551196597631e+00 6.444164508450028750e-01
6.283185307179586232e-01 1.256637061435917246e+00 6.071068786038279486e-01
6.283185307179586232e-01 1.466076571675236861e+00 9.774024896453371580e-01
6.283185307179586232e-01 1.675516081914556255e+00 1.778378005886774638e+00
6.283185307179586232e-01 1.884955592153875870e+00 2.997687007939309645e+00
6.283185307179586232e-01 2.094395102393195263e+00 4.613527702784527840e+00
6.283185307179586232e-01 2.303834612632514656e+00 6.298689758253317450e+00
6.283185307179586232e-01 2.513274122871834049e+00 6.352699213224909158e+00
6.283185307179586232e-01 2.722713633111153886e+00 5.386478522958699777e+00
6.283185307179586232e-01 2.932153143350473279e+00 4.218560236293559917e+00
6.283185307179586232e-01 3.141592653589792672e+00 3.111960178239251640e+00
8.377580409572781273e-01 -3.141592653589793116e+00 2.219951043960159520e+00
8.377580409572781273e-01 -2.932153143350473723e+00 1.620863219582871384e+00
8.377580409572781273e-01 -2.722713633111154330e+00 1.421425054692050161e+00
8.377580409572781273e-01 -2.513274122871834493e+00 1.524793045059852137e+00
8.377580409572781273e-01 -2.303834612632515100e+00 1.430675755808553884e+00
8.377580409572781273e-01 -2.094395102393195707e+00 9.496782015063726101e-01
8.377580409572781273e-01 -1.884955592153875870e+00 6.062237298533151852e-01
8.377580409572781273e-01 -1.675516081914556921e+00 5.973049011345473724e-01
8.377580409572781273e-01 -1.466076571675237084e+00 8.875269467104612842e-01
8.377580409572781273e-01 -1.256637061435917246e+00 1.437235625331623190e+00
8.377580409572781273e-01 -1.047197551196598297e+00 2.272145312718616417e+00
8.377580409572781273e-01 -8.377580409572784603e-01 3.396039154717040098e+00
8.377580409572781273e-01 -6.283185307179586232e-01 4.488252992593742441e+00
8.377580409572781273e-01 -4.188790204786396743e-01 5.080767745425443849e+00
8.377580409572781273e-01 -2.094395102393198371e-01 5.204947123620456750e+00
8.377580409572781273e-01 0.000000000000000000e+00 3.942258792438838810e+00
8.377580409572781273e-01 2.094395102393195318e-01 3.942258792438838810e+00
8.377580409572781273e-01 4.188790204786390636e-01 2.383545559102123956e+00
8.377580409572781273e-01 6.283185307179586232e-01 1.572353709182737092e+00
8.377580409572781273e-01 8.377580409572781273e-01 9.414260795671295368e-01
8.377580409572781273e-01 1.047197551196597631e+00 5.848086962779347475e-01
8.377580409572781273e-01 1.256637061435917246e+00 6.324341815689696888e-01
8.377580409572781273e-01 1.466076571675236861e+00 1.102025300688612486e+00
8.377580409572781273e-01 1.675516081914556255e+00 1.975044822917139342e+00
8.377580409572781273e-01 1.884955592153875870e+00 3.181518101734648329e+00
8.377580409572781273e-01 2.094395102393195263e+00 4.682454189871260830e+00
8.377580409572781273e-01 2.303834612632514656e+00 6.434068614172611333e+00
8.377580409572781273e-01 2.513274122871834049e+00 6.367265576263561933e+00
8.377580409572781273e-01 2.722713633111153886e+00 5.253327699655780059e+00
8.377580409572781273e-01 2.932153143350473279e+00 4.119973182062728334e+00
8.377580409572781273e-01 3.141592653589792672e+00 3.085396742260253511e+00
1.047197551196597631e+00 -3.141592653589793116e+00 2.288261887233633995e+00
1.047197551196597631e+00 -2.932153143350473723e+00 1.779023427695357373e+00
1.047197551196597631e+00 -2.722713633111154330e+00 1.582444256558375617e+00
1.047197551196597631e+00 -2.513274122871834493e+00 1.600762385863547799e+00
1.047197551196597631e+00 -2.303834612632515100e+00 1.310317471371110987e+00
1.047197551196597631e+00 -2.094395102393195707e+00 7.213546837087495556e-01
1.047197551196597631e+00 -1.884955592153875870e+00 3.781106997288751215e-01
1.047197551196597631e+00 -1.675516081914556921e+00 4.263595067528828109e-01
1.047197551196597631e+00 -1.466076571675237084e+00 8.045222075742789469e-01
1.047197551196597631e+00 -1.256637061435917246e+00 1.459913295816727352e+00
1.047197551196597631e+00 -1.047197551196598297e+00 2.384129122258900946e+00
1.047197551196597631e+00 -8.377580409572784603e-01 3.462850749161178854e+00
1.047197551196597631e+00 -6.283185307179586232e-01 4.491958665472779444e+00
1.047197551196597631e+00 -4.188790204786396743e-01 5.167334485462703242e+00
1.047197551196597631e+00 -2.094395102393198371e-01 5.215076091603195074e+00
1.047197551196597631e+00 0.000000000000000000e+00 4.021175004444667245e+00
1.047197551196597631e+00 2.094395102393195318e-01 4.021175004444667245e+00
1.047197551196597631e+00 4.188790204786390636e-01 2.470732454946048318e+00
1.047197551196597631e+00 6.283185307179586232e-01 1.594209362598391966e+00
1.047197551196597631e+00 8.377580409572781273e-01 9.876944431852839879e-01
1.047197551196597631e+00 1.047197551196597631e+00 6.977845572880522207e-01
1.047197551196597631e+00 1.256637061435917246e+00 8.083304112982222511e-01
1.047197551196597631e+00 1.466076571675236861e+00 1.319282526793812416e+00
1.047197551196597631e+00 1.675516081914556255e+00 2.173562016290819354e+00
1.047197551196597631e+00 1.884955592153875870e+00 3.270570883025924580e+00
1.047197551196597631e+00 2.094395102393195263e+00 4.604480601789344263e+00
1.047197551196597631e+00 2.303834612632514656e+00 6.290299681561227096e+00
1.047197551196597631e+00 2.513274122871834049e+00 6.498714694557644833e+00
1.047197551196597631e+00 2.722713633111153886e+00 5.243492272366122364e+00
1.047197551196597631e+00 2.932153143350473279e+00 4.093115990884277799e+00
1.047197551196597631e+00 3.141592653589792672e+00 3.066357962732385367e+00
1.256637061435917246e+00 -3.141592653589793116e+00 2.502926554042961715e+00
1.256637061435917246e+00 -2.932153143350473723e+00 2.038242400679993516e+00
1.256637061435917246e+00 -2.722713633111154330e+00 1.837162048978225215e+00
1.256637061435917246e+00 -2.513274122871834493e+00 1.778272814305900340e+00
1.256637061435917246e+00 -2.303834612632515100e+00 1.441791955188802099e+00
1.256637061435917246e+00 -2.094395102393195707e+00 8.752739590148571613e-01
1.256637061435917246e+00 -1.884955592153875870e+00 5.334627390427207905e-01
1.256637061435917246e+00 -1.675516081914556921e+00 5.485323294582352682e-01
1.256637061435917246e+00 -1.466076571675237084e+00 8.613836834387945673e-01
1.256637061435917246e+00 -1.256637061435917246e+00 1.496622707617247805e+00
1.256637061435917246e+00 -1.047197551196598297e+00 2.454576033204977747e+00
1.256637061435917246e+00 -8.377580409572784603e-01 3.529979556135439012e+00
1.256637061435917246e+00 -6.283185307179586232e-01 4.494320595726902567e+00
1.256637061435917246e+00 -4.188790204786396743e-01 5.235707547023358721e+00
1.256637061435917246e+00 -2.094395102393198371e-01 5.288829787757920897e+00
1.256637061435917246e+00 0.000000000000000000e+00 4.277079254160599753e+00
1.256637061435917246e+00 2.094395102393195318e-01 4.277079254160599753e+00
1.256637061435917246e+00 4.188790204786390636e-01 2.854816761900027977e+00
1.256637061435917246e+00 6.283185307179586232e-01 1.810597883654633034e+00
1.256637061435917246e+00 8.377580409572781273e-01 1.160785898849958642e+00
1.256637061435917246e+00 1.047197551196597631e+00 8.947554744339666355e-01
1.256637061435917246e+00 1.256637061435917246e+00 1.003380590182853638e+00
1.256637061435917246e+00 1.466076571675236861e+00 1.458571682390730206e+00
1.256637061435917246e+00 1.675516081914556255e+00 2.181929457548380746e+00
1.256637061435917246e+00 1.884955592153875870e+00 3.098412318618724903e+00
1.256637061435917246e+00 2.094395102393195263e+00 4.197334936038251918e+00
1.256637061435917246e+00 2.303834612632514656e+00 5.656717422708175569e+00
1.256637061435917246e+00 2.513274122871834049e+00 6.607930661853949061e+00
1.256637061435917246e+00 2.722713633111153886e+00 5.374804560560918709e+00
1.256637061435917246e+00 2.932153143350473279e+00 4.261663432907135451e+00
1.256637061435917246e+00 3.141592653589792672e+00 3.258327742433341001e+00
1.466076571675236861e+00 -3.141592653589793116e+00 2.825606050972314875e+00
1.466076571675236861e+00 -2.932153143350473723e+00 2.368087627459319666e+00
1.466076571675236861e+00 -2.722713633111154330e+00 2.153979918726897314e+00
1.466076571675236861e+00 -2.513274122871834493e+00 1.983594088586047910e+00
1.466076571675236861e+00 -2.303834612632515100e+00 1.701959009055865835e+00
1.466076571675236861e+00 -2.094395102393195707e+00 1.329764710444580889e+00
1.466076571675236861e+00 -1.884955592153875870e+00 1.040922894578444335e+00
1.466076571675236861e+00 -1.675516081914556921e+00 9.317868814564834734e-01
1.466076571675236861e+00 -1.466076571675237084e+00 1.084167505015745991e+00
1.466076571675236861e+00 -1.256637061435917246e+00 1.624471499941034125e+00
1.466076571675236861e+00 -1.047197551196598297e+00 2.551732962064043431e+00
1.466076571675236861e+00 -8.377580409572784603e-01 3.582437739988258762e+00
1.466076571675236861e+00 -6.283185307179586232e-01 4.480465212618926607e+00
1.466076571675236861e+00 -4.188790204786396743e-01 5.237762995460949256e+00
1.466076571675236861e+00 -2.094395102393198371e-01 5.414570036112603013e+00
1.466076571675236861e+00 0.000000000000000000e+00 4.570949769186130496e+00
1.466076571675236861e+00 2.094395102393195318e-01 4.570949769186130496e+00
1.466076571675236861e+00 4.188790204786390636e-01 3.175913402012474851e+00
1.466076571675236861e+00 6.283185307179586232e-01 1.956477661228478659e+00
1.466076571675236861e+00 8.377580409572781273e-01 1.257172135568545457e+00
1.466076571675236861e+00 1.047197551196597631e+00 9.908213879451600592e-01
1.466076571675236861e+00 1.256637061435917246e+00 1.063231977914959714e+00
1.466076571675236861e+00 1.466076571675236861e+00 1.435556724467625500e+00
1.466076571675236861e+00 1.675516081914556255e+00 2.046255369065684615e+00
1.466076571675236861e+00 1.884955592153875870e+00 2.822869985995826614e+00
1.466076571675236861e+00 2.094395102393195263e+00 3.839706117736477076e+00
1.466076571675236861e+00 2.303834612632514656e+00 5.241098378777141242e+00
1.466076571675236861e+00 2.513274122871834049e+00 5.961462559816456341e+00
1.466076571675236861e+00 2.722713633111153886e+00 4.961080795665203880e+00
1.466076571675236861e+00 2.932153143350473279e+00 4.251916403788666976e+00
1.466076571675236861e+00 3.141592653589792672e+00 3.509811850474362060e+00
1.675516081914556255e+00 -3.141592653589793116e+00 2.886648786569069092e+00
1.675516081914556255e+00 -2.932153143350473723e+00 2.452861463623064342e+00
1.675516081914556255e+00 -2.722713633111154330e+00 2.156438884892344365e+00
1.675516081914556255e+00 -2.513274122871834493e+00 1.818355019218409474e+00
1.675516081914556255e+00 -2.303834612632515100e+00 1.519599014424042327e+00
1.675516081914556255e+00 -2.094395102393195707e+00 1.322882274425541294e+00
1.675516081914556255e+00 -1.884955592153875870e+00 1.184869326360676656e+00
1.675516081914556255e+00 -1.675516081914556921e+00 1.094129248207406757e+00
1.675516081914556255e+00 -1.466076571675237084e+00 1.194435990175794160e+00
1.675516081914556255e+00 -1.256637061435917246e+00 1.667001222697287233e+00
1.675516081914556255e+00 -1.047197551196598297e+00 2.537843798634784154e+00
1.675516081914556255e+00 -8.377580409572784603e-01 3.492724941267018934e+00
1.675516081914556255e+00 -6.283185307179586232e-01 4.302954850352354477e+00
1.675516081914556255e+00 -4.188790204786396743e-01 4.989321699190289117e+00
1.675516081914556255e+00 -2.094395102393198371e-01 5.394046938167645244e+00
1.675516081914556255e+00 0.000000000000000000e+00 4.829387542006269740e+00
1.675516081914556255e+00 2.094395102393195318e-01 4.829387542006269740e+00
1.675516081914556255e+00 4.188790204786390636e-01 3.403134306600446024e+00
1.675516081914556255e+00 6.283185307179586232e-01 2.100825013397515040e+00
1.675516081914556255e+00 8.377580409572781273e-01 1.376368157815250015e+00
1.675516081914556255e+00 1.047197551196597631e+00 1.088640129188701788e+00
1.675516081914556255e+00 1.256637061435917246e+00 1.090574938237093061e+00
1.675516081914556255e+00 1.466076571675236861e+00 1.351894026002732563e+00
1.675516081914556255e+00 1.675516081914556255e+00 1.864879056872385643e+00
1.675516081914556255e+00 1.884955592153875870e+00 2.593918023787649574e+00
1.675516081914556255e+00 2.094395102393195263e+00 3.586245564067021441e+00
1.675516081914556255e+00 2.303834612632514656e+00 4.907956496715990546e+00
1.675516081914556255e+00 2.513274122871834049e+00 5.330823834959897312e+00
1.675516081914556255e+00 2.722713633111153886e+00 4.446668894914503234e+00
1.675516081914556255e+00 2.932153143350473279e+00 3.858064224376660079e+00
1.675516081914556255e+00 3.141592653589792672e+00 3.424479347086198722e+00
1.884955592153875870e+00 -3.141592653589793116e+00 2.639359582578105101e+00
1.884955592153875870e+00 -2.932153143350473723e+00 2.214022134160005262e+00
1.884955592153875870e+00 -2.722713633111154330e+00 1.885111936019836953e+00
1.884955592153875870e+00 -2.513274122871834493e+00 1.498422881737179857e+00
1.884955592153875870e+00 -2.303834612632515100e+00 1.178696091672849278e+00
1.884955592153875870e+00 -2.094395102393195707e+00 1.015441055053962316e+00
1.884955592153875870e+00 -1.884955592153875870e+00 9.336420960892147791e-01
1.884955592153875870e+00 -1.675516081914556921e+00 8.890424209437003400e-01
1.884955592153875870e+00 -1.466076571675237084e+00 9.910389964367040116e-01
1.884955592153875870e+00 -1.256637061435917246e+00 1.439319057350990860e+00
1.884955592153875870e+00 -1.047197551196598297e+00 2.257803351024667560e+00
1.884955592153875870e+00 -8.377580409572784603e-01 3.128367742359565273e+00
1.884955592153875870e+00 -6.283185307179586232e-01 3.865007835683560877e+00
1.884955592153875870e+00 -4.188790204786396743e-01 4.614974692356319075e+00
1.884955592153875870e+00 -2.094395102393198371e-01 5.269309690331912321e+00
1.884955592153875870e+00 0.000000000000000000e+00 5.004549006591434868e+00
1.884955592153875870e+00 2.094395102393195318e-01 5.004549006591434868e+00
1.884955592153875870e+00 4.188790204786390636e-01 3.590527409781554269e+00
1.884955592153875870e+00 6.283185307179586232e-01 2.259778351006979324e+00
1.884955592153875870e+00 8.377580409572781273e-01 1.525477834254187481e+00
1.884955592153875870e+00 1.047197551196597631e+00 1.166775510753382594e+00
1.884955592153875870e+00 1.256637061435917246e+00 1.041809753142038275e+00
1.884955592153875870e+00 1.466076571675236861e+00 1.154579868284326238e+00
1.884955592153875870e+00 1.675516081914556255e+00 1.546111933653585346e+00
1.884955592153875870e+00 1.884955592153875870e+00 2.238702046522026201e+00
1.884955592153875870e+00 2.094395102393195263e+00 3.225059541516925865e+00
1.884955592153875870e+00 2.303834612632514656e+00 4.479532151150545261e+00
1.884955592153875870e+00 2.513274122871834049e+00 4.886135728215462493e+00
1.884955592153875870e+00 2.722713633111153886e+00 4.040543271502164302e+00
1.884955592153875870e+00 2.932153143350473279e+00 3.422154133565356027e+00
1.884955592153875870e+00 3.141592653589792672e+00 3.082210198767389109e+00
2.094395102393195263e+00 -3.141592653589793116e+00 2.244746921455750055e+00
2.094395102393195263e+00 -2.932153143350473723e+00 1.873787094876345538e+00
2.094395102393195263e+00 -2.722713633111154330e+00 1.595252342580067317e+00
2.094395102393195263e+00 -2.513274122871834493e+00 1.256228531846319996e+00
2.094395102393195263e+00 -2.303834612632515100e+00 9.377531804597217802e-01
2.094395102393195263e+00 -2.094395102393195707e+00 7.633833955091403611e-01
2.094395102393195263e+00 -1.884955592153875870e+00 6.611137965968615360e-01
2.094395102393195263e+00 -1.675516081914556921e+00 5.926098799741231771e-01
2.094395102393195263e+00 -1.466076571675237084e+00 6.912988113948831392e-01
2.094395102393195263e+00 -1.256637061435917246e+00 1.110225461307203343e+00
2.094395102393195263e+00 -1.047197551196598297e+00 1.826410827868991227e+00
2.094395102393195263e+00 -8.377580409572784603e-01 2.510772979575640829e+00
2.094395102393195263e+00 -6.283185307179586232e-01 3.154434941507331835e+00
2.094395102393195263e+00 -4.188790204786396743e-01 3.985546555670347324e+00
2.094395102393195263e+00 -2.094395102393198371e-01 4.909141794696221694e+00
2.094395102393195263e+00 0.000000000000000000e+00 5.128120876568510234e+00
2.094395102393195263e+00 2.094395102393195318e-01 5.128120876568510234e+00
2.094395102393195263e+00 4.188790204786390636e-01 3.712286091742284633e+00
2.094395102393195263e+00 6.283185307179586232e-01 2.412581758086180805e+00
2.094395102393195263e+00 8.377580409572781273e-01 1.646876712366584172e+00
2.094395102393195263e+00 1.047197551196597631e+00 1.161128797141609770e+00
2.094395102393195263e+00 1.256637061435917246e+00 8.596751201079045890e-01
2.094395102393195263e+00 1.466076571675236861e+00 8.233931884704409621e-01
2.094395102393195263e+00 1.675516081914556255e+00 1.138854938912481352e+00
2.094395102393195263e+00 1.884955592153875870e+00 1.831715397643636223e+00
2.094395102393195263e+00 2.094395102393195263e+00 2.795035357196810732e+00
2.094395102393195263e+00 2.303834612632514656e+00 4.050014826622501118e+00
2.094395102393195263e+00 2.513274122871834049e+00 4.629583993903535699e+00
2.094395102393195263e+00 2.722713633111153886e+00 3.724171549966611927e+00
2.094395102393195263e+00 2.932153143350473279e+00 3.035419408053551038e+00
2.094395102393195263e+00 3.141592653589792672e+00 2.644311285946948420e+00
2.303834612632514656e+00 -3.141592653589793116e+00 1.832785247196253575e+00
2.303834612632514656e+00 -2.932153143350473723e+00 1.496725854316323101e+00
2.303834612632514656e+00 -2.722713633111154330e+00 1.312379076408464851e+00
2.303834612632514656e+00 -2.513274122871834493e+00 1.102045445416743430e+00
2.303834612632514656e+00 -2.303834612632515100e+00 8.283699623418293578e-01
2.303834612632514656e+00 -2.094395102393195707e+00 6.111290740362759211e-01
2.303834612632514656e+00 -1.884955592153875870e+00 4.547141683315841787e-01
2.303834612632514656e+00 -1.675516081914556921e+00 3.585720013113399274e-01
2.303834612632514656e+00 -1.466076571675237084e+00 4.427734352842357390e-01
2.303834612632514656e+00 -1.256637061435917246e+00 8.045821470028743372e-01
2.303834612632514656e+00 -1.047197551196598297e+00 1.357446011499910732e+00
2.303834612632514656e+00 -8.377580409572784603e-01 1.843840396041918961e+00
2.303834612632514656e+00 -6.283185307179586232e-01 2.472943718831649207e+00
2.303834612632514656e+00 -4.188790204786396743e-01 3.396378203657850037e+00
2.303834612632514656e+00 -2.094395102393198371e-01 4.507481180775471330e+00
2.303834612632514656e+00 0.000000000000000000e+00 5.180424891083249328e+00
2.303834612632514656e+00 2.094395102393195318e-01 5.180424891083249328e+00
2.303834612632514656e+00 4.188790204786390636e-01 3.891878317137559939e+00
2.303834612632514656e+00 6.283185307179586232e-01 2.516363029831650611e+00
2.303834612632514656e+00 8.377580409572781273e-01 1.592943232962694911e+00
2.303834612632514656e+00 1.047197551196597631e+00 9.500959010330470855e-01
2.303834612632514656e+00 1.256637061435917246e+00 5.458300002466262013e-01
2.303834612632514656e+00 1.466076571675236861e+00 4.713333773136231253e-01
2.303834612632514656e+00 1.675516081914556255e+00 8.023013266958279877e-01
2.303834612632514656e+00 1.884955592153875870e+00 1.539067389175358347e+00
2.303834612632514656e+00 2.094395102393195263e+00 2.500848821088890173e+00
2.303834612632514656e+00 2.303834612632514656e+00 3.745364521521494794e+00
2.303834612632514656e+00 2.513274122871834049e+00 4.353505366435114432e+00
2.303834612632514656e+00 2.722713633111153886e+00 3.407602852493924139e+00
2.303834612632514656e+00 2.932153143350473279e+00 2.680528874992430755e+00
2.303834612632514656e+00 3.141592653589792672e+00 2.232451499542719375e+00
2.513274122871834049e+00 -3.141592653589793116e+00 1.573733524443588827e+00
2.513274122871834049e+00 -2.932153143350473723e+00 1.184743530112779109e+00
2.513274122871834049e+00 -2.722713633111154330e+00 1.041016310211489326e+00
2.513274122871834049e+00 -2.513274122871834493e+00 9.981444635987087866e-01
2.513274122871834049e+00 -2.303834612632515100e+00 8.193372902860335261e-01
2.513274122871834049e+00 -2.094395102393195707e+00 5.523741818932689229e-01
2.513274122871834049e+00 -1.884955592153875870e+00 3.063204242790064091e-01
2.513274122871834049e+00 -1.675516081914556921e+00 1.882424284258206182e-01
2.513274122871834049e+00 -1.466076571675237084e+00 2.772829992106523589e-01
2.513274122871834049e+00 -1.256637061435917246e+00 5.597736386973365397e-01
2.513274122871834049e+00 -1.047197551196598297e+00 8.511064583667370398e-01
2.513274122871834049e+00 -8.377580409572784603e-01 1.157847113218199109e+00
2.513274122871834049e+00 -6.283185307179586232e-01 1.909766694144129584e+00
2.513274122871834049e+00 -4.188790204786396743e-01 3.079434816955683996e+00
2.513274122871834049e+00 -2.094395102393198371e-01 4.413492706486155548e+00
2.513274122871834049e+00 0.000000000000000000e+00 5.257242297370187778e+00
2.513274122871834049e+00 2.094395102393195318e-01 5.257242297370187778e+00
2.513274122871834049e+00 4.188790204786390636e-01 4.038527029606953533e+00
2.513274122871834049e+00 6.283185307179586232e-01 2.478778131324198775e+00
2.513274122871834049e+00 8.377580409572781273e-01 1.415491578365986935e+00
2.513274122871834049e+00 1.047197551196597631e+00 7.205352644180745836e-01
2.513274122871834049e+00 1.256637061435917246e+00 3.399466076243230495e-01
2.513274122871834049e+00 1.466076571675236861e+00 3.014347294085931717e-01
2.513274122871834049e+00 1.675516081914556255e+00 6.538087995925770946e-01
2.513274122871834049e+00 1.884955592153875870e+00 1.391480179814929663e+00
2.513274122871834049e+00 2.094395102393195263e+00 2.345939976213288425e+00
2.513274122871834049e+00 2.303834612632514656e+00 3.538087854623891637e+00
2.513274122871834049e+00 2.513274122871834049e+00 4.131722847029458023e+00
2.513274122871834049e+00 2.722713633111153886e+00 3.240552491726969908e+00
2.513274122871834049e+00 2.932153143350473279e+00 2.494771620686635494e+00
2.513274122871834049e+00 3.141592653589792672e+00 2.015133785761658913e+00
2.722713633111153886e+00 -3.141592653589793116e+00 1.482629146654180108e+00
2.722713633111153886e+00 -2.932153143350473723e+00 9.918117972178569497e-01
2.722713633111153886e+00 -2.722713633111154330e+00 8.377941649260344237e-01
2.722713633111153886e+00 -2.513274122871834493e+00 9.242986905750428805e-01
2.722713633111153886e+00 -2.303834612632515100e+00 8.774358375815135558e-01
2.722713633111153886e+00 -2.094395102393195707e+00 6.381143599768631658e-01
2.722713633111153886e+00 -1.884955592153875870e+00 3.484042849833394184e-01
2.722713633111153886e+00 -1.675516081914556921e+00 1.974276131441322635e-01
2.722713633111153886e+00 -1.466076571675237084e+00 2.699788478571593098e-01
2.722713633111153886e+00 -1.256637061435917246e+00 3.936441899249648602e-01
2.722713633111153886e+00 -1.047197551196598297e+00 3.548119259525047697e-01
2.722713633111153886e+00 -8.377580409572784603e-01 5.783372004252121945e-01
2.722713633111153886e+00 -6.283185307179586232e-01 1.483474139999398478e+00
2.722713633111153886e+00 -4.188790204786396743e-01 2.913160302716528705e+00
2.722713633111153886e+00 -2.094395102393198371e-01 4.492865993098158484e+00
2.722713633111153886e+00 0.000000000000000000e+00 5.378002198241744303e+00
2.722713633111153886e+00 2.094395102393195318e-01 5.378002198241744303e+00
2.722713633111153886e+00 4.188790204786390636e-01 4.126518548735671033e+00
2.722713633111153886e+00 6.283185307179586232e-01 2.513523705696043997e+00
2.722713633111153886e+00 8.377580409572781273e-01 1.391065508700654707e+00
2.722713633111153886e+00 1.047197551196597631e+00 7.063285486230134191e-01
2.722713633111153886e+00 1.256637061435917246e+00 3.586286949473606045e-01
2.722713633111153886e+00 1.466076571675236861e+00 3.313664406894977210e-01
2.722713633111153886e+00 1.675516081914556255e+00 6.682920124486638747e-01
2.722713633111153886e+00 1.884955592153875870e+00 1.353660220216426069e+00
2.722713633111153886e+00 2.094395102393195263e+00 2.232601050910036466e+00
2.722713633111153886e+00 2.303834612632514656e+00 3.185030902042168766e+00
2.722713633111153886e+00 2.513274122871834049e+00 3.912235325461660196e+00
2.722713633111153886e+00 2.722713633111153886e+00 3.286535593319466209e+00
2.722713633111153886e+00 2.932153143350473279e+00 2.572651749377631525e+00
2.722713633111153886e+00 3.141592653589792672e+00 2.038648492827586090e+00
2.932153143350473279e+00 -3.141592653589793116e+00 1.463341767563254514e+00
2.932153143350473279e+00 -2.932153143350473723e+00 8.783302395878375135e-01
2.932153143350473279e+00 -2.722713633111154330e+00 7.293081801739843550e-01
2.932153143350473279e+00 -2.513274122871834493e+00 9.139965235952890454e-01
2.932153143350473279e+00 -2.303834612632515100e+00 1.004264314191548380e+00
2.932153143350473279e+00 -2.094395102393195707e+00 8.405584330315448716e-01
2.932153143350473279e+00 -1.884955592153875870e+00 6.083137671010211411e-01
2.932153143350473279e+00 -1.675516081914556921e+00 4.505388150139310044e-01
2.932153143350473279e+00 -1.466076571675237084e+00 4.514256793712808635e-01
2.932153143350473279e+00 -1.256637061435917246e+00 3.472842636685397055e-01
2.932153143350473279e+00 -1.047197551196598297e+00 1.068834616552105654e-01
2.932153143350473279e+00 -8.377580409572784603e-01 3.365604390148563274e-01
2.932153143350473279e+00 -6.283185307179586232e-01 1.357388660803576563e+00
2.932153143350473279e+00 -4.188790204786396743e-01 2.963505484896296061e+00
2.932153143350473279e+00 -2.094395102393198371e-01 4.655075491764289808e+00
2.932153143350473279e+00 0.000000000000000000e+00 5.416918378733313943e+00
2.932153143350473279e+00 2.094395102393195318e-01 5.416918378733313943e+00
2.932153143350473279e+00 4.188790204786390636e-01 4.206222817906707157e+00
2.932153143350473279e+00 6.283185307179586232e-01 2.718198558549467680e+00
2.932153143350473279e+00 8.377580409572781273e-01 1.646197100648639111e+00
2.932153143350473279e+00 1.047197551196597631e+00 9.479904906106214613e-01
2.932153143350473279e+00 1.256637061435917246e+00 5.500043514380829057e-01
2.932153143350473279e+00 1.466076571675236861e+00 5.017875608682885735e-01
2.932153143350473279e+00 1.675516081914556255e+00 8.372850003892481352e-01
2.932153143350473279e+00 1.884955592153875870e+00 1.461474562054643656e+00
2.932153143350473279e+00 2.094395102393195263e+00 2.160838608855976339e+00
2.932153143350473279e+00 2.303834612632514656e+00 2.729600730626168925e+00
2.932153143350473279e+00 2.513274122871834049e+00 3.596483282389173475e+00
2.932153143350473279e+00 2.722713633111153886e+00 3.491665688831697700e+00
2.932153143350473279e+00 2.932153143350473279e+00 2.817894452796458005e+00
2.932153143350473279e+00 3.141592653589792672e+00 2.195272983027529712e+00
3.141592653589792672e+00 -3.141592653589793116e+00 1.535066051598096504e+00
3.141592653589792672e+00 -2.932153143350473723e+00 8.974972361498899653e-01
3.141592653589792672e+00 -2.722713633111154330e+00 7.599109641894140621e-01
3.141592653589792672e+00 -2.513274122871834493e+00 1.016269071310114569e+00
3.141592653589792672e+00 -2.303834612632515100e+00 1.206580565263916327e+00
3.141592653589792672e+00 -2.094395102393195707e+00 1.081511953537099835e+00
3.141592653589792672e+00 -1.884955592153875870e+00 9.054709149856111638e-01
3.141592653589792672e+00 -1.675516081914556921e+00 7.953858931844456359e-01
3.141592653589792672e+00 -1.466076571675237084e+00 7.425878159436692938e-01
3.141592653589792672e+00 -1.256637061435917246e+00 5.083239385886521022e-01
3.141592653589792672e+00 -1.047197551196598297e+00 2.229736819643343138e-01
3.141592653589792672e+00 -8.377580409572784603e-01 4.890018916506794211e-01
3.141592653589792672e+00 -6.283185307179586232e-01 1.594835353362742403e+00
3.141592653589792672e+00 -4.188790204786396743e-01 3.308903994098263190e+00
3.141592653589792672e+00 -2.094395102393198371e-01 5.011443585253504196e+00
3.141592653589792672e+00 0.000000000000000000e+00 5.487456613143907092e+00
3.141592653589792672e+00 2.094395102393195318e-01 5.487456613143907092e+00
3.141592653589792672e+00 4.188790204786390636e-01 4.173880804796295863e+00
3.141592653589792672e+00 6.283185307179586232e-01 2.947448771150821933e+00
3.141592653589792672e+00 8.377580409572781273e-01 2.016282263679506137e+00
3.141592653589792672e+00 1.047197551196597631e+00 1.266659822399549107e+00
3.141592653589792672e+00 1.256637061435917246e+00 7.920684178111371265e-01
3.141592653589792672e+00 1.466076571675236861e+00 7.467487182296855819e-01
3.141592653589792672e+00 1.675516081914556255e+00 1.129300385937662909e+00
3.141592653589792672e+00 1.884955592153875870e+00 1.698468971639440994e+00
3.141592653589792672e+00 2.094395102393195263e+00 2.178746181717708286e+00
3.141592653589792672e+00 2.303834612632514656e+00 2.441328454355895072e+00
3.141592653589792672e+00 2.513274122871834049e+00 3.369418092866887982e+00
3.141592653589792672e+00 2.722713633111153886e+00 3.768092081622770095e+00
3.141592653589792672e+00 2.932153143350473279e+00 3.145718133430249974e+00
3.141592653589792672e+00 3.141592653589792672e+00 2.399400088372637185e+00
