-3.141592653589793116e+00 -3.141592653589793116e+00 3.572884133983283306e+00
-3.141592653589793116e+00 -2.932153143350473723e+00 4.218941735739572430e+00
-3.141592653589793116e+00 -2.722713633111154330e+00 4.958315671852468576e+00
-3.141592653589793116e+00 -2.513274122871834493e+00 5.538275795834334048e+00
-3.141592653589793116e+00 -2.303834612632515100e+00 5.932487200010890582e+00
-3.141592653589793116e+00 -2.094395102393195707e+00 5.767130504838762661e+00
-3.141592653589793116e+00 -1.884955592153875870e+00 5.125302406386393450e+00
-3.141592653589793116e+00 -1.675516081914556921e+00 4.438580445637934524e+00
-3.141592653589793116e+00 -1.466076571675237084e+00 3.925245015310834695e+00
-3.141592653589793116e+00 -1.256637061435917246e+00 3.659008714317383504e+00
-3.141592653589793116e+00 -1.047197551196598297e+00 3.653660844641473116e+00
-3.141592653589793116e+00 -8.377580409572784603e-01 3.670598759613930895e+00
-3.141592653589793116e+00 -6.283185307179586232e-01 3.550596731412238860e+00
-3.141592653589793116e+00 -4.188790204786396743e-01 3.361017532475973457e+00
-3.141592653589793116e+00 -2.094395102393198371e-01 3.092642707851733785e+00
-3.141592653589793116e+00 0.000000000000000000e+00 2.818849969311118198e+00
-3.141592653589793116e+00 2.094395102393195318e-01 2.818849969311118198e+00
-3.141592653589793116e+00 4.188790204786390636e-01 2.688788065535608229e+00
-3.141592653589793116e+00 6.283185307179586232e-01 2.668139031555196716e+00
-3.141592653589793116e+00 8.377580409572781273e-01 2.660083484869212089e+00
-3.141592653589793116e+00 1.047197551196597631e+00 2.689090387273178617e+00
-3.141592653589793116e+00 1.256637061435917246e+00 2.778676357236714356e+00
-3.141592653589793116e+00 1.466076571675236861e+00 2.710834669813655839e+00
-3.141592653589793116e+00 1.675516081914556255e+00 2.526304813853847531e+00
-3.141592653589793116e+00 1.884955592153875870e+00 2.510501610769793945e+00
-3.141592653589793116e+00 2.094395102393195263e+00 2.497332290667630517e+00
-3.141592653589793116e+00 2.303834612632514656e+00 2.398864137963611309e+00
-3.141592653589793116e+00 2.513274122871834049e+00 2.386826928081805743e+00
-3.141592653589793116e+00 2.722713633111153886e+00 2.475289504322036649e+00
-3.141592653589793116e+00 2.932153143350473279e+00 2.685919935731329922e+00
-3.141592653589793116e+00 3.141592653589792672e+00 3.061731918547196063e+00
-2.932153143350473723e+00 -3.141592653589793116e+00 4.231587262009204764e+00
-2.932153143350473723e+00 -2.932153143350473723e+00 4.896091426307640049e+00
-2.932153143350473723e+00 -2.722713633111154330e+00 5.565666454659067952e+00
-2.932153143350473723e+00 -2.513274122871834493e+00 6.278901877752773864e+00
-2.932153143350473723e+00 -2.303834612632515100e+00 6.484145990895832767e+00
-2.932153143350473723e+00 -2.094395102393195707e+00 6.299821778390712446e+00
-2.932153143350473723e+00 -1.884955592153875870e+00 5.699059104516052798e+00
-2.932153143350473723e+00 -1.675516081914556921e+00 5.029895137480923317e+00
-2.932153143350473723e+00 -1.466076571675237084e+00 4.537358896312762901e+00
-2.932153143350473723e+00 -1.256637061435917246e+00 4.230910528597959797e+00
-2.932153143350473723e+00 -1.047197551196598297e+00 4.230150120617807374e+00
-2.932153143350473723e+00 -8.377580409572784603e-01 4.256681817756238217e+00
-2.932153143350473723e+00 -6.283185307179586232e-01 4.153294577037006441e+00
-2.932153143350473723e+00 -4.188790204786396743e-01 3.957510068200646103e+00
-2.932153143350473723e+00 -2.094395102393198371e-01 3.607212064211553493e+00
-2.932153143350473723e+00 0.000000000000000000e+00 3.327559473894921460e+00
-2.932153143350473723e+00 2.094395102393195318e-01 3.327559473894921460e+00
-2.932153143350473723e+00 4.188790204786390636e-01 3.216809091818615851e+00
-2.932153143350473723e+00 6.283185307179586232e-01 3.236907946680422477e+00
-2.932153143350473723e+00 8.377580409572781273e-01 3.266234626882093650e+00
-2.932153143350473723e+00 1.047197551196597631e+00 3.296147049555315789e+00
-2.932153143350473723e+00 1.256637061435917246e+00 3.409370671150979692e+00
-2.932153143350473723e+00 1.466076571675236861e+00 3.469011176454427137e+00
-2.932153143350473723e+00 1.675516081914556255e+00 3.341706043912667567e+00
-2.932153143350473723e+00 1.884955592153875870e+00 3.314834002628597620e+00
-2.932153143350473723e+00 2.094395102393195263e+00 3.249361596965203880e+00
-2.932153143350473723e+00 2.303834612632514656e+00 3.063457148615078118e+00
-2.932153143350473723e+00 2.513274122871834049e+00 2.969482113415006008e+00
-2.932153143350473723e+00 2.722713633111153886e+00 3.007147319997311552e+00
-2.932153143350473723e+00 2.932153143350473279e+00 3.210878173102413413e+00
-2.932153143350473723e+00 3.141592653589792672e+00 3.636623834099878660e+00
-2.722713633111154330e+00 -3.141592653589793116e+00 4.825028806502690060e+00
-2.722713633111154330e+00 -2.932153143350473723e+00 5.476778933117229187e+00
-2.722713633111154330e+00 -2.722713633111154330e+00 6.132637429491549774e+00
-2.722713633111154330e+00 -2.513274122871834493e+00 6.990705490195402660e+00
-2.722713633111154330e+00 -2.303834612632515100e+00 7.097954053441402067e+00
-2.722713633111154330e+00 -2.094395102393195707e+00 6.939556018142535088e+00
-2.722713633111154330e+00 -1.884955592153875870e+00 6.345956284203039033e+00
-2.722713633111154330e+00 -1.675516081914556921e+00 5.700880954220528096e+00
-2.722713633111154330e+00 -1.466076571675237084e+00 5.154758752835639335e+00
-2.722713633111154330e+00 -1.256637061435917246e+00 4.907159464871970300e+00
-2.722713633111154330e+00 -1.047197551196598297e+00 4.804580184984410529e+00
-2.722713633111154330e+00 -8.377580409572784603e-01 4.637871494943593298e+00
-2.722713633111154330e+00 -6.283185307179586232e-01 4.538892260036941018e+00
-2.722713633111154330e+00 -4.188790204786396743e-01 4.400834254766420095e+00
-2.722713633111154330e+00 -2.094395102393198371e-01 4.066518266401851989e+00
-2.722713633111154330e+00 0.000000000000000000e+00 3.794971360784753500e+00
-2.722713633111154330e+00 2.094395102393195318e-01 3.794971360784753500e+00
-2.722713633111154330e+00 4.188790204786390636e-01 3.700669209578287600e+00
-2.722713633111154330e+00 6.283185307179586232e-01 3.747486874811864155e+00
-2.722713633111154330e+00 8.377580409572781273e-01 3.785664953550000433e+00
-2.722713633111154330e+00 1.047197551196597631e+00 3.787423568012907360e+00
-2.722713633111154330e+00 1.256637061435917246e+00 3.869860391289424939e+00
-2.722713633111154330e+00 1.466076571675236861e+00 4.035003671343946330e+00
-2.722713633111154330e+00 1.675516081914556255e+00 4.050844362333911874e+00
-2.722713633111154330e+00 1.884955592153875870e+00 4.060897991993684286e+00
-2.722713633111154330e+00 2.094395102393195263e+00 3.978210316444210193e+00
-2.722713633111154330e+00 2.303834612632514656e+00 3.757407682468131505e+00
-2.722713633111154330e+00 2.513274122871834049e+00 3.631668126933842000e+00
-2.722713633111154330e+00 2.722713633111153886e+00 3.608788132453265352e+00
-2.722713633111154330e+00 2.932153143350473279e+00 3.787015214120783568e+00
-2.722713633111154330e+00 3.141592653589792672e+00 4.202541506326111787e+00
-2.513274122871834493e+00 -3.141592653589793116e+00 5.388242031396488940e+00
-2.513274122871834493e+00 -2.932153143350473723e+00 6.100981537152923906e+00
-2.513274122871834493e+00 -2.722713633111154330e+00 6.911101011564396934e+00
-2.513274122871834493e+00 -2.513274122871834493e+00 7.193315933195012057e+00
-2.513274122871834493e+00 -2.303834612632515100e+00 7.463050910025494034e+00
-2.513274122871834493e+00 -2.094395102393195707e+00 7.363464266415440385e+00
-2.513274122871834493e+00 -1.884955592153875870e+00 6.980685971291920033e+00
-2.513274122871834493e+00 -1.675516081914556921e+00 6.433303199352967461e+00
-2.513274122871834493e+00 -1.466076571675237084e+00 5.836028505830164193e+00
-2.513274122871834493e+00 -1.256637061435917246e+00 5.457723538466721536e+00
-2.513274122871834493e+00 -1.047197551196598297e+00 5.032484324725320590e+00
-2.513274122871834493e+00 -8.377580409572784603e-01 4.653610266573459775e+00
-2.513274122871834493e+00 -6.283185307179586232e-01 4.630471886747941745e+00
-2.513274122871834493e+00 -4.188790204786396743e-01 4.690611817113389037e+00
-2.513274122871834493e+00 -2.094395102393198371e-01 4.504697314145451159e+00
-2.513274122871834493e+00 0.000000000000000000e+00 4.279384271382282279e+00
-2.513274122871834493e+00 2.094395102393195318e-01 4.279384271382282279e+00
-2.513274122871834493e+00 4.188790204786390636e-01 4.190978660435749070e+00
-2.513274122871834493e+00 6.283185307179586232e-01 4.234783912668322436e+00
-2.513274122871834493e+00 8.377580409572781273e-01 4.259380412132770743e+00
-2.513274122871834493e+00 1.047197551196597631e+00 4.141596267632622563e+00
-2.513274122871834493e+00 1.256637061435917246e+00 4.100176864059447368e+00
-2.513274122871834493e+00 1.466076571675236861e+00 4.265053216967010563e+00
-2.513274122871834493e+00 1.675516081914556255e+00 4.576098090066973434e+00
-2.513274122871834493e+00 1.884955592153875870e+00 4.733064967651134936e+00
-2.513274122871834493e+00 2.094395102393195263e+00 4.688149160668837467e+00
-2.513274122871834493e+00 2.303834612632514656e+00 4.481447627354861574e+00
-2.513274122871834493e+00 2.513274122871834049e+00 4.318090886291285457e+00
-2.513274122871834493e+00 2.722713633111153886e+00 4.266292960871414408e+00
-2.513274122871834493e+00 2.932153143350473279e+00 4.392923437664671305e+00
-2.513274122871834493e+00 3.141592653589792672e+00 4.755906570889230522e+00
-2.303834612632515100e+00 -3.141592653589793116e+00 5.790957316458555937e+00
-2.303834612632515100e+00 -2.932153143350473723e+00 6.436713055627487634e+00
-2.303834612632515100e+00 -2.722713633111154330e+00 7.363464266415449266e+00
-2.303834612632515100e+00 -2.513274122871834493e+00 7.698417222079829259e+00
-2.303834612632515100e+00 -2.303834612632515100e+00 8.102215028974029565e+00
-2.303834612632515100e+00 -2.094395102393195707e+00 7.795854019134230484e+00
-2.303834612632515100e+00 -1.884955592153875870e+00 7.466247335146841912e+00
-2.303834612632515100e+00 -1.675516081914556921e+00 7.046658887893105572e+00
-2.303834612632515100e+00 -1.466076571675237084e+00 6.397028200048728408e+00
-2.303834612632515100e+00 -1.256637061435917246e+00 5.458827741283697854e+00
-2.303834612632515100e+00 -1.047197551196598297e+00 4.558021506156330283e+00
-2.303834612632515100e+00 -8.377580409572784603e-01 4.162456953443951946e+00
-2.303834612632515100e+00 -6.283185307179586232e-01 4.272893387367848739e+00
-2.303834612632515100e+00 -4.188790204786396743e-01 4.569795814775297060e+00
-2.303834612632515100e+00 -2.094395102393198371e-01 4.680761710071452697e+00
-2.303834612632515100e+00 0.000000000000000000e+00 4.667368296022688767e+00
-2.303834612632515100e+00 2.094395102393195318e-01 4.667368296022688767e+00
-2.303834612632515100e+00 4.188790204786390636e-01 4.583917934341025457e+00
-2.303834612632515100e+00 6.283185307179586232e-01 4.607641186376907783e+00
-2.303834612632515100e+00 8.377580409572781273e-01 4.545805780041197508e+00
-2.303834612632515100e+00 1.047197551196597631e+00 4.311909142512845960e+00
-2.303834612632515100e+00 1.256637061435917246e+00 4.158500486261974771e+00
-2.303834612632515100e+00 1.466076571675236861e+00 4.288998717291156559e+00
-2.303834612632515100e+00 1.675516081914556255e+00 4.700286704667467674e+00
-2.303834612632515100e+00 1.884955592153875870e+00 5.120959817119388191e+00
-2.303834612632515100e+00 2.094395102393195263e+00 5.215413749817909839e+00
-2.303834612632515100e+00 2.303834612632514656e+00 5.026246265501965738e+00
-2.303834612632515100e+00 2.513274122871834049e+00 4.908826554157785793e+00
-2.303834612632515100e+00 2.722713633111153886e+00 4.818612507237308940e+00
-2.303834612632515100e+00 2.932153143350473279e+00 4.892148161076959489e+00
-2.303834612632515100e+00 3.141592653589792672e+00 5.218138464877140947e+00
-2.094395102393195707e+00 -3.141592653589793116e+00 5.958487295824499874e+00
-2.094395102393195707e+00 -2.932153143350473723e+00 6.618564049445365249e+00
-2.094395102393195707e+00 -2.722713633111154330e+00 7.309349890432291552e+00
-2.094395102393195707e+00 -2.513274122871834493e+00 7.824381464041433532e+00
-2.094395102393195707e+00 -2.303834612632515100e+00 9.007982449916321244e+00
-2.094395102393195707e+00 -2.094395102393195707e+00 8.766384873274335021e+00
-2.094395102393195707e+00 -1.884955592153875870e+00 8.111602270906086432e+00
-2.094395102393195707e+00 -1.675516081914556921e+00 7.441143315773636857e+00
-2.094395102393195707e+00 -1.466076571675237084e+00 6.501681208118149868e+00
-2.094395102393195707e+00 -1.256637061435917246e+00 4.990834835166758410e+00
-2.094395102393195707e+00 -1.047197551196598297e+00 3.844007325512597717e+00
-2.094395102393195707e+00 -8.377580409572784603e-01 3.439331793966228012e+00
-2.094395102393195707e+00 -6.283185307179586232e-01 3.641065505606819741e+00
-2.094395102393195707e+00 -4.188790204786396743e-01 4.078683892255198451e+00
-2.094395102393195707e+00 -2.094395102393198371e-01 4.439099696376710646e+00
-2.094395102393195707e+00 0.000000000000000000e+00 4.600893529453795594e+00
-2.094395102393195707e+00 2.094395102393195318e-01 4.600893529453795594e+00
-2.094395102393195707e+00 4.188790204786390636e-01 4.657574719854218337e+00
-2.094395102393195707e+00 6.283185307179586232e-01 4.706480707476608849e+00
-2.094395102393195707e+00 8.377580409572781273e-01 4.672991235483460848e+00
-2.094395102393195707e+00 1.047197551196597631e+00 4.418057042212812036e+00
-2.094395102393195707e+00 1.256637061435917246e+00 4.197151321149904746e+00
-2.094395102393195707e+00 1.466076571675236861e+00 4.277751102295553665e+00
-2.094395102393195707e+00 1.675516081914556255e+00 4.689850652034632361e+00
-2.094395102393195707e+00 1.884955592153875870e+00 5.192283514736871552e+00
-2.094395102393195707e+00 2.094395102393195263e+00 5.350669534184303799e+00
-2.094395102393195707e+00 2.303834612632514656e+00 5.322932012911855360e+00
-2.094395102393195707e+00 2.513274122871834049e+00 5.202405065471830348e+00
-2.094395102393195707e+00 2.722713633111153886e+00 5.073893155197339411e+00
-2.094395102393195707e+00 2.932153143350473279e+00 5.144168564184166570e+00
-2.094395102393195707e+00 3.141592653589792672e+00 5.475413683128830478e+00
-1.884955592153875870e+00 -3.141592653589793116e+00 5.675550149868571204e+00
-1.884955592153875870e+00 -2.932153143350473723e+00 6.279339423504933571e+00
-1.884955592153875870e+00 -2.722713633111154330e+00 6.911101011564407592e+00
-1.884955592153875870e+00 -2.513274122871834493e+00 7.670685740884171544e+00
-1.884955592153875870e+00 -2.303834612632515100e+00 7.984293919712930787e+00
-1.884955592153875870e+00 -2.094395102393195707e+00 8.616616613537399161e+00
-1.884955592153875870e+00 -1.884955592153875870e+00 7.954482982927558510e+00
-1.884955592153875870e+00 -1.675516081914556921e+00 7.435029076750891086e+00
-1.884955592153875870e+00 -1.466076571675237084e+00 6.098390953790130631e+00
-1.884955592153875870e+00 -1.256637061435917246e+00 4.439539415909948161e+00
-1.884955592153875870e+00 -1.047197551196598297e+00 3.231905058572667411e+00
-1.884955592153875870e+00 -8.377580409572784603e-01 2.785681882753275218e+00
-1.884955592153875870e+00 -6.283185307179586232e-01 2.990627147703376565e+00
-1.884955592153875870e+00 -4.188790204786396743e-01 3.488247025334689777e+00
-1.884955592153875870e+00 -2.094395102393198371e-01 3.966991506779396381e+00
-1.884955592153875870e+00 0.000000000000000000e+00 4.297839916783793512e+00
-1.884955592153875870e+00 2.094395102393195318e-01 4.297839916783793512e+00
-1.884955592153875870e+00 4.188790204786390636e-01 4.426232653519258875e+00
-1.884955592153875870e+00 6.283185307179586232e-01 4.516682638692632423e+00
-1.884955592153875870e+00 8.377580409572781273e-01 4.563067302125388913e+00
-1.884955592153875870e+00 1.047197551196597631e+00 4.384095086930479113e+00
-1.884955592153875870e+00 1.256637061435917246e+00 4.223892600825170263e+00
-1.884955592153875870e+00 1.466076571675236861e+00 4.284110486130001227e+00
-1.884955592153875870e+00 1.675516081914556255e+00 4.619880008340491173e+00
-1.884955592153875870e+00 1.884955592153875870e+00 5.039444309471540429e+00
-1.884955592153875870e+00 2.094395102393195263e+00 5.195614616078728432e+00
-1.884955592153875870e+00 2.303834612632514656e+00 5.112492032773294781e+00
-1.884955592153875870e+00 2.513274122871834049e+00 5.014434448798408717e+00
-1.884955592153875870e+00 2.722713633111153886e+00 4.894416638865501490e+00
-1.884955592153875870e+00 2.932153143350473279e+00 4.936660328472025405e+00
-1.884955592153875870e+00 3.141592653589792672e+00 5.166013695982113241e+00
-1.675516081914556921e+00 -3.141592653589793116e+00 5.021663270631474774e+00
-1.675516081914556921e+00 -2.932153143350473723e+00 5.745112084438695810e+00
-1.675516081914556921e+00 -2.722713633111154330e+00 6.640617136844578994e+00
-1.675516081914556921e+00 -2.513274122871834493e+00 7.506004119106433947e+00
-1.675516081914556921e+00 -2.303834612632515100e+00 7.919200616566518747e+00
-1.675516081914556921e+00 -2.094395102393195707e+00 8.140684859972445508e+00
-1.675516081914556921e+00 -1.884955592153875870e+00 7.598468837866139580e+00
-1.675516081914556921e+00 -1.675516081914556921e+00 7.026395758395659108e+00
-1.675516081914556921e+00 -1.466076571675237084e+00 5.658314405991610840e+00
-1.675516081914556921e+00 -1.256637061435917246e+00 3.991951990477443424e+00
-1.675516081914556921e+00 -1.047197551196598297e+00 2.822496412738693117e+00
-1.675516081914556921e+00 -8.377580409572784603e-01 2.370597331299031829e+00
-1.675516081914556921e+00 -6.283185307179586232e-01 2.545676618588931017e+00
-1.675516081914556921e+00 -4.188790204786396743e-01 3.026396648114752619e+00
-1.675516081914556921e+00 -2.094395102393198371e-01 3.513395536660426366e+00
-1.675516081914556921e+00 0.000000000000000000e+00 3.905378374170045852e+00
-1.675516081914556921e+00 2.094395102393195318e-01 3.905378374170045852e+00
-1.675516081914556921e+00 4.188790204786390636e-01 4.076733252019724141e+00
-1.675516081914556921e+00 6.283185307179586232e-01 4.121616851686943583e+00
-1.675516081914556921e+00 8.377580409572781273e-01 4.044832755206604347e+00
-1.675516081914556921e+00 1.047197551196597631e+00 3.928528112275727402e+00
-1.675516081914556921e+00 1.256637061435917246e+00 3.950699168292942431e+00
-1.675516081914556921e+00 1.466076571675236861e+00 4.069670856356923494e+00
-1.675516081914556921e+00 1.675516081914556255e+00 4.353242868417972922e+00
-1.675516081914556921e+00 1.884955592153875870e+00 4.628190222486213479e+00
-1.675516081914556921e+00 2.094395102393195263e+00 4.656480425924718780e+00
-1.675516081914556921e+00 2.303834612632514656e+00 4.510389582203374381e+00
-1.675516081914556921e+00 2.513274122871834049e+00 4.350171385311791816e+00
-1.675516081914556921e+00 2.722713633111153886e+00 4.242779469551274829e+00
-1.675516081914556921e+00 2.932153143350473279e+00 4.265919272637289872e+00
-1.675516081914556921e+00 3.141592653589792672e+00 4.505567799649207394e+00
-1.466076571675237084e+00 -3.141592653589793116e+00 4.127558457859565877e+00
-1.466076571675237084e+00 -2.932153143350473723e+00 5.003263763322480351e+00
-1.466076571675237084e+00 -2.722713633111154330e+00 5.984337460179324886e+00
-1.466076571675237084e+00 -2.513274122871834493e+00 6.938232713959140874e+00
-1.466076571675237084e+00 -2.303834612632515100e+00 7.703167193247368871e+00
-1.466076571675237084e+00 -2.094395102393195707e+00 7.830254500460592126e+00
-1.466076571675237084e+00 -1.884955592153875870e+00 7.567291762078849793e+00
-1.466076571675237084e+00 -1.675516081914556921e+00 6.612410155826850655e+00
-1.466076571675237084e+00 -1.466076571675237084e+00 5.199250396909457450e+00
-1.466076571675237084e+00 -1.256637061435917246e+00 3.730429379488538366e+00
-1.466076571675237084e+00 -1.047197551196598297e+00 2.640509557206036639e+00
-1.466076571675237084e+00 -8.377580409572784603e-01 2.186877177065247757e+00
-1.466076571675237084e+00 -6.283185307179586232e-01 2.304671296048907081e+00
-1.466076571675237084e+00 -4.188790204786396743e-01 2.731662904243905565e+00
-1.466076571675237084e+00 -2.094395102393198371e-01 3.192302556642026001e+00
-1.466076571675237084e+00 0.000000000000000000e+00 3.557500920284368373e+00
-1.466076571675237084e+00 2.094395102393195318e-01 3.557500920284368373e+00
-1.466076571675237084e+00 4.188790204786390636e-01 3.688275802597983599e+00
-1.466076571675237084e+00 6.283185307179586232e-01 3.550772304925457590e+00
-1.466076571675237084e+00 8.377580409572781273e-01 3.261052590793674266e+00
-1.466076571675237084e+00 1.047197551196597631e+00 3.003898208974782325e+00
-1.466076571675237084e+00 1.256637061435917246e+00 2.964631380665066374e+00
-1.466076571675237084e+00 1.466076571675236861e+00 3.138568726974952483e+00
-1.466076571675237084e+00 1.675516081914556255e+00 3.448663185655807428e+00
-1.466076571675237084e+00 1.884955592153875870e+00 3.738894035944960947e+00
-1.466076571675237084e+00 2.094395102393195263e+00 3.779725495750319908e+00
-1.466076571675237084e+00 2.303834612632514656e+00 3.578753791450488997e+00
-1.466076571675237084e+00 2.513274122871834049e+00 3.409008497042897545e+00
-1.466076571675237084e+00 2.722713633111153886e+00 3.328768277164772638e+00
-1.466076571675237084e+00 2.932153143350473279e+00 3.367696711232060824e+00
-1.466076571675237084e+00 3.141592653589792672e+00 3.583020771037163765e+00
-1.256637061435917246e+00 -3.141592653589793116e+00 3.164457025558195191e+00
-1.256637061435917246e+00 -2.932153143350473723e+00 4.093571116543144761e+00
-1.256637061435917246e+00 -2.722713633111154330e+00 5.191930235153603412e+00
-1.256637061435917246e+00 -2.513274122871834493e+00 6.205727625856702012e+00
-1.256637061435917246e+00 -2.303834612632515100e+00 6.997966812104966294e+00
-1.256637061435917246e+00 -2.094395102393195707e+00 7.385444112510583636e+00
-1.256637061435917246e+00 -1.884955592153875870e+00 6.912365378542835614e+00
-1.256637061435917246e+00 -1.675516081914556921e+00 6.126170348460638237e+00
-1.256637061435917246e+00 -1.466076571675237084e+00 4.817556088512101375e+00
-1.256637061435917246e+00 -1.256637061435917246e+00 3.501608413637219641e+00
-1.256637061435917246e+00 -1.047197551196598297e+00 2.515065123330141539e+00
-1.256637061435917246e+00 -8.377580409572784603e-01 2.063049675753520162e+00
-1.256637061435917246e+00 -6.283185307179586232e-01 2.142674618120178121e+00
-1.256637061435917246e+00 -4.188790204786396743e-01 2.521380024500393002e+00
-1.256637061435917246e+00 -2.094395102393198371e-01 2.947509401502014903e+00
-1.256637061435917246e+00 0.000000000000000000e+00 3.241655526308917956e+00
-1.256637061435917246e+00 2.094395102393195318e-01 3.241655526308917956e+00
-1.256637061435917246e+00 4.188790204786390636e-01 3.254724750540966216e+00
-1.256637061435917246e+00 6.283185307179586232e-01 2.964912753072965312e+00
-1.256637061435917246e+00 8.377580409572781273e-01 2.521581075779931069e+00
-1.256637061435917246e+00 1.047197551196597631e+00 2.162163648278375039e+00
-1.256637061435917246e+00 1.256637061435917246e+00 2.020210549863388216e+00
-1.256637061435917246e+00 1.466076571675236861e+00 2.120987565088931603e+00
-1.256637061435917246e+00 1.675516081914556255e+00 2.421616548448501938e+00
-1.256637061435917246e+00 1.884955592153875870e+00 2.729081634132288769e+00
-1.256637061435917246e+00 2.094395102393195263e+00 2.768537008614696315e+00
-1.256637061435917246e+00 2.303834612632514656e+00 2.566711873319774906e+00
-1.256637061435917246e+00 2.513274122871834049e+00 2.393636482599361237e+00
-1.256637061435917246e+00 2.722713633111153886e+00 2.328711756220272822e+00
-1.256637061435917246e+00 2.932153143350473279e+00 2.386097571040554755e+00
-1.256637061435917246e+00 3.141592653589792672e+00 2.615365713193464448e+00
-1.047197551196598297e+00 -3.141592653589793116e+00 2.211080937772818000e+00
-1.047197551196598297e+00 -2.932153143350473723e+00 3.062563138087598613e+00
-1.047197551196598297e+00 -2.722713633111154330e+00 4.162306227246530099e+00
-1.047197551196598297e+00 -2.513274122871834493e+00 5.203844542852901434e+00
-1.047197551196598297e+00 -2.303834612632515100e+00 6.025487137746206479e+00
-1.047197551196598297e+00 -2.094395102393195707e+00 6.476785965088177832e+00
-1.047197551196598297e+00 -1.884955592153875870e+00 6.298012502552874814e+00
-1.047197551196598297e+00 -1.675516081914556921e+00 5.463376477589990010e+00
-1.047197551196598297e+00 -1.466076571675237084e+00 4.277370164656864482e+00
-1.047197551196598297e+00 -1.256637061435917246e+00 3.105660097438484257e+00
-1.047197551196598297e+00 -1.047197551196598297e+00 2.202837162332429877e+00
-1.047197551196598297e+00 -8.377580409572784603e-01 1.782294254466873396e+00
-1.047197551196598297e+00 -6.283185307179586232e-01 1.874431875374718226e+00
-1.047197551196598297e+00 -4.188790204786396743e-01 2.257015193325528912e+00
-1.047197551196598297e+00 -2.094395102393198371e-01 2.664894365787913166e+00
-1.047197551196598297e+00 0.000000000000000000e+00 2.905479942632902546e+00
-1.047197551196598297e+00 2.094395102393195318e-01 2.905479942632902546e+00
-1.047197551196598297e+00 4.188790204786390636e-01 2.888529394309952814e+00
-1.047197551196598297e+00 6.283185307179586232e-01 2.535997386912238305e+00
-1.047197551196598297e+00 8.377580409572781273e-01 2.062924947100951645e+00
-1.047197551196598297e+00 1.047197551196597631e+00 1.713505819887200632e+00
-1.047197551196598297e+00 1.256637061435917246e+00 1.556591765020908680e+00
-1.047197551196598297e+00 1.466076571675236861e+00 1.601602974847266880e+00
-1.047197551196598297e+00 1.675516081914556255e+00 1.798193558274071568e+00
-1.047197551196598297e+00 1.884955592153875870e+00 1.950221301910697536e+00
-1.047197551196598297e+00 2.094395102393195263e+00 1.873588318928331331e+00
-1.047197551196598297e+00 2.303834612632514656e+00 1.628394786233002600e+00
-1.047197551196598297e+00 2.513274122871834049e+00 1.433723539061821040e+00
-1.047197551196598297e+00 2.722713633111153886e+00 1.362022722304487177e+00
-1.047197551196598297e+00 2.932153143350473279e+00 1.435297166485014486e+00
-1.047197551196598297e+00 3.141592653589792672e+00 1.692259807533357696e+00
-8.377580409572784603e-01 -3.141592653589793116e+00 1.467646634790320537e+00
-8.377580409572784603e-01 -2.932153143350473723e+00 2.265929723741538115e+00
-8.377580409572784603e-01 -2.722713633111154330e+00 3.292031265530613648e+00
-8.377580409572784603e-01 -2.513274122871834493e+00 4.344859663277234496e+00
-8.377580409572784603e-01 -2.303834612632515100e+00 5.254428030084548062e+00
-8.377580409572784603e-01 -2.094395102393195707e+00 5.816782719936091972e+00
-8.377580409572784603e-01 -1.884955592153875870e+00 5.698397991668506357e+00
-8.377580409572784603e-01 -1.675516081914556921e+00 4.961522510712655709e+00
-8.377580409572784603e-01 -1.466076571675237084e+00 3.815082955935822362e+00
-8.377580409572784603e-01 -1.256637061435917246e+00 2.649241311489917816e+00
-8.377580409572784603e-01 -1.047197551196598297e+00 1.767306244084662969e+00
-8.377580409572784603e-01 -8.377580409572784603e-01 1.389026419779927357e+00
-8.377580409572784603e-01 -6.283185307179586232e-01 1.526873549731358359e+00
-8.377580409572784603e-01 -4.188790204786396743e-01 1.944474200747415837e+00
-8.377580409572784603e-01 -2.094395102393198371e-01 2.341108539746848738e+00
-8.377580409572784603e-01 0.000000000000000000e+00 2.554453924395825304e+00
-8.377580409572784603e-01 2.094395102393195318e-01 2.554453924395825304e+00
-8.377580409572784603e-01 4.188790204786390636e-01 2.545122146996712242e+00
-8.377580409572784603e-01 6.283185307179586232e-01 2.219730431773388357e+00
-8.377580409572784603e-01 8.377580409572781273e-01 1.780930874414375920e+00
-8.377580409572784603e-01 1.047197551196597631e+00 1.489007675503537298e+00
-8.377580409572784603e-01 1.256637061435917246e+00 1.348377623722946783e+00
-8.377580409572784603e-01 1.466076571675236861e+00 1.284859030741195118e+00
-8.377580409572784603e-01 1.675516081914556255e+00 1.187590599143843573e+00
-8.377580409572784603e-01 1.884955592153875870e+00 1.129526412717317685e+00
-8.377580409572784603e-01 2.094395102393195263e+00 1.051742033708300550e+00
-8.377580409572784603e-01 2.303834612632514656e+00 8.453876908177302418e-01
-8.377580409572784603e-01 2.513274122871834049e+00 6.495194779033359733e-01
-8.377580409572784603e-01 2.722713633111153886e+00 5.708151487476302854e-01
-8.377580409572784603e-01 2.932153143350473279e+00 6.566836716665074292e-01
-8.377580409572784603e-01 3.141592653589792672e+00 9.438771388651094885e-01
-6.283185307179586232e-01 -3.141592653589793116e+00 1.093236897072290992e+00
-6.283185307179586232e-01 -2.932153143350473723e+00 1.851311448066387699e+00
-6.283185307179586232e-01 -2.722713633111154330e+00 2.765019609862299887e+00
-6.283185307179586232e-01 -2.513274122871834493e+00 3.719370753089598303e+00
-6.283185307179586232e-01 -2.303834612632515100e+00 4.623462350583469771e+00
-6.283185307179586232e-01 -2.094395102393195707e+00 5.281795414832342495e+00
-6.283185307179586232e-01 -1.884955592153875870e+00 5.323548289107536746e+00
-6.283185307179586232e-01 -1.675516081914556921e+00 4.597600254456095215e+00
-6.283185307179586232e-01 -1.466076571675237084e+00 3.513222175988651497e+00
-6.283185307179586232e-01 -1.256637061435917246e+00 2.365238370952833957e+00
-6.283185307179586232e-01 -1.047197551196598297e+00 1.492372549846840979e+00
-6.283185307179586232e-01 -8.377580409572784603e-01 1.140660948645579875e+00
-6.283185307179586232e-01 -6.283185307179586232e-01 1.317288959943945015e+00
-6.283185307179586232e-01 -4.188790204786396743e-01 1.754069173271773474e+00
-6.283185307179586232e-01 -2.094395102393198371e-01 2.116327232321423057e+00
-6.283185307179586232e-01 0.000000000000000000e+00 2.265251826002129043e+00
-6.283185307179586232e-01 2.094395102393195318e-01 2.265251826002129043e+00
-6.283185307179586232e-01 4.188790204786390636e-01 2.217528843277367212e+00
-6.283185307179586232e-01 6.283185307179586232e-01 1.932794963416146539e+00
-6.283185307179586232e-01 8.377580409572781273e-01 1.544733609693640819e+00
-6.283185307179586232e-01 1.047197551196597631e+00 1.260704269602144434e+00
-6.283185307179586232e-01 1.256637061435917246e+00 1.051670157346294987e+00
-6.283185307179586232e-01 1.466076571675236861e+00 7.776276723954107517e-01
-6.283185307179586232e-01 1.675516081914556255e+00 4.752621516443795158e-01
-6.283185307179586232e-01 1.884955592153875870e+00 3.925818692968314205e-01
-6.283185307179586232e-01 2.094395102393195263e+00 4.284666455388506656e-01
-6.283185307179586232e-01 2.303834612632514656e+00 3.178526317876071983e-01
-6.283185307179586232e-01 2.513274122871834049e+00 1.506582905721863819e-01
-6.283185307179586232e-01 2.722713633111153886e+00 9.485041648902831080e-02
-6.283185307179586232e-01 2.932153143350473279e+00 2.199671018320999427e-01
-6.283185307179586232e-01 3.141592653589792672e+00 5.513788655855071941e-01
-4.188790204786396743e-01 -3.141592653589793116e+00 1.169260339881561084e+00
-4.188790204786396743e-01 -2.932153143350473723e+00 1.912992783483051129e+00
-4.188790204786396743e-01 -2.722713633111154330e+00 2.727340199681815847e+00
-4.188790204786396743e-01 -2.513274122871834493e+00 3.599012703110546774e+00
-4.188790204786396743e-01 -2.303834612632515100e+00 4.466450706471778886e+00
-4.188790204786396743e-01 -2.094395102393195707e+00 5.137619790695935329e+00
-4.188790204786396743e-01 -1.884955592153875870e+00 5.203700438605882717e+00
-4.188790204786396743e-01 -1.675516081914556921e+00 4.545973076152757919e+00
-4.188790204786396743e-01 -1.466076571675237084e+00 3.485488425509110311e+00
-4.188790204786396743e-01 -1.256637061435917246e+00 2.364497387527274341e+00
-4.188790204786396743e-01 -1.047197551196598297e+00 1.494104235132255765e+00
-4.188790204786396743e-01 -8.377580409572784603e-01 1.143635075901380915e+00
-4.188790204786396743e-01 -6.283185307179586232e-01 1.347291307359476553e+00
-4.188790204786396743e-01 -4.188790204786396743e-01 1.810305381935451541e+00
-4.188790204786396743e-01 -2.094395102393198371e-01 2.128809585258178316e+00
-4.188790204786396743e-01 0.000000000000000000e+00 2.196704712297632867e+00
-4.188790204786396743e-01 2.094395102393195318e-01 2.196704712297632867e+00
-4.188790204786396743e-01 4.188790204786390636e-01 2.066547487024209762e+00
-4.188790204786396743e-01 6.283185307179586232e-01 1.787815902736866525e+00
-4.188790204786396743e-01 8.377580409572781273e-01 1.434994148368862410e+00
-4.188790204786396743e-01 1.047197551196597631e+00 1.144426633317421782e+00
-4.188790204786396743e-01 1.256637061435917246e+00 8.804062170056896619e-01
-4.188790204786396743e-01 1.466076571675236861e+00 4.996188846541971817e-01
-4.188790204786396743e-01 1.675516081914556255e+00 1.564162441389858604e-01
-4.188790204786396743e-01 1.884955592153875870e+00 9.087134276388891818e-02
-4.188790204786396743e-01 2.094395102393195263e+00 1.790329205258295864e-01
-4.188790204786396743e-01 2.303834612632514656e+00 1.278037665792159938e-01
-4.188790204786396743e-01 2.513274122871834049e+00 2.178834868860612950e-03
-4.188790204786396743e-01 2.722713633111153886e+00 0.000000000000000000e+00
-4.188790204786396743e-01 2.932153143350473279e+00 1.885058673360682779e-01
-4.188790204786396743e-01 3.141592653589792672e+00 5.776323047952411915e-01
-2.094395102393198371e-01 -3.141592653589793116e+00 1.623773656159368750e+00
-2.094395102393198371e-01 -2.932153143350473723e+00 2.417122998688141955e+00
-2.094395102393198371e-01 -2.722713633111154330e+00 3.209179899086693766e+00
-2.094395102393198371e-01 -2.513274122871834493e+00 4.035572012909398154e+00
-2.094395102393198371e-01 -2.303834612632515100e+00 4.820655187956162102e+00
-2.094395102393198371e-01 -2.094395102393195707e+00 5.404363488182810649e+00
-2.094395102393198371e-01 -1.884955592153875870e+00 5.411568834149874441e+00
-2.094395102393198371e-01 -1.675516081914556921e+00 4.775990727100015931e+00
-2.094395102393198371e-01 -1.466076571675237084e+00 3.777508427077386877e+00
-2.094395102393198371e-01 -1.256637061435917246e+00 2.665291847855649987e+00
-2.094395102393198371e-01 -1.047197551196598297e+00 1.781623289305269919e+00
-2.094395102393198371e-01 -8.377580409572784603e-01 1.406793106006934080e+00
-2.094395102393198371e-01 -6.283185307179586232e-01 1.611743735290882773e+00
-2.094395102393198371e-01 -4.188790204786396743e-01 2.095459314042505294e+00
-2.094395102393198371e-01 -2.094395102393198371e-01 2.394996115393052794e+00
-2.094395102393198371e-01 0.000000000000000000e+00 2.395368759691352878e+00
-2.094395102393198371e-01 2.094395102393195318e-01 2.395368759691352878e+00
-2.094395102393198371e-01 4.188790204786390636e-01 2.182561758242328676e+00
-2.094395102393198371e-01 6.283185307179586232e-01 1.871406025840482767e+00
-2.094395102393198371e-01 8.377580409572781273e-01 1.541210984103429826e+00
-2.094395102393198371e-01 1.047197551196597631e+00 1.280942932616906171e+00
-2.094395102393198371e-01 1.256637061435917246e+00 1.045657140013765307e+00
-2.094395102393198371e-01 1.466076571675236861e+00 6.892330583680554845e-01
-2.094395102393198371e-01 1.675516081914556255e+00 3.789251356543441029e-01
-2.094395102393198371e-01 1.884955592153875870e+00 3.068971500447575385e-01
-2.094395102393198371e-01 2.094395102393195263e+00 3.608994100364634749e-01
-2.094395102393198371e-01 2.303834612632514656e+00 2.980421583005541941e-01
-2.094395102393198371e-01 2.513274122871834049e+00 1.862482113183059895e-01
-2.094395102393198371e-01 2.722713633111153886e+00 2.311658148124993706e-01
-2.094395102393198371e-01 2.932153143350473279e+00 4.891593648390032967e-01
-2.094395102393198371e-01 3.141592653589792672e+00 9.540875990487345248e-01
0.000000000000000000e+00 -3.141592653589793116e+00 2.286971324255784754e+00
0.000000000000000000e+00 -2.932153143350473723e+00 3.147305707208067460e+00
0.000000000000000000e+00 -2.722713633111154330e+00 4.001100597052194452e+00
0.000000000000000000e+00 -2.513274122871834493e+00 4.831167715813580621e+00
0.000000000000000000e+00 -2.303834612632515100e+00 5.560270124950360326e+00
0.000000000000000000e+00 -2.094395102393195707e+00 5.957210999769108284e+00
0.000000000000000000e+00 -1.884955592153875870e+00 5.794246206653737019e+00
0.000000000000000000e+00 -1.675516081914556921e+00 5.175489184788837349e+00
0.000000000000000000e+00 -1.466076571675237084e+00 4.278345851487241447e+00
0.000000000000000000e+00 -1.256637061435917246e+00 3.216518593745608001e+00
0.000000000000000000e+00 -1.047197551196598297e+00 2.303835585302405509e+00
0.000000000000000000e+00 -8.377580409572784603e-01 1.883959142808347087e+00
0.000000000000000000e+00 -6.283185307179586232e-01 2.057759443968389501e+00
0.000000000000000000e+00 -4.188790204786396743e-01 2.536971586472719142e+00
0.000000000000000000e+00 -2.094395102393198371e-01 2.822480487183447018e+00
0.000000000000000000e+00 0.000000000000000000e+00 1.340511557372948204e+01
0.000000000000000000e+00 2.094395102393195318e-01 2.795071807784699658e+00
0.000000000000000000e+00 4.188790204786390636e-01 2.540691606251487489e+00
0.000000000000000000e+00 6.283185307179586232e-01 2.205380878073641249e+00
0.000000000000000000e+00 8.377580409572781273e-01 1.893561232880501377e+00
0.000000000000000000e+00 1.047197551196597631e+00 1.694613066377841593e+00
0.000000000000000000e+00 1.256637061435917246e+00 1.522243498651766114e+00
0.000000000000000000e+00 1.466076571675236861e+00 1.247930380895401203e+00
0.000000000000000000e+00 1.675516081914556255e+00 1.023912557357034236e+00
0.000000000000000000e+00 1.884955592153875870e+00 9.750636940564449961e-01
0.000000000000000000e+00 2.094395102393195263e+00 9.801468102230292967e-01
0.000000000000000000e+00 2.303834612632514656e+00 8.279264440716527229e-01
0.000000000000000000e+00 2.513274122871834049e+00 6.575366997606852948e-01
0.000000000000000000e+00 2.722713633111153886e+00 6.844036695859903041e-01
0.000000000000000000e+00 2.932153143350473279e+00 9.724930917186902501e-01
0.000000000000000000e+00 3.141592653589792672e+00 1.525613746271224036e+00
2.094395102393195318e-01 -3.141592653589793116e+00 2.286971324255784754e+00
2.094395102393195318e-01 -2.932153143350473723e+00 3.147305707208067460e+00
2.094395102393195318e-01 -2.722713633111154330e+00 4.001100597052194452e+00
2.094395102393195318e-01 -2.513274122871834493e+00 4.831167715813580621e+00
2.094395102393195318e-01 -2.303834612632515100e+00 5.560270124950360326e+00
2.094395102393195318e-01 -2.094395102393195707e+00 5.957210999769108284e+00
2.094395102393195318e-01 -1.884955592153875870e+00 5.794246206653737019e+00
2.094395102393195318e-01 -1.675516081914556921e+00 5.175489184788837349e+00
2.094395102393195318e-01 -1.466076571675237084e+00 4.278345851487241447e+00
2.094395102393195318e-01 -1.256637061435917246e+00 3.216518593745608001e+00
2.094395102393195318e-01 -1.047197551196598297e+00 2.303835585302405509e+00
2.094395102393195318e-01 -8.377580409572784603e-01 1.883959142808347087e+00
2.094395102393195318e-01 -6.283185307179586232e-01 2.057759443968389501e+00
2.094395102393195318e-01 -4.188790204786396743e-01 2.536971586472719142e+00
2.094395102393195318e-01 -2.094395102393198371e-01 2.822480487183447018e+00
2.094395102393195318e-01 0.000000000000000000e+00 2.795071807784699658e+00
2.094395102393195318e-01 2.094395102393195318e-01 2.795071807784699658e+00
2.094395102393195318e-01 4.188790204786390636e-01 2.540691606251487489e+00
2.094395102393195318e-01 6.283185307179586232e-01 2.205380878073641249e+00
2.094395102393195318e-01 8.377580409572781273e-01 1.893561232880501377e+00
2.094395102393195318e-01 1.047197551196597631e+00 1.694613066377841593e+00
2.094395102393195318e-01 1.256637061435917246e+00 1.522243498651766114e+00
2.094395102393195318e-01 1.466076571675236861e+00 1.247930380895401203e+00
2.094395102393195318e-01 1.675516081914556255e+00 1.023912557357034236e+00
2.094395102393195318e-01 1.884955592153875870e+00 9.750636940564449961e-01
2.094395102393195318e-01 2.094395102393195263e+00 9.801468102230292967e-01
2.094395102393195318e-01 2.303834612632514656e+00 8.279264440716527229e-01
2.094395102393195318e-01 2.513274122871834049e+00 6.575366997606852948e-01
2.094395102393195318e-01 2.722713633111153886e+00 6.844036695859903041e-01
2.094395102393195318e-01 2.932153143350473279e+00 9.724930917186902501e-01
2.094395102393195318e-01 3.141592653589792672e+00 1.525613746271224036e+00
4.188790204786390636e-01 -3.141592653589793116e+00 2.957544999841193789e+00
4.188790204786390636e-01 -2.932153143350473723e+00 3.917606834457212805e+00
4.188790204786390636e-01 -2.722713633111154330e+00 4.856697676618914272e+00
4.188790204786390636e-01 -2.513274122871834493e+00 5.720611374724645870e+00
4.188790204786390636e-01 -2.303834612632515100e+00 6.273242814417694824e+00
4.188790204786390636e-01 -2.094395102393195707e+00 6.502317106120210077e+00
4.188790204786390636e-01 -1.884955592153875870e+00 6.346935997819849185e+00
4.188790204786390636e-01 -1.675516081914556921e+00 5.717533097323285851e+00
4.188790204786390636e-01 -1.466076571675237084e+00 4.839009479645653755e+00
4.188790204786390636e-01 -1.256637061435917246e+00 3.831763474704336758e+00
4.188790204786390636e-01 -1.047197551196598297e+00 2.910584221448768272e+00
4.188790204786390636e-01 -8.377580409572784603e-01 2.462558495124876679e+00
4.188790204786390636e-01 -6.283185307179586232e-01 2.598620905937480963e+00
4.188790204786390636e-01 -4.188790204786396743e-01 3.055023576791665807e+00
4.188790204786390636e-01 -2.094395102393198371e-01 3.331202607667019144e+00
4.188790204786390636e-01 0.000000000000000000e+00 3.323194152483544883e+00
4.188790204786390636e-01 2.094395102393195318e-01 3.323194152483544883e+00
4.188790204786390636e-01 4.188790204786390636e-01 3.123517832908325076e+00
4.188790204786390636e-01 6.283185307179586232e-01 2.770006915661490154e+00
4.188790204786390636e-01 8.377580409572781273e-01 2.470285413101632521e+00
4.188790204786390636e-01 1.047197551196597631e+00 2.323017394999550067e+00
4.188790204786390636e-01 1.256637061435917246e+00 2.187880593285756348e+00
4.188790204786390636e-01 1.466076571675236861e+00 1.979064357067292557e+00
4.188790204786390636e-01 1.675516081914556255e+00 1.862981696963359246e+00
4.188790204786390636e-01 1.884955592153875870e+00 1.905028638136978758e+00
4.188790204786390636e-01 2.094395102393195263e+00 1.857907121609534640e+00
4.188790204786390636e-01 2.303834612632514656e+00 1.539733011354589953e+00
4.188790204786390636e-01 2.513274122871834049e+00 1.258152251680704881e+00
4.188790204786390636e-01 2.722713633111153886e+00 1.201217518120266892e+00
4.188790204786390636e-01 2.932153143350473279e+00 1.472595060185598603e+00
4.188790204786390636e-01 3.141592653589792672e+00 2.093284568061318129e+00
6.283185307179586232e-01 -3.141592653589793116e+00 3.514902937714118103e+00
6.283185307179586232e-01 -2.932153143350473723e+00 4.572738587631385521e+00
6.283185307179586232e-01 -2.722713633111154330e+00 5.587205350687253436e+00
6.283185307179586232e-01 -2.513274122871834493e+00 6.446481594754371436e+00
6.283185307179586232e-01 -2.303834612632515100e+00 7.064359523119332351e+00
6.283185307179586232e-01 -2.094395102393195707e+00 6.966658321918909991e+00
6.283185307179586232e-01 -1.884955592153875870e+00 6.746586737911348663e+00
6.283185307179586232e-01 -1.675516081914556921e+00 6.159947097137584926e+00
6.283185307179586232e-01 -1.466076571675237084e+00 5.273719795805558164e+00
6.283185307179586232e-01 -1.256637061435917246e+00 4.346824623172673263e+00
6.283185307179586232e-01 -1.047197551196598297e+00 3.452736423832476920e+00
6.283185307179586232e-01 -8.377580409572784603e-01 2.982172943854446423e+00
6.283185307179586232e-01 -6.283185307179586232e-01 3.123651982049420628e+00
6.283185307179586232e-01 -4.188790204786396743e-01 3.583853094431304065e+00
6.283185307179586232e-01 -2.094395102393198371e-01 3.867780114729251650e+00
6.283185307179586232e-01 0.000000000000000000e+00 3.913331781354159489e+00
6.283185307179586232e-01 2.094395102393195318e-01 3.913331781354159489e+00
6.283185307179586232e-01 4.188790204786390636e-01 3.818424253793192946e+00
6.283185307179586232e-01 6.283185307179586232e-01 3.523989529313934721e+00
6.283185307179586232e-01 8.377580409572781273e-01 3.226548996089461774e+00
6.283185307179586232e-01 1.047197551196597631e+00 3.066343007492662309e+00
6.283185307179586232e-01 1.256637061435917246e+00 2.939730040421351109e+00
6.283185307179586232e-01 1.466076571675236861e+00 2.785247851116085194e+00
6.283185307179586232e-01 1.675516081914556255e+00 2.769301247838674485e+00
6.283185307179586232e-01 1.884955592153875870e+00 2.871943677239163772e+00
6.283185307179586232e-01 2.094395102393195263e+00 2.653037554006673737e+00
6.283185307179586232e-01 2.303834612632514656e+00 2.190965426486365608e+00
6.283185307179586232e-01 2.513274122871834049e+00 1.823427438599441119e+00
6.283185307179586232e-01 2.722713633111153886e+00 1.702823271013147677e+00
6.283185307179586232e-01 2.932153143350473279e+00 1.945382902801095382e+00
6.283185307179586232e-01 3.141592653589792672e+00 2.580731026755398450e+00
8.377580409572781273e-01 -3.141592653589793116e+00 3.950091834355236919e+00
8.377580409572781273e-01 -2.932153143350473723e+00 5.083826453288625480e+00
8.377580409572781273e-01 -2.722713633111154330e+00 6.187816813661816795e+00
8.377580409572781273e-01 -2.513274122871834493e+00 7.347495368330749343e+00
8.377580409572781273e-01 -2.303834612632515100e+00 7.485794375364416275e+00
8.377580409572781273e-01 -2.094395102393195707e+00 7.606524697780403521e+00
8.377580409572781273e-01 -1.884955592153875870e+00 7.167522051731557653e+00
8.377580409572781273e-01 -1.675516081914556921e+00 6.545176925384563305e+00
8.377580409572781273e-01 -1.466076571675237084e+00 5.673170272427640271e+00
8.377580409572781273e-01 -1.256637061435917246e+00 4.723233926985820119e+00
8.377580409572781273e-01 -1.047197551196598297e+00 3.805066500506474547e+00
8.377580409572781273e-01 -8.377580409572784603e-01 3.371204482020995208e+00
8.377580409572781273e-01 -6.283185307179586232e-01 3.571451342793837469e+00
8.377580409572781273e-01 -4.188790204786396743e-01 4.076439574554599155e+00
8.377580409572781273e-01 -2.094395102393198371e-01 4.414154591269285000e+00
8.377580409572781273e-01 0.000000000000000000e+00 4.475428994674242489e+00
8.377580409572781273e-01 2.094395102393195318e-01 4.475428994674242489e+00
8.377580409572781273e-01 4.188790204786390636e-01 4.436090342422005506e+00
8.377580409572781273e-01 6.283185307179586232e-01 4.193183410522411059e+00
8.377580409572781273e-01 8.377580409572781273e-01 3.916566379332325099e+00
8.377580409572781273e-01 1.047197551196597631e+00 3.825563212996550888e+00
8.377580409572781273e-01 1.256637061435917246e+00 3.732361788486283416e+00
8.377580409572781273e-01 1.466076571675236861e+00 3.629331473359138638e+00
8.377580409572781273e-01 1.675516081914556255e+00 3.672771649661391358e+00
8.377580409572781273e-01 1.884955592153875870e+00 3.651114004745092956e+00
8.377580409572781273e-01 2.094395102393195263e+00 3.250917015063029325e+00
8.377580409572781273e-01 2.303834612632514656e+00 2.742742891624736945e+00
8.377580409572781273e-01 2.513274122871834049e+00 2.354605318715450757e+00
8.377580409572781273e-01 2.722713633111153886e+00 2.213381087017722848e+00
8.377580409572781273e-01 2.932153143350473279e+00 2.424638892856973538e+00
8.377580409572781273e-01 3.141592653589792672e+00 3.020320093348559887e+00
1.047197551196597631e+00 -3.141592653589793116e+00 4.230713292636811396e+00
1.047197551196597631e+00 -2.932153143350473723e+00 5.345986550724424191e+00
1.047197551196597631e+00 -2.722713633111154330e+00 6.379686188760608445e+00
1.047197551196597631e+00 -2.513274122871834493e+00 7.602483160654855077e+00
1.047197551196597631e+00 -2.303834612632515100e+00 7.812806165919164769e+00
1.047197551196597631e+00 -2.094395102393195707e+00 8.083872676087679565e+00
1.047197551196597631e+00 -1.884955592153875870e+00 8.023784554604587171e+00
1.047197551196597631e+00 -1.675516081914556921e+00 6.854511597635113418e+00
1.047197551196597631e+00 -1.466076571675237084e+00 6.114769924247664079e+00
1.047197551196597631e+00 -1.256637061435917246e+00 5.054565807643666808e+00
1.047197551196597631e+00 -1.047197551196598297e+00 4.126280261985717068e+00
1.047197551196597631e+00 -8.377580409572784603e-01 3.735821595667797368e+00
1.047197551196597631e+00 -6.283185307179586232e-01 4.003203049362421773e+00
1.047197551196597631e+00 -4.188790204786396743e-01 4.506931882161863356e+00
1.047197551196597631e+00 -2.094395102393198371e-01 4.878673862636535574e+00
1.047197551196597631e+00 0.000000000000000000e+00 4.959988734073348837e+00
1.047197551196597631e+00 2.094395102393195318e-01 4.959988734073348837e+00
1.047197551196597631e+00 4.188790204786390636e-01 4.788280915536677007e+00
1.047197551196597631e+00 6.283185307179586232e-01 4.412528117337187972e+00
1.047197551196597631e+00 8.377580409572781273e-01 4.231643691151031561e+00
1.047197551196597631e+00 1.047197551196597631e+00 4.362957723729121717e+00
1.047197551196597631e+00 1.256637061435917246e+00 4.456843553261302660e+00
1.047197551196597631e+00 1.466076571675236861e+00 4.445123997064143850e+00
1.047197551196597631e+00 1.675516081914556255e+00 4.425002068299917823e+00
1.047197551196597631e+00 1.884955592153875870e+00 4.239668452816224509e+00
1.047197551196597631e+00 2.094395102393195263e+00 3.705155699298021688e+00
1.047197551196597631e+00 2.303834612632514656e+00 3.173634976705814736e+00
1.047197551196597631e+00 2.513274122871834049e+00 2.767703528489391829e+00
1.047197551196597631e+00 2.722713633111153886e+00 2.609849040703349665e+00
1.047197551196597631e+00 2.932153143350473279e+00 2.788750303893929861e+00
1.047197551196597631e+00 3.141592653589792672e+00 3.338105501162131894e+00
1.256637061435917246e+00 -3.141592653589793116e+00 4.301794189329514850e+00
1.256637061435917246e+00 -2.932153143350473723e+00 5.303540199127119159e+00
1.256637061435917246e+00 -2.722713633111154330e+00 6.462333024124428782e+00
1.256637061435917246e+00 -2.513274122871834493e+00 7.444224112662945814e+00
1.256637061435917246e+00 -2.303834612632515100e+00 7.898991874611285269e+00
1.256637061435917246e+00 -2.094395102393195707e+00 7.947257482228360814e+00
1.256637061435917246e+00 -1.884955592153875870e+00 8.048798857172650756e+00
1.256637061435917246e+00 -1.675516081914556921e+00 7.089376281734996788e+00
1.256637061435917246e+00 -1.466076571675237084e+00 6.331928445099957337e+00
1.256637061435917246e+00 -1.256637061435917246e+00 5.376864048259596629e+00
1.256637061435917246e+00 -1.047197551196598297e+00 4.541519926282167496e+00
1.256637061435917246e+00 -8.377580409572784603e-01 4.221321894463370583e+00
1.256637061435917246e+00 -6.283185307179586232e-01 4.466973883087670849e+00
1.256637061435917246e+00 -4.188790204786396743e-01 4.942488749830897810e+00
1.256637061435917246e+00 -2.094395102393198371e-01 5.187356550481474926e+00
1.256637061435917246e+00 0.000000000000000000e+00 5.230744616450731854e+00
1.256637061435917246e+00 2.094395102393195318e-01 5.230744616450731854e+00
1.256637061435917246e+00 4.188790204786390636e-01 4.941838326380937119e+00
1.256637061435917246e+00 6.283185307179586232e-01 4.511245874634231434e+00
1.256637061435917246e+00 8.377580409572781273e-01 4.378961298714855843e+00
1.256637061435917246e+00 1.047197551196597631e+00 4.680342322339550165e+00
1.256637061435917246e+00 1.256637061435917246e+00 4.977524814837547495e+00
1.256637061435917246e+00 1.466076571675236861e+00 4.958793210711890609e+00
1.256637061435917246e+00 1.675516081914556255e+00 4.915053396289568610e+00
1.256637061435917246e+00 1.884955592153875870e+00 4.609260356972831651e+00
1.256637061435917246e+00 2.094395102393195263e+00 3.976387083673507128e+00
1.256637061435917246e+00 2.303834612632514656e+00 3.354399400781573171e+00
1.256637061435917246e+00 2.513274122871834049e+00 2.950411913640872186e+00
1.256637061435917246e+00 2.722713633111153886e+00 2.800208147654085433e+00
1.256637061435917246e+00 2.932153143350473279e+00 2.973323972326867626e+00
1.256637061435917246e+00 3.141592653589792672e+00 3.484992262605245195e+00
1.466076571675236861e+00 -3.141592653589793116e+00 3.982328449242080737e+00
1.466076571675236861e+00 -2.932153143350473723e+00 4.934638356455574026e+00
1.466076571675236861e+00 -2.722713633111154330e+00 5.994836780526982878e+00
1.466076571675236861e+00 -2.513274122871834493e+00 7.185259834517172983e+00
1.466076571675236861e+00 -2.303834612632515100e+00 7.459871531788142107e+00
1.466076571675236861e+00 -2.094395102393195707e+00 7.933064010815646938e+00
1.466076571675236861e+00 -1.884955592153875870e+00 7.319285755547404904e+00
1.466076571675236861e+00 -1.675516081914556921e+00 7.173376201357206661e+00
1.466076571675236861e+00 -1.466076571675237084e+00 6.315891642769975611e+00
1.466076571675236861e+00 -1.256637061435917246e+00 5.594931653362445800e+00
1.466076571675236861e+00 -1.047197551196598297e+00 4.989022798946259663e+00
1.466076571675236861e+00 -8.377580409572784603e-01 4.721177980584106315e+00
1.466076571675236861e+00 -6.283185307179586232e-01 4.863376838301981309e+00
1.466076571675236861e+00 -4.188790204786396743e-01 5.097293494608963194e+00
1.466076571675236861e+00 -2.094395102393198371e-01 5.189603825737410858e+00
1.466076571675236861e+00 0.000000000000000000e+00 5.156753043218877508e+00
1.466076571675236861e+00 2.094395102393195318e-01 5.156753043218877508e+00
1.466076571675236861e+00 4.188790204786390636e-01 4.915675228646110284e+00
1.466076571675236861e+00 6.283185307179586232e-01 4.622972579954021555e+00
1.466076571675236861e+00 8.377580409572781273e-01 4.571739409185788361e+00
1.466076571675236861e+00 1.047197551196597631e+00 4.896177439801059350e+00
1.466076571675236861e+00 1.256637061435917246e+00 5.034867665593082187e+00
1.466076571675236861e+00 1.466076571675236861e+00 4.940354303541159453e+00
1.466076571675236861e+00 1.675516081914556255e+00 4.760102372878856514e+00
1.466076571675236861e+00 1.884955592153875870e+00 4.456967067015614070e+00
1.466076571675236861e+00 2.094395102393195263e+00 3.863420566538747103e+00
1.466076571675236861e+00 2.303834612632514656e+00 3.288944103721910484e+00
1.466076571675236861e+00 2.513274122871834049e+00 2.944622581194849875e+00
1.466076571675236861e+00 2.722713633111153886e+00 2.836580599845700323e+00
1.466076571675236861e+00 2.932153143350473279e+00 2.966581811813064906e+00
1.466076571675236861e+00 3.141592653589792672e+00 3.342089823200886212e+00
1.675516081914556255e+00 -3.141592653589793116e+00 2.975857266189587680e+00
1.675516081914556255e+00 -2.932153143350473723e+00 3.931275064308481504e+00
1.675516081914556255e+00 -2.722713633111154330e+00 5.170357811234374878e+00
1.675516081914556255e+00 -2.513274122871834493e+00 6.161741130243942877e+00
1.675516081914556255e+00 -2.303834612632515100e+00 6.947558127532968975e+00
1.675516081914556255e+00 -2.094395102393195707e+00 7.113712095255858792e+00
1.675516081914556255e+00 -1.884955592153875870e+00 6.970832068444880569e+00
1.675516081914556255e+00 -1.675516081914556921e+00 6.696955319458811395e+00
1.675516081914556255e+00 -1.466076571675237084e+00 6.299368944395128622e+00
1.675516081914556255e+00 -1.256637061435917246e+00 5.514753190048948817e+00
1.675516081914556255e+00 -1.047197551196598297e+00 5.038515243863408877e+00
1.675516081914556255e+00 -8.377580409572784603e-01 4.746932463656757584e+00
1.675516081914556255e+00 -6.283185307179586232e-01 4.714861927893731597e+00
1.675516081914556255e+00 -4.188790204786396743e-01 4.670953787542448055e+00
1.675516081914556255e+00 -2.094395102393198371e-01 4.572513626427939570e+00
1.675516081914556255e+00 0.000000000000000000e+00 4.478260000324579160e+00
1.675516081914556255e+00 2.094395102393195318e-01 4.478260000324579160e+00
1.675516081914556255e+00 4.188790204786390636e-01 4.318172439177917710e+00
1.675516081914556255e+00 6.283185307179586232e-01 4.247310063227795141e+00
1.675516081914556255e+00 8.377580409572781273e-01 4.318547726215331117e+00
1.675516081914556255e+00 1.047197551196597631e+00 4.404216623802121866e+00
1.675516081914556255e+00 1.256637061435917246e+00 4.324535210283875664e+00
1.675516081914556255e+00 1.466076571675236861e+00 4.081605418698984522e+00
1.675516081914556255e+00 1.675516081914556255e+00 3.814921641147503983e+00
1.675516081914556255e+00 1.884955592153875870e+00 3.623712756469350094e+00
1.675516081914556255e+00 2.094395102393195263e+00 3.238996709040572686e+00
1.675516081914556255e+00 2.303834612632514656e+00 2.781719995365579123e+00
1.675516081914556255e+00 2.513274122871834049e+00 2.479960038997225613e+00
1.675516081914556255e+00 2.722713633111153886e+00 2.326640032488941578e+00
1.675516081914556255e+00 2.932153143350473279e+00 2.315030754439054927e+00
1.675516081914556255e+00 3.141592653589792672e+00 2.475285797922483155e+00
1.884955592153875870e+00 -3.141592653589793116e+00 2.052504072301839511e+00
1.884955592153875870e+00 -2.932153143350473723e+00 2.987520861622752655e+00
1.884955592153875870e+00 -2.722713633111154330e+00 4.192985045445936088e+00
1.884955592153875870e+00 -2.513274122871834493e+00 5.088321327052431897e+00
1.884955592153875870e+00 -2.303834612632515100e+00 5.672220975234844254e+00
1.884955592153875870e+00 -2.094395102393195707e+00 5.856777577428964321e+00
1.884955592153875870e+00 -1.884955592153875870e+00 5.898031354320453445e+00
1.884955592153875870e+00 -1.675516081914556921e+00 5.876936254294970574e+00
1.884955592153875870e+00 -1.466076571675237084e+00 5.474959293699371621e+00
1.884955592153875870e+00 -1.256637061435917246e+00 4.846243369377462251e+00
1.884955592153875870e+00 -1.047197551196598297e+00 4.337535574679793449e+00
1.884955592153875870e+00 -8.377580409572784603e-01 4.021513615408736086e+00
1.884955592153875870e+00 -6.283185307179586232e-01 3.832463612252526630e+00
1.884955592153875870e+00 -4.188790204786396743e-01 3.660278813163285516e+00
1.884955592153875870e+00 -2.094395102393198371e-01 3.517801400210573526e+00
1.884955592153875870e+00 0.000000000000000000e+00 3.425582907128925658e+00
1.884955592153875870e+00 2.094395102393195318e-01 3.425582907128925658e+00
1.884955592153875870e+00 4.188790204786390636e-01 3.349021176454154869e+00
1.884955592153875870e+00 6.283185307179586232e-01 3.349894896840446723e+00
1.884955592153875870e+00 8.377580409572781273e-01 3.366965208361142103e+00
1.884955592153875870e+00 1.047197551196597631e+00 3.364071182677976779e+00
1.884955592153875870e+00 1.256637061435917246e+00 3.245860474259679496e+00
1.884955592153875870e+00 1.466076571675236861e+00 2.996824692510345223e+00
1.884955592153875870e+00 1.675516081914556255e+00 2.723018286460925808e+00
1.884955592153875870e+00 1.884955592153875870e+00 2.630444221176304165e+00
1.884955592153875870e+00 2.094395102393195263e+00 2.395747475261547965e+00
1.884955592153875870e+00 2.303834612632514656e+00 1.969470747027977753e+00
1.884955592153875870e+00 2.513274122871834049e+00 1.679201917744348238e+00
1.884955592153875870e+00 2.722713633111153886e+00 1.540135942173682215e+00
1.884955592153875870e+00 2.932153143350473279e+00 1.498073304830392694e+00
1.884955592153875870e+00 3.141592653589792672e+00 1.591575261139194675e+00
2.094395102393195263e+00 -3.141592653589793116e+00 1.573292989811504450e+00
2.094395102393195263e+00 -2.932153143350473723e+00 2.450630431151570310e+00
2.094395102393195263e+00 -2.722713633111154330e+00 3.509051382317117884e+00
2.094395102393195263e+00 -2.513274122871834493e+00 4.264471575809519521e+00
2.094395102393195263e+00 -2.303834612632515100e+00 4.701867989744076937e+00
2.094395102393195263e+00 -2.094395102393195707e+00 4.858834957353959538e+00
2.094395102393195263e+00 -1.884955592153875870e+00 4.950820888361844752e+00
2.094395102393195263e+00 -1.675516081914556921e+00 4.917544626875275604e+00
2.094395102393195263e+00 -1.466076571675237084e+00 4.541828430000292904e+00
2.094395102393195263e+00 -1.256637061435917246e+00 3.849890127879049828e+00
2.094395102393195263e+00 -1.047197551196598297e+00 3.350963087946846830e+00
2.094395102393195263e+00 -8.377580409572784603e-01 3.071971403006689805e+00
2.094395102393195263e+00 -6.283185307179586232e-01 2.837199208481981483e+00
2.094395102393195263e+00 -4.188790204786396743e-01 2.624025347880748704e+00
2.094395102393195263e+00 -2.094395102393198371e-01 2.491062519712547996e+00
2.094395102393195263e+00 0.000000000000000000e+00 2.431215104526705861e+00
2.094395102393195263e+00 2.094395102393195318e-01 2.431215104526705861e+00
2.094395102393195263e+00 4.188790204786390636e-01 2.372483408232918478e+00
2.094395102393195263e+00 6.283185307179586232e-01 2.371960215043177111e+00
2.094395102393195263e+00 8.377580409572781273e-01 2.391989151345408349e+00
2.094395102393195263e+00 1.047197551196597631e+00 2.404022263143916760e+00
2.094395102393195263e+00 1.256637061435917246e+00 2.369918608999795673e+00
2.094395102393195263e+00 1.466076571675236861e+00 2.237750089452242186e+00
2.094395102393195263e+00 1.675516081914556255e+00 2.063386870693991959e+00
2.094395102393195263e+00 1.884955592153875870e+00 2.009712850119024896e+00
2.094395102393195263e+00 2.094395102393195263e+00 1.735641029889114284e+00
2.094395102393195263e+00 2.303834612632514656e+00 1.309495437140559826e+00
2.094395102393195263e+00 2.513274122871834049e+00 1.071690628751683194e+00
2.094395102393195263e+00 2.722713633111153886e+00 1.010028960933250453e+00
2.094395102393195263e+00 2.932153143350473279e+00 1.021071302614269483e+00
2.094395102393195263e+00 3.141592653589792672e+00 1.122367751685287018e+00
2.303834612632514656e+00 -3.141592653589793116e+00 1.471813871384554773e+00
2.303834612632514656e+00 -2.932153143350473723e+00 2.291931538662297374e+00
2.303834612632514656e+00 -2.722713633111154330e+00 3.214483938315835676e+00
2.303834612632514656e+00 -2.513274122871834493e+00 3.855148462597058234e+00
2.303834612632514656e+00 -2.303834612632515100e+00 4.230910528597926046e+00
2.303834612632514656e+00 -2.094395102393195707e+00 4.404574773938320753e+00
2.303834612632514656e+00 -1.884955592153875870e+00 4.441080993419459944e+00
2.303834612632514656e+00 -1.675516081914556921e+00 4.310587029729380681e+00
2.303834612632514656e+00 -1.466076571675237084e+00 3.875469421800366021e+00
2.303834612632514656e+00 -1.256637061435917246e+00 3.219923470807701804e+00
2.303834612632514656e+00 -1.047197551196598297e+00 2.739436357336087813e+00
2.303834612632514656e+00 -8.377580409572784603e-01 2.420048936898701708e+00
2.303834612632514656e+00 -6.283185307179586232e-01 2.100444739284588191e+00
2.303834612632514656e+00 -4.188790204786396743e-01 1.830906329947366684e+00
2.303834612632514656e+00 -2.094395102393198371e-01 1.741914816226448837e+00
2.303834612632514656e+00 0.000000000000000000e+00 1.765669093587062699e+00
2.303834612632514656e+00 2.094395102393195318e-01 1.765669093587062699e+00
2.303834612632514656e+00 4.188790204786390636e-01 1.725150112824587412e+00
2.303834612632514656e+00 6.283185307179586232e-01 1.657984720395961009e+00
2.303834612632514656e+00 8.377580409572781273e-01 1.619718530365842790e+00
2.303834612632514656e+00 1.047197551196597631e+00 1.650864289457902201e+00
2.303834612632514656e+00 1.256637061435917246e+00 1.736850217998342716e+00
2.303834612632514656e+00 1.466076571675236861e+00 1.766534065001143405e+00
2.303834612632514656e+00 1.675516081914556255e+00 1.717732410688360689e+00
2.303834612632514656e+00 1.884955592153875870e+00 1.670067654862858353e+00
2.303834612632514656e+00 2.094395102393195263e+00 1.376463972731617247e+00
2.303834612632514656e+00 2.303834612632514656e+00 9.823241375053739510e-01
2.303834612632514656e+00 2.513274122871834049e+00 7.869845568280575687e-01
2.303834612632514656e+00 2.722713633111153886e+00 7.858433496955556929e-01
2.303834612632514656e+00 2.932153143350473279e+00 8.619426728292418627e-01
2.303834612632514656e+00 3.141592653589792672e+00 1.018621247343424407e+00
2.513274122871834049e+00 -3.141592653589793116e+00 1.602340293906077129e+00
2.513274122871834049e+00 -2.932153143350473723e+00 2.386050978721423022e+00
2.513274122871834049e+00 -2.722713633111154330e+00 3.244205087646176544e+00
2.513274122871834049e+00 -2.513274122871834493e+00 3.867297546147169029e+00
2.513274122871834049e+00 -2.303834612632515100e+00 4.229573420894703339e+00
2.513274122871834049e+00 -2.094395102393195707e+00 4.335550560551858723e+00
2.513274122871834049e+00 -1.884955592153875870e+00 4.232010610823580876e+00
2.513274122871834049e+00 -1.675516081914556921e+00 3.945552079559644376e+00
2.513274122871834049e+00 -1.466076571675237084e+00 3.509572189044039892e+00
2.513274122871834049e+00 -1.256637061435917246e+00 2.982256218523098301e+00
2.513274122871834049e+00 -1.047197551196598297e+00 2.536320027134064681e+00
2.513274122871834049e+00 -8.377580409572784603e-01 2.159199519710835347e+00
2.513274122871834049e+00 -6.283185307179586232e-01 1.751191248087504926e+00
2.513274122871834049e+00 -4.188790204786396743e-01 1.463801735825763783e+00
2.513274122871834049e+00 -2.094395102393198371e-01 1.403252465983674702e+00
2.513274122871834049e+00 0.000000000000000000e+00 1.456976188191174248e+00
2.513274122871834049e+00 2.094395102393195318e-01 1.456976188191174248e+00
2.513274122871834049e+00 4.188790204786390636e-01 1.405633518043524433e+00
2.513274122871834049e+00 6.283185307179586232e-01 1.263181366909361003e+00
2.513274122871834049e+00 8.377580409572781273e-01 1.141452283120271360e+00
2.513274122871834049e+00 1.047197551196597631e+00 1.141576518692236863e+00
2.513274122871834049e+00 1.256637061435917246e+00 1.241735292611657604e+00
2.513274122871834049e+00 1.466076571675236861e+00 1.274353434117240003e+00
2.513274122871834049e+00 1.675516081914556255e+00 1.226625719465753273e+00
2.513274122871834049e+00 1.884955592153875870e+00 1.270533816638593994e+00
2.513274122871834049e+00 2.094395102393195263e+00 1.210391377763205378e+00
2.513274122871834049e+00 2.303834612632514656e+00 9.554031177976274325e-01
2.513274122871834049e+00 2.513274122871834049e+00 7.985829157853068239e-01
2.513274122871834049e+00 2.722713633111153886e+00 8.009482910641170239e-01
2.513274122871834049e+00 2.932153143350473279e+00 9.016241245561540385e-01
2.513274122871834049e+00 3.141592653589792672e+00 1.118056090938849279e+00
2.722713633111153886e+00 -3.141592653589793116e+00 1.860095669847758204e+00
2.722713633111153886e+00 -2.932153143350473723e+00 2.625537992765001327e+00
2.722713633111153886e+00 -2.722713633111154330e+00 3.499299349601582509e+00
2.722713633111153886e+00 -2.513274122871834493e+00 4.193117281496268944e+00
2.722713633111153886e+00 -2.303834612632515100e+00 4.563190305341042752e+00
2.722713633111153886e+00 -2.094395102393195707e+00 4.501072826311027342e+00
2.722713633111153886e+00 -1.884955592153875870e+00 4.214168635563224186e+00
2.722713633111153886e+00 -1.675516081914556921e+00 3.781261155103149640e+00
2.722713633111153886e+00 -1.466076571675237084e+00 3.323615407139737243e+00
2.722713633111153886e+00 -1.256637061435917246e+00 2.936356626640830747e+00
2.722713633111153886e+00 -1.047197551196598297e+00 2.610467135580074594e+00
2.722713633111153886e+00 -8.377580409572784603e-01 2.242727077490336729e+00
2.722713633111153886e+00 -6.283185307179586232e-01 1.816607673295384862e+00
2.722713633111153886e+00 -4.188790204786396743e-01 1.544940474408778464e+00
2.722713633111153886e+00 -2.094395102393198371e-01 1.475251222677287588e+00
2.722713633111153886e+00 0.000000000000000000e+00 1.471718583776048250e+00
2.722713633111153886e+00 2.094395102393195318e-01 1.471718583776048250e+00
2.722713633111153886e+00 4.188790204786390636e-01 1.378875455268788297e+00
2.722713633111153886e+00 6.283185307179586232e-01 1.211849579773968344e+00
2.722713633111153886e+00 8.377580409572781273e-01 1.063660662202045248e+00
2.722713633111153886e+00 1.047197551196597631e+00 1.027680416716887590e+00
2.722713633111153886e+00 1.256637061435917246e+00 1.075220382235832828e+00
2.722713633111153886e+00 1.466076571675236861e+00 1.004931415774473313e+00
2.722713633111153886e+00 1.675516081914556255e+00 8.892170424786010052e-01
2.722713633111153886e+00 1.884955592153875870e+00 9.817006009540616418e-01
2.722713633111153886e+00 2.094395102393195263e+00 1.145565310831175410e+00
2.722713633111153886e+00 2.303834612632514656e+00 1.106108862179165042e+00
2.722713633111153886e+00 2.513274122871834049e+00 1.025897790846750812e+00
2.722713633111153886e+00 2.722713633111153886e+00 1.027518371103172345e+00
2.722713633111153886e+00 2.932153143350473279e+00 1.121884336465034382e+00
2.722713633111153886e+00 3.141592653589792672e+00 1.364989988651400754e+00
2.932153143350473279e+00 -3.141592653589793116e+00 2.286988620530997274e+00
2.932153143350473279e+00 -2.932153143350473723e+00 2.994719786476359946e+00
2.932153143350473279e+00 -2.722713633111154330e+00 3.860241687306938729e+00
2.932153143350473279e+00 -2.513274122871834493e+00 4.633398574898711431e+00
2.932153143350473279e+00 -2.303834612632515100e+00 4.984067912802928824e+00
2.932153143350473279e+00 -2.094395102393195707e+00 4.832828382264591660e+00
2.932153143350473279e+00 -1.884955592153875870e+00 4.346550849281158868e+00
2.932153143350473279e+00 -1.675516081914556921e+00 3.805680717692971449e+00
2.932153143350473279e+00 -1.466076571675237084e+00 3.325423722606335453e+00
2.932153143350473279e+00 -1.256637061435917246e+00 3.016013635493704381e+00
2.932153143350473279e+00 -1.047197551196598297e+00 2.839875446045973639e+00
2.932153143350473279e+00 -8.377580409572784603e-01 2.591407971386082476e+00
2.932153143350473279e+00 -6.283185307179586232e-01 2.234376014167992253e+00
2.932153143350473279e+00 -4.188790204786396743e-01 1.993169678588110783e+00
2.932153143350473279e+00 -2.094395102393198371e-01 1.873940466751381040e+00
2.932153143350473279e+00 0.000000000000000000e+00 1.752460868947720352e+00
2.932153143350473279e+00 2.094395102393195318e-01 1.752460868947720352e+00
2.932153143350473279e+00 4.188790204786390636e-01 1.616826939351404535e+00
2.932153143350473279e+00 6.283185307179586232e-01 1.480600294997084898e+00
2.932153143350473279e+00 8.377580409572781273e-01 1.366200998556030166e+00
2.932153143350473279e+00 1.047197551196597631e+00 1.339208187743145428e+00
2.932153143350473279e+00 1.256637061435917246e+00 1.349943689872529662e+00
2.932153143350473279e+00 1.466076571675236861e+00 1.205095224265922305e+00
2.932153143350473279e+00 1.675516081914556255e+00 1.041242973087371126e+00
2.932153143350473279e+00 1.884955592153875870e+00 1.120760004074907279e+00
2.932153143350473279e+00 2.094395102393195263e+00 1.320884142283051288e+00
2.932153143350473279e+00 2.303834612632514656e+00 1.374902607486482742e+00
2.932153143350473279e+00 2.513274122871834049e+00 1.382558668574291438e+00
2.932153143350473279e+00 2.722713633111153886e+00 1.427567661717158432e+00
2.932153143350473279e+00 2.932153143350473279e+00 1.544527594608816834e+00
2.932153143350473279e+00 3.141592653589792672e+00 1.809318043480282467e+00
3.141592653589792672e+00 -3.141592653589793116e+00 2.888634668030175767e+00
3.141592653589792672e+00 -2.932153143350473723e+00 3.538287805166271394e+00
3.141592653589792672e+00 -2.722713633111154330e+00 4.337030283152376597e+00
3.141592653589792672e+00 -2.513274122871834493e+00 5.048759920518388178e+00
3.141592653589792672e+00 -2.303834612632515100e+00 5.404969033195474282e+00
3.141592653589792672e+00 -2.094395102393195707e+00 5.249817823794329819e+00
3.141592653589792672e+00 -1.884955592153875870e+00 4.687997477683805592e+00
3.141592653589792672e+00 -1.675516081914556921e+00 4.032291227074608742e+00
3.141592653589792672e+00 -1.466076571675237084e+00 3.509244531731814831e+00
3.141592653589792672e+00 -1.256637061435917246e+00 3.229291905111596694e+00
3.141592653589792672e+00 -1.047197551196598297e+00 3.168946464173613364e+00
3.141592653589792672e+00 -8.377580409572784603e-01 3.092058372368968744e+00
3.141592653589792672e+00 -6.283185307179586232e-01 2.867732323107616388e+00
3.141592653589792672e+00 -4.188790204786396743e-01 2.653099481696431283e+00
3.141592653589792672e+00 -2.094395102393198371e-01 2.458267421290768251e+00
3.141592653589792672e+00 0.000000000000000000e+00 2.238534929844066657e+00
3.141592653589792672e+00 2.094395102393195318e-01 2.238534929844066657e+00
3.141592653589792672e+00 4.188790204786390636e-01 2.091696287506104035e+00
3.141592653589792672e+00 6.283185307179586232e-01 2.012138968322391808e+00
3.141592653589792672e+00 8.377580409572781273e-01 1.954576637006583573e+00
3.141592653589792672e+00 1.047197551196597631e+00 1.964011527971542437e+00
3.141592653589792672e+00 1.256637061435917246e+00 2.000332453591634696e+00
3.141592653589792672e+00 1.466076571675236861e+00 1.853839335761957363e+00
3.141592653589792672e+00 1.675516081914556255e+00 1.663226099978112993e+00
3.141592653589792672e+00 1.884955592153875870e+00 1.697564998091170230e+00
3.141592653589792672e+00 2.094395102393195263e+00 1.809538335306663415e+00
3.141592653589792672e+00 2.303834612632514656e+00 1.811015031786201268e+00
3.141592653589792672e+00 2.513274122871834049e+00 1.845746901495299186e+00
3.141592653589792672e+00 2.722713633111153886e+00 1.941883610988821340e+00
3.141592653589792672e+00 2.932153143350473279e+00 2.107317956339641363e+00
3.141592653589792672e+00 3.141592653589792672e+00 2.414901589027934392e+00
