0.04823328697429646    0.5401096430760777    1.351468730681131    2.1210997549815396    9.451536597852728    9.451536597852728    9.451536597852728    9.451536597852728    9.451536597852728    2.5911431464012264    1.150877690073052    0.34610591100887356    0.0    0.2832942104926407    1.0806602268707837    2.5911431464012264    3.55060151768538    9.451536597852728    9.451536597852728    9.451536597852728    9.451536597852728    3.55060151768538    1.5431837074484631    0.6534059780036107    0.13845946808261225    
0.17024815219703487    0.7673816086936391    1.9583566924070948    3.677450643581074    5.659867093730078    7.174539528442736    7.85346733546887    7.622130290013263    5.518616127580602    3.338863890483091    1.5903913265305305    0.48734174316218526    0.10766649672234692    0.4552751432484611    1.4966088591609543    3.10792808467331    5.017033835364341    7.007491274377098    7.68354191669777    7.186462064748979    6.2913962661284994    4.204333816033815    2.2559200612106594    0.9023986034616243    0.20915896740772003    
0.1731313262219396    0.7730573477594515    1.967721734084588    3.705638385326189    5.741285404854889    7.497442670278265    7.963355055741824    7.349137647782074    5.526108064000131    3.3436329281541877    1.5935896866263861    0.49027060019121493    0.10944446765681044    0.45891974167533595    1.5044511335679145    3.1204825847843036    5.013245006856617    7.054695365506292    7.6768269756937295    7.407002063418376    6.322244463344646    4.203075997184171    2.261331002208812    0.9020953728269259    0.20919575824006276    
0.17459640868302723    0.7775469961479688    1.9778928455458695    3.721589800410858    5.7845147539886685    7.6041373690004725    8.043260990139931    7.26428085722881    5.527362499396281    3.3500404302711995    1.5954934188038867    0.4910364928951049    0.11064854523137056    0.4612219103358504    1.509374990110915    3.130138443378928    5.025171762308573    6.897948698390222    7.8215295503252955    7.562745874641343    6.3550817424590536    4.2086794128096034    2.2615682192090807    0.9009825711290441    0.2090324706448286    
0.17573876141884412    0.7804978918424552    1.983279496081667    3.7292981802618144    5.807882161964635    7.5790215413553925    8.13971829980083    7.294074599489114    5.529500506370826    3.3493339797452726    1.595360827321571    0.49115857075871217    0.11171572257214094    0.4635587305683918    1.5145560860488432    3.136660596463294    5.040489417786156    6.822438901504713    7.707237794922553    7.53279205826924    6.364468733173854    4.214057799362529    2.2628396884323263    0.9005628863759222    0.2090114497352821    
0.17642217968189006    0.7825760286838476    1.9871777980778509    3.7386857331447176    5.831218185966719    7.611141655299029    8.093843316270226    7.279075417255469    5.526424530756239    3.346798556220187    1.5949799476759794    0.4912706876294264    0.11221045862940503    0.46511742459688193    1.517720366359627    3.1409759165323834    5.064980952225722    6.8460030911990915    7.761629934870144    7.587296303721245    6.3895680956728125    4.221579133657936    2.262745263400867    0.8999880798911601    0.20837814281622774    
0.17757546365667953    0.785615055727115    1.991947887174606    3.7470171930208327    5.8433461922201495    7.613390524337479    8.16972913749095    7.3140704085124275    5.531609884428128    3.347691535165939    1.5953539376928638    0.491796673819529    0.11307895835610124    0.46682569683091146    1.520398087869373    3.1440640865078233    5.073174864376152    6.860076008015196    7.779465201796075    7.580450935716077    6.407422006273227    4.224609205854259    2.2624638332765614    0.8990777654119451    0.20814234082527755    
0.17834694283419134    0.7882256069340209    1.9970635044618104    3.753506470941214    5.872634649782998    7.667061716208486    8.207770869404323    7.33213303860575    5.528836677617424    3.347621091401787    1.5959387905718363    0.49201032402116657    0.11344400134489463    0.4678927253726354    1.5223790413434801    3.147876649016184    5.08444210187057    6.880908246537662    7.856787467975195    7.634935454096347    6.402083859107413    4.221024023750427    2.2615895772543793    0.8979428106561647    0.20747966524015143    
0.17930338003023918    0.7912001716932038    2.0022593183127473    3.761757105241322    5.881240724635301    7.669454675156454    8.244048283795191    7.3117103752892385    5.523334976618287    3.348662262804526    1.5967748269884632    0.4924474736368392    0.11399377981796219    0.4689709664852472    1.524430021141266    3.150512291000837    5.0932117297406485    6.901888590477145    7.842779338335278    7.705032464637536    6.384050193394051    4.219502732759205    2.2599020269577124    0.8967095685711828    0.20711288750330478    
0.18008988978721552    0.7936972339039715    2.0063740508345607    3.7660221146003536    5.886215128507404    7.696712978308635    8.236859324524058    7.332362949772702    5.528264147472041    3.349154281447915    1.5973088670301212    0.4928835930867624    0.11450942713829845    0.46985353598359836    1.5264217503365456    3.1541475767510883    5.094811039714726    6.901584667425002    7.833477300348265    7.59945601019384    6.381540660307163    4.222098092315206    2.259543982050514    0.8958241737401148    0.2066955578688579    
0.18071262414037134    0.7952335892338632    2.0089582441310347    3.7715991529074855    5.896087687261977    7.725286760264166    8.29374084332505    7.361509649751105    5.5263734527201915    3.3510567677229144    1.597901134592751    0.4932433896404021    0.11482183568820709    0.4707320407132972    1.5279830711554738    3.156351802751597    5.104523603433867    6.892370710130584    7.786999406560748    7.578758093402168    6.38843891614989    4.22322947027818    2.2598316432175967    0.8954971403743026    0.20661901927865087    
0.1813793429195475    0.7965143643865611    2.0105177418969578    3.773539560746839    5.9029620185470115    7.758013928677528    8.344551485299645    7.375406591896735    5.5250384934592605    3.351811297089678    1.5979710438580876    0.49332463924553843    0.11496536056794658    0.4711925936742955    1.5292080843686147    3.1593032527994196    5.1129167494210375    6.919936889780201    7.828624779668829    7.6196897564222565    6.391320321849986    4.225267995240187    2.2600576953954645    0.8951671658180475    0.20657491649095508    
0.18202962197588435    0.7983439964870788    2.013291943042583    3.776941928935682    5.9147609230471705    7.746597660988524    8.370887350770833    7.373090618974683    5.530239758593315    3.35208568142858    1.5977670777519235    0.49318589266050333    0.1150160365364592    0.471689665804674    1.530367436412483    3.1614409458265054    5.113126734353372    6.936268291536126    7.841431563329548    7.624313787219093    6.395121994042383    4.225700228464792    2.2596825914129792    0.8944549261046405    0.2063687594657281    
0.1825332788085233    0.7996726683673678    2.015460166082088    3.779544884528992    5.92104965583501    7.752587612905003    8.353955229764297    7.391331133218928    5.530972131840517    3.352481299054511    1.5975436330288513    0.4930550901357451    0.11496686348797042    0.47203794443105784    1.5309684402056676    3.163117712935097    5.116787857032956    6.932259264281766    7.878067679154031    7.651628854702026    6.394519843117672    4.225167798444566    2.259380233050652    0.8939309020677461    0.2063113034535783    
0.18309719547117742    0.8012292770817316    2.0178899179658716    3.783113228578147    5.93190739548865    7.76012181960622    8.349814621976417    7.414133725371132    5.536863777587863    3.353250123916754    1.598041088143051    0.49318281121197005    0.11515608339504187    0.4725097021587216    1.5315824988106244    3.1644105056100225    5.117596124881248    6.921344335160449    7.879067024782636    7.673648568904612    6.389460266830212    4.2252126271616195    2.2590464771652123    0.893317795787916    0.20616707672120496    
0.1834667856071687    0.80246275766256    2.01997921518072    3.786608685729884    5.935336995230972    7.786587065287841    8.38039110123387    7.415394598461956    5.540259969686245    3.3543563391222584    1.5983234551643104    0.493430717736228    0.11553477682590205    0.47297952612186644    1.5323671172705677    3.1662292955051057    5.118597766333764    6.906955256772191    7.873262659765153    7.667505405696047    6.396088745899696    4.226285195449235    2.2588186548463796    0.8929492677836339    0.20592662819907573    
0.18385280594292314    0.8037764891374647    2.0225044279009476    3.7908368310804086    5.938770718518602    7.763506408878209    8.414298104674504    7.420557724237112    5.543173938647818    3.354651086737632    1.5987629902366256    0.49382171044269585    0.11598659108243939    0.4735335926821951    1.5329720724932345    3.1679724269281038    5.121132348860216    6.914382241800695    7.875296109111632    7.684567222406099    6.39118147420877    4.228311935027345    2.2581814644947595    0.8923135629624837    0.20559148475179462    
0.18420521957368413    0.8048575649736247    2.0243144788562764    3.793844350105652    5.938902635831499    7.775444523690215    8.40690202657331    7.429679868043906    5.544616203370697    3.355505410316924    1.5989452840329932    0.49400773587666763    0.11634197628808828    0.4741319643381917    1.5339253985913366    3.169481882220723    5.120388406552535    6.918944395715719    7.863231505785612    7.682187933170219    6.388119017521561    4.229328295546245    2.257768084331917    0.8917973569155383    0.2054505695601748    
0.18459791538874423    0.8058740111893051    2.025900156269706    3.79676949380828    5.943211243358752    7.797173845095633    8.429686699944641    7.4402841603826015    5.545243923092567    3.356421080084758    1.5992395494833391    0.4942039565066908    0.11666552920582322    0.4746775527009207    1.5347750728116478    3.170797695698809    5.123522840418138    6.900820041715969    7.838860944718009    7.678623225228559    6.380447525087554    4.229102423099331    2.257485524389649    0.8915099352480873    0.20534705803274048    
0.18502678014272633    0.8067237282330622    2.027278774093823    3.7978627670497596    5.940309350503868    7.801478592390998    8.42719258237754    7.433485419628957    5.547899055385436    3.3570076424617126    1.5996511586681499    0.49454970701765816    0.11709619335634668    0.4753556442238689    1.5356125549482342    3.172146992678414    5.125116687584411    6.915455994408647    7.849936514132632    7.683144158650889    6.381789242236987    4.230422933265791    2.2575357564891423    0.8912756196229364    0.20534358044368659    
0.18543583843840383    0.8075194638314797    2.028342168609698    3.7987528921471534    5.94326023682551    7.807089638371616    8.439321306741894    7.443930441713485    5.553448952413131    3.358481353723971    1.6003146186435235    0.49495040496709625    0.11755170567752024    0.47606819521578475    1.536447304199335    3.1729440770992325    5.124722931282733    6.919335318431462    7.871808370820318    7.700655952669227    6.380948708223404    4.230427778489242    2.2574063529299795    0.8910140310117052    0.20533942710981093    
