2.895672903302969    2.5911431464012264    2.482451344355432    1.6813742647477947    0.7934078634476858    0.24017954088962137    0.1463037891603435    0.4784455126891476    0.902100605602423    1.6813742647477947    1.8275060826988812    2.3109480776390643    2.5911431464012264    2.39055360409187    1.7646945347881886    1.2812512912615643    0.8614376053897232    0.6442341098862691    0.23100767099902417    0.25420747708731695    0.6674339114358718    1.3223820270042022    2.240730971175626    2.895672903302969    3.55060151768538    
5.972201252263913    5.126496906004904    4.163603500500519    2.5586202187954274    1.0024452479130874    0.22769835141898748    0.24413676359609823    0.7665648233121046    1.384782120078907    2.0509710383561552    2.92615104934175    3.9780164790264876    4.660161424959935    3.847779795411271    2.7007951999405067    1.7286214463289833    1.1684451167054386    0.7920993346333908    0.2762932377145656    0.2809366839457123    0.955686742246716    2.233290680255027    3.518866064936252    4.683934072487151    5.854286869366178    
5.999516093518829    5.165002501390156    4.203518684953237    2.5769039359941774    1.0088949840718389    0.2308574844908795    0.25555263035562065    0.7851640588079531    1.3986328420689065    2.090809139510621    2.991175354846447    4.063891435464025    4.711778246938457    3.8621047005084974    2.7125325441289463    1.736444149612421    1.1692535366951793    0.7896793111653703    0.26909873660510997    0.2743293543240722    0.9511866413881839    2.2277918203885188    3.5055239087500567    4.666717376446406    5.862353622114089    
6.0397084746228344    5.242900387400377    4.257271986923591    2.5949118365878894    1.0129169130452556    0.23065321983302273    0.2606731335803812    0.7935837467084066    1.3942135472682238    2.09016501443362    3.0150164199517158    4.108342394280179    4.718150407603207    3.8618750270900937    2.718428004756488    1.743994226273545    1.1761040499772455    0.7917812408460337    0.2679440903204526    0.27181757320239897    0.9488261265280563    2.2256377521995114    3.5156945890398377    4.67910210561906    5.855404510565079    
6.095474154751668    5.2845139500206235    4.282539209766058    2.606427757893443    1.0117747106294328    0.2269184863025972    0.2624193367185775    0.7977509197676387    1.390961298073066    2.0962950205323008    3.0402136568718543    4.141671609753157    4.743253437191726    3.8794113406680717    2.7312094999866696    1.7546329294360885    1.1824107235560928    0.794842355391254    0.2694340607988524    0.27315435924975257    0.950328065883122    2.2264202136856666    3.5147200703721624    4.686777502824802    5.844670916025457    
6.136841539149521    5.323935236472192    4.301769377631868    2.612075111829353    1.0085742329687248    0.22246424690719904    0.26217277054400223    0.7990270356780852    1.3867292085932723    2.0952859126681003    3.04938545313424    4.161798349320936    4.760071830572523    3.888563501957791    2.741203315799832    1.7629025427298386    1.1887847955130424    0.7992811576537833    0.2723919654984983    0.2751096951647905    0.9507423071868281    2.2266975318969204    3.522123318338851    4.690633037319537    5.865961180144025    
6.141418847129047    5.336042076873826    4.312622867881565    2.616444222948349    1.0063405731347728    0.21873146211316247    0.2617773076381064    0.8002731992767314    1.3846083144845538    2.0953011911715227    3.0531287898500445    4.165013439621009    4.766931690760749    3.8904635715977465    2.745100082787059    1.768295525807083    1.1950408030138222    0.8040841351986688    0.27600846113198874    0.27754390564097875    0.9520212321274619    2.2273622011643344    3.521878515564767    4.694998994518443    5.868857428675332    
6.165841800778687    5.3625718914681295    4.328649598812749    2.619099652452653    1.0026365810046722    0.21434679309372434    0.2606653049395937    0.7999636195821416    1.3811013252057864    2.0986738895413697    3.0683083740274815    4.183014287762058    4.786582122774734    3.894428358205472    2.749773812488899    1.7720130004718715    1.1991934386717846    0.80862717629833    0.28006811300973344    0.28003729065284566    0.9533947318714494    2.229906078839396    3.5272941370162294    4.700083493340577    5.879938312902132    
6.176210507607075    5.384043548593237    4.34068983890653    2.6225451096693266    1.0010946422331586    0.21222389893180363    0.2611543565947449    0.8007789422847552    1.3788165242682693    2.101366413080215    3.080797207405555    4.202816144285435    4.803373804304477    3.900128959752807    2.752772784817167    1.7749834734087442    1.201370187479906    0.8111852345929129    0.28225308513954683    0.2815431172039623    0.9545351999032421    2.2320033725858717    3.532595664859568    4.704043451678139    5.884691214771555    
6.197776467996606    5.399440372353389    4.349556810300387    2.6273557366596747    1.0005883250582963    0.21070305394694386    0.26200895384511386    0.8019052304382975    1.3768040247044926    2.1032008908907143    3.088919862473297    4.218409239629753    4.8187949623131985    3.9029589493656416    2.755234420313471    1.7764899330997457    1.202004163319238    0.8120593630643504    0.28381250776962497    0.2828225326303172    0.9558207922936351    2.2329649160366407    3.531746487375277    4.694602416173652    5.873821956830748    
6.213291184913082    5.409369498643352    4.356668631672415    2.629896934180905    0.9996188788899515    0.20892380327467563    0.26271600408968554    0.8040240033310398    1.375886844994954    2.1057107456876047    3.096403526840259    4.229873785094074    4.824858537669887    3.9065884885490245    2.7583459326598314    1.778007554037566    1.2025868354990727    0.8130895732199064    0.2851922438223506    0.28387108000092387    0.9568268951677062    2.2342538103915137    3.5324787669856335    4.6881508066152895    5.871128448405718    
6.226500182770325    5.417342154028425    4.360411853499785    2.632763733768538    0.9991027099349639    0.2075544306437594    0.2635623152085469    0.8061252651936949    1.3751587553306253    2.107199195103625    3.1042723202591342    4.239943822365402    4.831034892344714    3.908157986423457    2.759572487674166    1.7789596109805403    1.2029034141152193    0.8136863206946195    0.28604121269382365    0.28440883166009767    0.9571189303834818    2.234337104725268    3.533818949362473    4.687821736689254    5.869902684016632    
6.236915894016998    5.429774186423943    4.368072321012647    2.6353201620088718    0.9981643272073313    0.2059786912811994    0.26437757496798925    0.8079234416153788    1.3730808068048346    2.105914917340263    3.109400583738845    4.2490108671510995    4.833937885348695    3.9087754332199625    2.7600125140376215    1.7786006084077666    1.2020844575464313    0.8145095304323807    0.2875272460027224    0.28521422536117397    0.9572215758400847    2.2340035216569403    3.532989858426728    4.684428770635955    5.867688963208158    
6.229791748020504    5.436516154425734    4.375426541118907    2.6379469191126357    0.9971011814652372    0.20444528513912846    0.26492331265399366    0.8094790647652604    1.3699203389560874    2.099969281801568    3.106392665082402    4.250387699229387    4.838718110668168    3.9105082770082333    2.7600382206277754    1.778286336850103    1.2009474770327309    0.8151408641697981    0.2890918766664638    0.28637269598817566    0.957578399161669    2.2335399372496982    3.532601937540194    4.685614818140521    5.865586599103416    
6.246147498771334    5.445637483969621    4.380640749230746    2.640428862471882    0.9961404487323827    0.20276185691820148    0.26527583180782655    0.8109746053913754    1.3678067953827495    2.0981699959335827    3.1083797305575813    4.256886128236396    4.842394643622575    3.9102882345458987    2.7585787047536896    1.7758320588974514    1.198582452186268    0.8154977162867182    0.29102415429767003    0.2880491964583604    0.9589709280563115    2.2346709556344795    3.532004407689494    4.682906755390351    5.85995780864894    
6.240017101345025    5.453320133715533    4.388710895279481    2.6421787707178117    0.9947149714179585    0.20097201032419768    0.2655060204442095    0.812103319254265    1.3664100252453126    2.0995389180680357    3.1145768147494253    4.264355639970159    4.844729743553869    3.9075001611494007    2.756122159332072    1.7730385395518338    1.1960002984047395    0.8161518571032238    0.2930702664732169    0.2896972784047684    0.9605175987589728    2.236287731550893    3.5363775940721744    4.689328221592976    5.872679254439256    
6.241548672771991    5.463535005330188    4.395248078309068    2.6438832443248486    0.9935201703336216    0.19934999393849856    0.26584300601231603    0.8137768048854687    1.3661788082631365    2.102208222647592    3.1215550258320266    4.271329023344821    4.849440111844357    3.9070895803583108    2.7534251361773148    1.7691120419450193    1.1922224980906098    0.8165642583194772    0.29518850698237425    0.2911688492524879    0.9616607266542564    2.2374719242766283    3.537091604720984    4.689662383321882    5.8707717580523    
6.244970026384982    5.4660223937799115    4.399614265628411    2.645446673291571    0.9924822076837598    0.19771239206111269    0.2660089349417577    0.8151448511057169    1.3660718439355852    2.103420227393015    3.1261916006252317    4.2778417029865565    4.854046491797851    3.90601062928256    2.75120326115855    1.7661303502242351    1.1892167162471756    0.8172007142947018    0.29728553373691874    0.2925797708995578    0.9626488917277579    2.2387257696366287    3.542129739385404    4.694263954864299    5.875535155296131    
6.237497403649172    5.463407236180341    4.400868823739852    2.646058990218472    0.9909399214971375    0.1960162360844588    0.2660472059574077    0.8161872120368755    1.3662653889789036    2.105643720236831    3.131306223862503    4.2874825732756925    4.8599494443551965    3.904269831022239    2.7497247581495787    1.763940020294712    1.1867447747992672    0.8178510706826436    0.29948501067858535    0.2941743462602826    0.9637747065742428    2.239720072408831    3.541833812047823    4.693545792058686    5.878544426320266    
6.241319540104686    5.4666272137220835    4.405245217099964    2.646875949366727    0.9894237817917291    0.19430373622741157    0.2662197514343464    0.8176991542155957    1.3661785512824203    2.1054690532911917    3.1334683546099296    4.2904431839432196    4.8601735656108325    3.9047585551419184    2.749613950177129    1.763319216125802    1.1860125166780113    0.8189448110506632    0.3013794294410198    0.29568867396402065    0.9649341175028872    2.240374246115892    3.541773085229284    4.6915373681446235    5.8778791493397025    
6.251306289975036    5.475690757023525    4.410884727235135    2.648233094888561    0.9881647316569223    0.19278621465374    0.26653382177915785    0.8193950895148786    1.365488247036022    2.1043588149756522    3.135269437104386    4.295960809899859    4.8676434371941655    3.905757330650513    2.748853489922548    1.7621545873620426    1.1845530546665535    0.819837789084929    0.3033330898611523    0.29711419298969177    0.965903853355684    2.2419205016570753    3.5440727718343017    4.694274806958334    5.879916125257572    
