2.9154201295460966    9.471283824095856    3.157137173233886    1.815020687382343    1.109946207325604    0.7468468572049618    0.8811848316328504    0.7364786021558231    0.7627453895917321    0.8309522202889791    0.682468388533892    0.45821174522805186    0.4147224883510876    0.5192358549147911    0.687181137678999    0.813155089690813    0.8877722972006429    0.8492970397575431    0.7790795517816101    0.790223046677935    1.1923058275786569    1.9970764175086977    2.7439181113966447    3.157137173233886    2.9154201295460966    
6.399623443786462    5.702620399750495    4.495507438772279    2.737746490191126    1.5101773288920484    1.0524953174304716    1.0846286384745358    1.109895218724533    1.1612151764723764    1.1506776040666278    0.8508230687965681    0.4448379472770095    0.26713135395872994    0.4338453365378306    0.7316755296139033    0.9729810984774837    1.1009720586757747    1.1508907893320928    1.202804567208282    1.3031805136827617    1.8516173453664566    3.0884437744429603    4.551411156660782    5.848724526129896    6.417530231156419    
6.426444870616686    5.762758390882343    4.516780761654021    2.73688441238686    1.5010675530998494    1.0465859386801062    1.0881946236298952    1.1282327693821685    1.1812317551863032    1.167907334167258    0.8649958863115809    0.4544348739964821    0.27155072954501674    0.43393165154252356    0.7296399539347828    0.9728648656945025    1.103131780265821    1.1433330972645352    1.1886867536390362    1.2939443899984362    1.8530222728595136    3.0935765398243187    4.560519324774052    5.876004325888969    6.463733477929632    
6.553868133687874    5.8528700607305275    4.519562316681536    2.7181960900038766    1.4844325912274041    1.032004086063712    1.0810352160554413    1.1348682317069125    1.1930730820797977    1.1791508327756783    0.8757166837664553    0.46367289463141426    0.27868559941323695    0.43727986954535725    0.7296943534667771    0.9726311678156772    1.1026242227735819    1.1361368693930105    1.1819372357262616    1.2930682972118512    1.8600234778152287    3.1046521015126674    4.593490015644317    5.924910985180624    6.574621290857578    
6.654538969358345    5.91265791227281    4.517076969745405    2.7106174541963584    1.4719932990238898    1.02104502968197    1.0760942465415724    1.1401947816332334    1.2016919158187034    1.1876967102609564    0.8845667561886604    0.47095895935880805    0.28412990004493954    0.439913131148304    0.729311445164958    0.9715238636546255    1.1042263509523924    1.1351837669071871    1.1792838142895106    1.291927288396341    1.8624275190504926    3.107598565823261    4.607341023970752    5.971140740456536    6.678547796405491    
6.710540161676323    5.926563264806747    4.5145543047136085    2.6986117873926605    1.4586422609025316    1.0083273241550677    1.069770564840386    1.1454269725362751    1.2098072261658908    1.195459928922153    0.892043662931101    0.47772331982379995    0.289699497585269    0.4434808031257771    0.7298447709912403    0.971266660720126    1.1049411636807849    1.133729803082794    1.1795969809350983    1.29494140109304    1.8676110187075723    3.1150919496319784    4.614178092096094    5.979135410113397    6.698980821028673    
6.743025864198993    5.950187948813043    4.518424625134685    2.69033760553898    1.4501303743102851    1.0004567678507772    1.0664728088994813    1.150967663263949    1.2178400344172173    1.2026435762176357    0.8988865802039301    0.4840816724551939    0.2950897054581229    0.44618520642915493    0.7301012212307119    0.9706952389249335    1.1038158584594293    1.129443936079479    1.1761918598529049    1.293705599567884    1.8688946610028248    3.1172824297136135    4.619207381420963    5.993877797114795    6.7493822845652875    
6.776320764593348    5.973799134232857    4.515481509930395    2.682483073018261    1.4411007204938773    0.9927893388184656    1.063572379634819    1.157461215840544    1.2261099386998242    1.2093124824974877    0.9050919390373192    0.4893981260292116    0.29918534357780757    0.44812561984817656    0.7300352261418144    0.9705420937060623    1.1030076911265316    1.1258591409674177    1.1733607216026614    1.293162779003912    1.8693984867194158    3.1163723783636574    4.620338120620573    6.011813801465261    6.7583603039216635    
6.765175677426157    5.9858231723807025    4.507651985613555    2.6728478608381994    1.4304444806942616    0.9829810222933998    1.0579227410442764    1.1606675087710732    1.2322430602295074    1.2155703554678134    0.9114504455934167    0.49517644404128996    0.30347991033960153    0.4505646698977431    0.7305507476032517    0.971194546519917    1.1035528913546582    1.125141076542673    1.1730336725115902    1.294327688311823    1.8725911136348605    3.119494518376833    4.621124692048391    6.011132168298886    6.788948150964744    
6.79150574465968    6.003136947425789    4.504969250776391    2.665117636538993    1.4225908339274815    0.9756379252618043    1.0546610776891576    1.166281069914628    1.2393134510133859    1.2216676431707825    0.9172752138567501    0.5004680751217937    0.3076728800060237    0.453079137555359    0.7314872286476573    0.9719222878752722    1.1041786883837805    1.1244406389753103    1.1717739899910102    1.2943976199568883    1.8738977724311285    3.1194749136355644    4.617805002131315    6.01910602419219    6.8002006505796615    
6.802519537786558    6.016101105711837    4.503185357506977    2.6556508930163347    1.412321183151473    0.9661465904074393    1.0491862805789778    1.16896488139378    1.2445547335730167    1.2276150084181021    0.9232538701007973    0.5059924270130833    0.3121034149480924    0.4560705166985441    0.7332421519075254    0.9736473848661571    1.1056325066681478    1.1247212070046293    1.171744752823343    1.295755010774666    1.877624637742704    3.1230774795530665    4.6164371332655705    6.011270103391579    6.810060608640636    
6.838541888603776    6.0308316123602825    4.499973472732101    2.649446727543213    1.4055529834880216    0.9595360655050481    1.0452570378309072    1.1714674301127592    1.250087491626396    1.2337709923742612    0.9291810208102389    0.5113011173442383    0.3162973383000076    0.45871268085086214    0.7345463364603272    0.9752744070988766    1.10743041281167    1.1257745344947134    1.1720753282147802    1.2968215555653808    1.8805470406427898    3.1261833465191886    4.618140505282238    6.0152728239575035    6.826705273874632    
6.8520221570174815    6.036280440793439    4.495393398521838    2.643544250176294    1.399141302795875    0.9535518485282516    1.0416462666854378    1.174057842796677    1.2553235279755781    1.2400229126805076    0.9351868659371072    0.5165296583620087    0.32040049919688807    0.4616303987818166    0.7360579697031351    0.9763186966811569    1.108717414095527    1.125921123669603    1.1715208196029936    1.2972782491274943    1.88317504180236    3.129892844434409    4.620374178748857    6.0296380016258775    6.855044151489943    
6.86237728718613    6.031869867088176    4.495009853944439    2.6384772849749467    1.3937474584089253    0.9485406484014135    1.0384654285152914    1.1755251952051142    1.2594572194893505    1.2451952802527395    0.9404103951927832    0.5210250681701605    0.32373419490947547    0.4639596499887657    0.7374462523340841    0.9774940127154479    1.1093051840825239    1.1257275717002209    1.1714260275965334    1.29824780523885    1.8852899715966864    3.133131301076251    4.621447149958583    6.019746382031155    6.848587590369363    
6.869036340262961    6.036842315509659    4.492722128425586    2.634668108324984    1.3894095888116582    0.9445929547395181    1.0368125382230748    1.178631782906257    1.264578846117806    1.2505896934968226    0.9455861826057971    0.5252944554632879    0.3270310896204979    0.4662891066005974    0.7389246486203882    0.9788720445365517    1.110229160105212    1.1257874920181536    1.1714261169274163    1.2988504077758298    1.8867377751962249    3.1343849462904996    4.623701303153579    6.026918292949786    6.850066225129563    
6.843874912318674    6.034514043809332    4.491659346299179    2.6310766988675747    1.385803000812619    0.9414214021366907    1.0356564682127742    1.1817549263003528    1.2696526198825229    1.2560550508338928    0.9508165771806377    0.5297528941705498    0.33047806934212065    0.468629170851855    0.7403086535247779    0.9798239089419429    1.1110699260653958    1.1255366154210242    1.1702480690317163    1.2975682479157973    1.8856941651502501    3.1340576947890106    4.625927553708272    6.0304613479575115    6.8456801126641675    
6.859707342197594    6.0419208257792585    4.489960806989997    2.6261651614642254    1.3810862641272454    0.9373956276902249    1.0339138210898269    1.1846611449528646    1.2744128358140785    1.2611027421299257    0.9556651584466872    0.5339695783321804    0.33390258275259765    0.4712560585589042    0.7417977492957545    0.9808844438580337    1.1120878857756147    1.1256533750148794    1.1703072427353323    1.2983770799884864    1.8870725730698974    3.1351130145039994    4.626230933053828    6.027251299178693    6.860106671198897    
6.880622265213034    6.052818780721456    4.487866435616276    2.6213870510294415    1.3760426368320722    0.9330674855851444    1.031668327235457    1.1874028226641067    1.279024116613755    1.2659593991722795    0.9603258375577495    0.5382163555082946    0.33750220420746985    0.474017230953877    0.7434768426624376    0.9819378953661344    1.1131293821362884    1.1261777819791319    1.1708438212606174    1.2993755983717108    1.8885761230107185    3.1360801808994365    4.626324014935721    6.0310327256374645    6.880234495864158    
6.88139833865532    6.0573185320492335    4.487769979989882    2.616627400307038    1.3710508668318597    0.9286125607937703    1.0292828268431415    1.189823192478011    1.2834734248263622    1.2706458759974046    0.96500503155418    0.5423224177875365    0.3409621395780402    0.47666452241656704    0.7451646821661667    0.9832498670591826    1.114326717839918    1.1266500730364868    1.1710631389145196    1.3000398462414604    1.8898998304165537    3.1378415101811186    4.628464163305663    6.035242396926958    6.892969270816763    
6.883218159336215    6.058912584399995    4.487577061903299    2.6123553468831804    1.3659213639067065    0.9243184368948341    1.0270272435574368    1.1920119027618108    1.2875172719085433    1.2749376515018431    0.9693924014230199    0.5463279609167442    0.3445617620245436    0.4797101571664881    0.747610645380121    0.9851985703071168    1.1158924762557787    1.1274061699450908    1.1714427718838738    1.3005933488015806    1.8905462455566246    3.138543164190592    4.630413051877326    6.033946910706886    6.897475020559026    
6.890439790872487    6.061853860514494    4.486303473246319    2.6072350440144136    1.3604194819634163    0.9191999848830664    1.024027559411822    1.1937458752556658    1.2916364077871034    1.279591066166802    0.9740010149655176    0.5504011356197989    0.3481940338490606    0.4827259849232936    0.7499313292369968    0.9869798102291205    1.1172077719126345    1.1278280281697346    1.171755990520512    1.3014738384966729    1.892227911245919    3.140149778518783    4.629245876388234    6.031741449797327    6.901275774190992    
