0.16015811931221965    0.5636907070106891    1.6280310533482973    2.9154201295460966    3.157137173233886    3.5703487439285073    9.471283824095856    3.5703487439285073    3.5703487439285073    2.140846981224667    1.2034493172397924    0.26456616628648655    0.019747226243127247    0.29809402431854704    1.0817759545656902    2.7439181113966447    9.471283824095856    3.5703487439285073    9.471283824095856    9.471283824095856    3.5703487439285073    2.9154201295460966    1.6757492098375277    0.6639813361293962    0.11500141416397983    
0.2215562720293666    0.8102029695440424    2.009433523436327    3.7443330018809227    5.678303475732491    7.292367348090234    8.169432280315188    6.949240405730467    5.421760250124651    3.319165636610094    1.5849083132194626    0.47469219579634286    0.09478475957920679    0.448418242344004    1.5137437796718038    3.1835151188224557    5.152671813199972    6.820669819177277    7.667354516599434    7.438869047515781    6.207095367969242    4.154663525022437    2.2843820471657987    0.9454954407351679    0.2597863350288497    
0.2264271101210939    0.8158444637267239    2.021520205082371    3.7761159888724767    5.736921240658649    7.410652970331392    8.519151780165817    7.088419479438364    5.4120700401401045    3.3274160850620143    1.5904135171415135    0.47843757331708753    0.0977484083838814    0.4521401377552764    1.5208256255078192    3.1928422269844274    5.15917017526626    6.870092616397917    7.948422106220447    7.531832246963193    6.242662780590877    4.167468032620497    2.286959089554317    0.944576103756829    0.2618005630003232    
0.22992342981286804    0.8215089317886981    2.0318749024270897    3.799112597639147    5.765592969093019    7.408642468443077    8.345928233318949    7.14056825464069    5.442766855413087    3.3299055013085526    1.5917851443391848    0.47961409763584384    0.10038057030903696    0.4554553941453959    1.5270318915285892    3.202320326320694    5.165185064304585    6.8865339201503195    7.891761453287838    7.453031601276574    6.2475704920852575    4.176630736123206    2.286093275103246    0.9439856099940939    0.2633267248098485    
0.23279346489078206    0.8272627295373832    2.0407939861988007    3.816176410275742    5.813285225098842    7.414217400749041    8.134145302411634    7.205685963244177    5.462734507139975    3.3335409816512755    1.5925538860917023    0.48168046356367245    0.10301870977884997    0.45820393341840115    1.5304510441388792    3.2062000249242555    5.168046931866566    6.928481557631743    8.011580099436182    7.45334258881286    6.213545377124752    4.1888497251891925    2.2890017657437656    0.943491420902562    0.26362911684237245    
0.23592055292141315    0.8336245043775302    2.0512851260859932    3.834896178518909    5.853042855226929    7.401892012730688    8.043704071149548    7.228356497584001    5.456025818776871    3.336841040313432    1.595114315998107    0.48387525209408966    0.1055993167979766    0.4608421573353883    1.5335088761280187    3.209451181029443    5.172711467294341    6.9375853142677215    7.932642061492553    7.520171192997937    6.241724356236305    4.193440392349372    2.2894649370715303    0.9421969023867571    0.26392104939467015    
0.23874314882423237    0.8386509520334426    2.0591493460152916    3.846924746480634    5.879033934586149    7.4811458294626405    8.086156958029116    7.249223798864693    5.457737296295117    3.3406964986349093    1.5976624334009644    0.4858052294253615    0.1073894829174174    0.46293912616332966    1.5357949258369206    3.2123645220568844    5.177998775216578    6.901420134067213    7.798570477455172    7.519754066781441    6.261337266685134    4.1997363787603526    2.2896719508366585    0.9419079384721232    0.2646614299729529    
0.2411306147510816    0.8428344389234559    2.0659591748606174    3.8566685710377504    5.896833467714497    7.536937673460128    8.095614291117553    7.269023668710177    5.45929216147442    3.343464059382577    1.5993652229331519    0.48720328402636554    0.1088069707954279    0.46472896768719224    1.5386237862804415    3.2147101744162865    5.188175018858996    6.914434001745833    7.784737562835579    7.535963703717245    6.283306804697835    4.204417052011332    2.2891699221400703    0.9413908423138574    0.2651679474480669    
0.24358200615174183    0.8469487136264511    2.0721936837543935    3.868725201555518    5.926629638795472    7.570943300812935    8.081669518154023    7.2345404837012    5.454343154162882    3.346103759139399    1.600966765808359    0.4887279241889134    0.11051993085282755    0.46649188102505057    1.540655038820645    3.2171575275597224    5.1949861727372335    6.880801890531942    7.772577681983729    7.568248204493946    6.285329585292869    4.2080966154172215    2.2889089391121855    0.9406009844264092    0.2658715457981251    
0.24617735236286095    0.851212411005453    2.078458700126575    3.8765070849153447    5.941975797266997    7.586876252875894    8.062567345225323    7.2342331907619934    5.456074968536668    3.349705348940652    1.6029097688922906    0.4905477460546467    0.1123115778666473    0.4685638072921643    1.5433269375574623    3.2218666634142528    5.203243845859958    6.894929757283856    7.751964698405586    7.576319005670408    6.293590970111857    4.211583021663548    2.289211800820942    0.9407127872545019    0.2668830112578514    
0.24886533692861942    0.855638388393372    2.084868638859584    3.885994085700944    5.957400909683386    7.621642952148964    8.092813165874997    7.251686084541511    5.4607556926308405    3.352172935919758    1.6048624045862154    0.49230430090381866    0.11414436309897281    0.4706480304852435    1.5456349680508232    3.2253298030971216    5.2102786048227765    6.910537006195554    7.799116310216762    7.614671445353422    6.2956934719149436    4.214245264286546    2.288988842076021    0.9404983511412144    0.2676699509735013    
0.2515096877729352    0.8600547945246022    2.0911558301315045    3.895024991380952    5.9701859181466395    7.627321674685981    8.104698940686733    7.23573379799884    5.463991644503385    3.3553487551869035    1.6073597928420758    0.49442361726283734    0.11628292550731731    0.4729245323798502    1.5480364753477802    3.22760537722589    5.214934850114077    6.924973626945353    7.804399178268567    7.6337694506426255    6.303663394874823    4.216149692218038    2.2892556221011966    0.9407196427212197    0.2686814758765216    
0.25401961395855444    0.8640051921877141    2.0967492970252977    3.902612242459228    5.982995873746205    7.646294397744299    8.151500640351646    7.242605087481607    5.465630905982479    3.3570417890287345    1.6094185609528797    0.49633024548130333    0.11832905832608256    0.47544686433557865    1.5511457048535737    3.2307828088560906    5.22038507827188    6.910277413084798    7.816197404064792    7.642276046447099    6.312775088376443    4.219096226948157    2.2898057208290297    0.9409836520864862    0.2696361889063458    
0.2560509600032316    0.8672754252869008    2.101269162814851    3.9094786570915288    5.994546936229883    7.650712338513579    8.163638095940453    7.252847420526959    5.473078721111627    3.3603631301973995    1.61104574394619    0.4980506478581697    0.12013843143050548    0.4774067548452575    1.5530502464122966    3.2331804436369835    5.224886344353961    6.933744489324853    7.813008939068315    7.645747789003102    6.31106168474844    4.2223783923187215    2.2899955664097535    0.9408898213346537    0.27037555321497275    
0.25816104826220243    0.8708233834715625    2.1063671642865023    3.916530625559847    6.010307127373895    7.6614199860323335    8.171904389116726    7.2688620472734256    5.476164045924421    3.3628436734945053    1.6132557815558666    0.4999733716899845    0.12220041105200113    0.479711438566994    1.5556700585509113    3.2362327039965266    5.225725881467298    6.927285361629388    7.843353414203357    7.667321521330274    6.318245104667235    4.2235982402160275    2.2901336980601266    0.9411629667370697    0.2713565478074716    
0.26019958091090756    0.8742820361110156    2.111036779346876    3.922980523539807    6.022542558630837    7.672676196831947    8.160101282590562    7.27516138381232    5.475330261506393    3.3656349530690157    1.615143320248784    0.5018625813179081    0.12428583751059295    0.4819909832621779    1.558273473484424    3.2392037412800305    5.231247214819225    6.94142238506815    7.864819944798211    7.678270310956704    6.312702205453481    4.224457136023594    2.29075797369548    0.9413962597843379    0.2722053899761853    
0.2622259680122378    0.8776911190185985    2.1157918186895945    3.9293991783349123    6.034307621147534    7.682891064051936    8.175125668412177    7.269985498395617    5.48002567947781    3.3681463162519956    1.617239973122842    0.5038968637709371    0.12637444862404446    0.48433884222021334    1.560581233451164    3.242051022179779    5.233575578165639    6.944962801514384    7.863962742388517    7.663107699548448    6.315334394090662    4.224771548574928    2.291427044276369    0.941517986424063    0.2730398023637686    
0.2642427716809147    0.8809953482886759    2.1203082236832804    3.9354883542652637    6.043856076066511    7.674839514155738    8.130331464065176    7.257152754355728    5.481590089734464    3.37038422813606    1.619314599089804    0.5058210807306601    0.1284545750638406    0.48668765799705804    1.5629230009877964    3.244468444355413    5.238001770102018    6.939271831907284    7.818780967188878    7.663194691902812    6.32076992836063    4.225103522743431    2.2922074005163626    0.941930148270881    0.2740260383359937    
0.2660547692521153    0.8840116010995158    2.1244918546250826    3.9406872202795995    6.0490834512026925    7.692125243594014    8.076954325208316    7.258643686290342    5.484830106270168    3.3726188606172807    1.6211291637227496    0.5077032934991145    0.13045172131731225    0.4889230750667226    1.5652041576979012    3.2465627729738116    5.240075369294536    6.940560764028524    7.824532757572247    7.676192196958278    6.325102295574288    4.225058371811874    2.293373486251636    0.942558442168316    0.2749257517495847    
0.2680926830838892    0.8870736375909398    2.1286443954878647    3.94517996843945    6.056426142031288    7.705499209892816    8.097215896634891    7.272592065777692    5.487281481041138    3.374855446946429    1.6229566292292499    0.5095899539048605    0.13251816041272585    0.49130076489560803    1.567752553061731    3.249656609921565    5.242158681110832    6.9523144485722925    7.850720824284353    7.695944083536657    6.32761927714464    4.227584617624598    2.2941063936041513    0.9432230405357026    0.2760808824023341    
0.27006169869788044    0.8901994735511122    2.1328284712090477    3.95019758336295    6.067979671062152    7.718689351069114    8.119492277011673    7.27838699772987    5.4877278515874615    3.3772385736583557    1.624673055472152    0.5112968596591405    0.13446897994192092    0.493479304408298    1.5701088737042932    3.2521408412569865    5.245396499006949    6.962483015569099    7.878717962907576    7.694748610809342    6.323081242740611    4.22946598174843    2.2947790188279216    0.9438050646243239    0.2770943088294231    
