9.471283824095856    9.471283824095856    2.9154201295460966    1.8472533089420085    0.687181137678999    0.21327595406267316    0.3495189713125927    0.8190286308359451    1.2381868697068201    1.815020687382343    2.0412564540652567    2.5021985705985594    2.9154201295460966    2.9154201295460966    2.330695303882192    1.651412823644694    1.181366817010284    0.7313613205903363    0.16605101540347075    0.0    0.4845656375564542    1.2750744658928106    1.8813287652440094    2.4103008303349975    2.9154201295460966    
6.457324845797817    5.9025656198329335    4.315505257010608    2.3841024908953754    0.8957062678936    0.2240494345707349    0.4458665931149065    1.3371106265916415    2.120218009718122    2.6149807292269784    3.4688185186987033    4.423220253646356    4.746762622180803    4.212357501043404    3.3827208565761744    2.5620433536629443    1.995239049276419    1.2390011945079435    0.2533368678379752    0.0003993745031402457    0.6039063276925886    1.9216270617454125    3.533655753837059    4.695996345968169    5.832073352425063    
6.5601452706555365    5.859311338062405    4.316192804906488    2.3887122737623363    0.8997979898616769    0.2282100431148396    0.45315235739731047    1.3530361301358946    2.143048538661847    2.6109531674861577    3.4499886176717403    4.459697734656923    4.788092462216023    4.220604168258362    3.408213243737556    2.6044732746103745    2.0398672534210043    1.249196558256945    0.25452231589673585    0.0    0.6029720883644457    1.9247719124701845    3.634461251231426    4.901711752790835    6.062113220168557    
6.665179159878737    5.876878583138976    4.325367499479122    2.3945398551016264    0.903206957341536    0.23088999876972968    0.4583926848385302    1.3605902576908084    2.1481662514287554    2.597466935357212    3.425492581256498    4.466525801809581    4.8171595510175    4.247089288365044    3.4412828589687594    2.6441562789475848    2.077647251235036    1.257721330214422    0.2553809048649179    0.0    0.6043078607852339    1.9289238431486202    3.681191571832082    4.9972366561755726    6.126303111956039    
6.727456343393757    5.870774714088779    4.328684708907107    2.402192386556796    0.9072982271865623    0.23383809206611356    0.46286320828025973    1.3685731628360513    2.1553471602510035    2.596054237614353    3.4143145880201375    4.452755731903329    4.8250163765635605    4.254190171502892    3.4539309633771054    2.667843723841805    2.1020541354658167    1.2625783698400088    0.25567987445573376    0.0    0.6055131896356536    1.935456454584406    3.7172167143399846    5.061827737564732    6.180417397978186    
6.755075216299864    5.909215089372666    4.342488279282578    2.4090064411719596    0.9111797378244446    0.23661703730140415    0.46646182155538946    1.3738739803153406    2.1637952929181243    2.595087522015022    3.4006668607000017    4.448451853946815    4.830434770737635    4.269481171762627    3.4726997724004964    2.6979930601180313    2.129539078098196    1.2698362938109267    0.25710616664123526    0.0    0.6063840475215155    1.9412330967060196    3.7482042118837495    5.124464082415821    6.2389163720638905    
6.737332639546046    5.896314975982182    4.341154752452937    2.4142925105720536    0.9148064976706887    0.23880549407571733    0.4696645527595905    1.3787646626072598    2.1682032319069937    2.589104885029085    3.390491555984997    4.447502357379246    4.843846572551667    4.2793387699483905    3.4937237431498374    2.726313270961205    2.154667823117517    1.2768748739655404    0.25858854197738657    0.0    0.6069756422189247    1.9450612818335444    3.7561929600842214    5.121692482943998    6.222250649277034    
6.7839899556716174    5.924739982668862    4.353492033216372    2.42034211635525    0.9180394472551526    0.240957764492989    0.47217644294744504    1.3818750641101898    2.169400060023263    2.582194197461313    3.3774724310804745    4.441306209506754    4.859802028905299    4.296189549636788    3.516060092110397    2.7524474965833026    2.177270133263742    1.2825106337470484    0.25990360102966187    0.0    0.6067931007499839    1.9460192095973867    3.7668780503184793    5.149594982682049    6.24896411340342    
6.757764420601138    5.89929113068161    4.3464989023247345    2.4249081477486722    0.9215516086566182    0.24347978827555972    0.47511379741    1.385760150468691    2.170929285367796    2.5758450750233983    3.365716355243647    4.433768951879734    4.870551733872833    4.312029307433544    3.5321642943735347    2.7713762270012157    2.193493186768679    1.2877708096215803    0.2614445346519577    0.0    0.6064179216515265    1.947334023720654    3.7753414380200643    5.16841241514329    6.283352997131094    
6.752459146333133    5.902905970805873    4.353367000100632    2.430032661734825    0.9255853428734045    0.2466740983914302    0.4787122178435013    1.389630041042035    2.172214708043062    2.568430306786738    3.3536039530856754    4.430367144350482    4.877671967555657    4.322005823352863    3.545469647212938    2.7885487364466726    2.209679771680848    1.2932623028633017    0.2629833601951134    0.0    0.6062854721483677    1.9490051149722984    3.793024826734616    5.204357246384644    6.3025508159615855    
6.762298310865411    5.904490429144148    4.355484593249651    2.4334091603922707    0.9289021963971289    0.24974606557629325    0.48247398922998075    1.3936917011963201    2.1746362032668975    2.5655295139840235    3.3478563683944684    4.43273595282222    4.889517805253459    4.335373301248334    3.5622800641799537    2.810101352556895    2.2272788538842714    1.2985054113764753    0.2644201731349026    0.0    0.606150382094752    1.9500043586698557    3.8000865992321016    5.213699698120113    6.316706419649931    
6.791314968454411    5.923385585706483    4.359721560466097    2.4376264217059482    0.9325708830745356    0.25319720254047257    0.4868753688695665    1.398627722238306    2.1785066530253783    2.563419420621909    3.3416784914613933    4.436008133367899    4.901430522184336    4.357804552076049    3.58590140571545    2.8347506316688857    2.247122886290662    1.3036508992449225    0.26566445812095074    0.0    0.6062608968900034    1.9503277371093202    3.8013224261674488    5.217043887395626    6.3258097215445455    
6.78500802732635    5.928823735561798    4.367155689779088    2.441266791767164    0.9362085794451847    0.25693597430188764    0.4914606141972517    1.4033153673598868    2.1800301035423497    2.5583888985407874    3.3317689615427994    4.433947228978021    4.916700231143825    4.380109371031902    3.6078991655681016    2.8563304996678838    2.2636127333040137    1.3079673650754793    0.2668967685538473    0.0    0.6059750372153382    1.9506951618699373    3.8009415456852844    5.2067603502078645    6.327597821200936    
6.785949095247581    5.937341970401472    4.37254486379004    2.4437383343268557    0.938797374467044    0.25982540618882516    0.49532494837434315    1.4080752885424532    2.1841312357753844    2.5574223259298776    3.3284215015132586    4.434184653022519    4.9307803790907805    4.402266872190966    3.6319156045949437    2.876746638681714    2.2781909242920513    1.3112220719624506    0.26774257809318985    0.0    0.6056892280800762    1.9512342652443986    3.810610068350514    5.223035828591579    6.3401495023323635    
6.779701254358882    5.937453830262983    4.372145493726706    2.4469123576035248    0.9420788197630915    0.26333032489748465    0.49968438286545663    1.4125454517230274    2.1860571421353416    2.5559482435332757    3.3251714422106557    4.432374504736338    4.942794555726586    4.423905596313017    3.656450817965062    2.900476706193877    2.295218855777542    1.314863795075334    0.26855940812905693    0.0    0.6058082642202264    1.9520913088909784    3.8157991759591887    5.232747239559922    6.362752033216707    
6.792750240866792    5.954924476611306    4.378471439522932    2.451222472429115    0.9458116316379898    0.26686998581411225    0.5038568626228703    1.4170083271778888    2.1890389266835832    2.555993230270086    3.3228553388928344    4.433441340817107    4.9503342228035265    4.438305593175516    3.673996177052834    2.9187395223096395    2.308921701177895    1.3179700144721107    0.26926119975885116    0.0    0.6059133030363959    1.9528122598134983    3.822251714734195    5.24734457229612    6.370224081540714    
6.800113994973623    5.966231235060926    4.384119815497916    2.4545943757742057    0.9494092437017545    0.2706584153027447    0.5082321341394159    1.4221928437079199    2.193913641328997    2.5592583246850844    3.32545449320628    4.4400492079015    4.965222630446694    4.454769768767799    3.690507970815441    2.9347757437942894    2.320774310491948    1.3202678917959279    0.269712372238756    0.0    0.6060160437265205    1.9533126142784114    3.8235652807384706    5.254177825267564    6.387623125952271    
6.823575643192615    5.9726958137385235    4.387704023850461    2.4585746338783934    0.9529913523205021    0.2743769707349633    0.5124777792644614    1.427356076891622    2.1997662822716055    2.5633255503952794    3.329941754533552    4.445036683793749    4.979487636602695    4.472769044682986    3.708100445061956    2.951280993917689    2.3325070280523157    1.3227437683495054    0.2702207200042105    0.0    0.6062270480765162    1.9545783783548443    3.833212625221987    5.2783052368779435    6.417305875171451    
6.836106666574193    5.9789270907125776    4.394319581573866    2.4620947361469305    0.9562598770417599    0.2779197471495684    0.5166862664748626    1.432508942720933    2.2049680487346253    2.5676797061325725    3.3353643840881038    4.450914049459689    4.993397430003426    4.4915251811008945    3.726311231158336    2.9677766905086433    2.3435128912327103    1.3249587685678783    0.27064654323523085    0.0    0.6063821099957739    1.9554576685776222    3.8379012344555448    5.290307417176125    6.435396446085437    
6.843681128466391    5.989032372096559    4.4005435137614946    2.4657984838248415    0.9597197623952799    0.2816588690376064    0.5211086543872857    1.4381262040519553    2.2110502079482623    2.572056584614419    3.339946485995251    4.458097612153026    5.005842037486172    4.509597159814037    3.744019551514457    2.9857451080141963    2.3554966058084603    1.3275560267418838    0.27138574699126805    0.0    0.6063466436649153    1.9556868519542603    3.839747867552516    5.294543749529249    6.446319647049405    
6.849894285197414    5.998918796096967    4.404011205063561    2.469333322730095    0.9627771832300958    0.2850169831935977    0.5252007223252138    1.4437693575694912    2.2183714991070644    2.5786888247582223    3.3460118238179977    4.466350521580471    5.021847695183022    4.529252857176662    3.762798872002066    3.003265618115255    2.367381425919616    1.3301424820478962    0.2721167485407979    0.0    0.6063460562691925    1.9558991766214786    3.8403720123440337    5.294314639164543    6.4441226535273595    
