2.027655074114454    2.1363473755910936    1.566711612953405    1.5900933832498019    1.2012038404765721    1.1534856359646264    1.1534856359646264    1.2265761487732352    1.1534856359646264    0.8264528568057508    0.4099236375684082    0.18716436920543608    0.1413672513784244    0.21500568267882372    0.46872323100812896    0.8133499212309703    1.1200473766153918    1.3249899591749892    1.0296994812491376    0.9762763458949819    1.1309863871837647    1.5016114932966982    1.6663023496657898    2.079527540829775    2.2693758634872996    
4.306626864024372    3.82973596320775    3.231683010315118    2.6328944680652717    2.194648034253057    2.0141030577905825    2.0343506562317923    1.9772805594132592    1.6413844967509248    1.1770602094031204    0.6183585628542374    0.21056196773875516    0.0204329179552842    0.10389997143133725    0.4947980206402586    1.112975256610027    1.720771212478563    2.045187916778758    1.954614565480559    1.885655809493116    2.1869523603881267    2.8520090319695104    3.5436520757548173    4.185378447347224    4.505711291038799    
4.536702170733433    4.030534672148313    3.414157332130166    2.82590870512162    2.3885366079585335    2.188625050736464    2.1854891916882897    2.0938932404881783    1.720637021531422    1.233392602091853    0.6687715819294415    0.2588445199925765    0.0516656854063862    0.13157262683481363    0.5328416882424726    1.1665102084164338    1.798506261721657    2.1501746295114055    2.0560426696506275    1.9699170790858889    2.2740852286920195    2.9575171675514857    3.68578975833948    4.3696720064854855    4.724499260905765    
4.684283072307104    4.169175619903431    3.536100802123877    2.949206733757162    2.5146771954537326    2.30951165691133    2.290753126593282    2.171451765946253    1.7682801146322464    1.266425025851585    0.695585246290599    0.2862098153690207    0.0730257677798169    0.15093285937522238    0.5557269963371014    1.2044845534711919    1.857400652760096    2.221138042108654    2.1143786813368095    2.01058519495036    2.3128685769341932    3.006385932748336    3.7602090684234146    4.463498417531877    4.847827853199214    
4.804304739510716    4.278483252052806    3.6367811321343484    3.0525150903392886    2.615834805682311    2.405875267198808    2.3787391928242725    2.240413792604721    1.811047359305359    1.2913313251619867    0.7145689614635871    0.30506850036118605    0.08677501933988237    0.163003692907741    0.5707587042538734    1.2311976055165044    1.9016379486474566    2.271531175705372    2.1569407050481635    2.0432355352930593    2.3454928604310825    3.0397894047127347    3.808278003480951    4.53670159085614    4.946367199291032    
4.877574951880736    4.343793275289933    3.691908193385709    3.1116374717635025    2.6835120620298865    2.479155604616181    2.4485737778991603    2.299286765306632    1.8489686811397779    1.314292937962941    0.7323377638608924    0.32176603799811804    0.09773221468495638    0.172019893178539    0.5820709684256844    1.25480090745892    1.9444932384720994    2.3198321961738713    2.201085561478489    2.078696686782395    2.383109683192896    3.0867667178974116    3.8807132974260448    4.614224702796048    5.023495296600215    
4.945713231855641    4.405617862992053    3.749363488300789    3.1743546976768875    2.7512347165583195    2.5449255171070337    2.508417656402187    2.3496724449942117    1.881428802096838    1.3339709207432349    0.746579480918519    0.3348049118065125    0.10652074971325512    0.17880366543225157    0.5900144504971756    1.2724686053252516    1.977601846954074    2.3569483634609574    2.2333826819587372    2.1063264638723656    2.4118236006908877    3.1183375826885453    3.916397058122033    4.658403612536606    5.079876669445333    
5.0012805348370355    4.465298825823859    3.8005072408071747    3.22336650039242    2.804636503265683    2.599177710027733    2.5594694427870825    2.394252561786757    1.9090439544175457    1.3507064839788425    0.759088596408785    0.34603241550259056    0.11391698664298612    0.18420303466295382    0.596020595828791    1.288072684128156    2.009268689776429    2.3923249503250417    2.261440152705873    2.130902783699021    2.4377369515811473    3.151093130747475    3.9637881221600337    4.710657394371596    5.133017697279705    
5.0395044150542825    4.501443799814559    3.829648326953481    3.258537118540573    2.851967947686789    2.6535462243890016    2.610940043339393    2.4335687816446647    1.9313664863994449    1.363138852248248    0.7681626026905528    0.35499972092580145    0.11980346577738404    0.18846820542538176    0.6014572268069536    1.301874978790135    2.0352061119267733    2.421255877083209    2.289755803024996    2.1573469270303494    2.4692716000158947    3.1875479967355913    4.00872599994981    4.757266192962093    5.168983125644565    
5.082414705456705    4.532225386929241    3.849558945689233    3.2845369052530926    2.8885630318038773    2.6933998375698116    2.6483168181925785    2.4652393254067433    1.951384109224922    1.3742071684375063    0.7756730815872683    0.3629335471281742    0.1254743762431482    0.19296745662123443    0.6079602511617477    1.315450570978855    2.059966254241383    2.448388861339357    2.3146766628500015    2.1815210258085185    2.4975291722843918    3.2208283332662653    4.048232630179483    4.795603881724657    5.203507287752992    
5.108711139384369    4.551335804998758    3.8670855093417256    3.3058813803339335    2.9203874827674543    2.730525488833732    2.685584272200526    2.4958732518638    1.9700763487264095    1.3850862207725054    0.783014590179777    0.3696620977287658    0.12952790374685047    0.19590853757258053    0.6124415353208692    1.3262785050915236    2.081060769130054    2.4727721697062646    2.3376701605995707    2.20374531370247    2.5219267345241096    3.2485198102972963    4.073860461092096    4.822906086589469    5.231005111584769    
5.128833504598297    4.57447250894332    3.890113702673282    3.3299566158945377    2.950223474159849    2.7667154350877112    2.721403017364653    2.523784347841386    1.9872839346568143    1.3948887140166182    0.7884291638195146    0.37514981910591205    0.13311826479264505    0.19824725651967515    0.6159494376413484    1.3356668465566437    2.1006161023982926    2.494955013794744    2.3576338822304534    2.222975018616544    2.543750082317209    3.272134535650662    4.0983919297413705    4.844581711346342    5.245440942545454    
5.156718621782264    4.59850823893512    3.9123052885157508    3.356518644542636    2.9843630962803003    2.8029621168960555    2.754427181859154    2.549515767375209    2.0032549878976593    1.4039468620746665    0.7936852309426995    0.38019541242595273    0.1364458466431367    0.2007505432548346    0.6197082512215082    1.3454914344109061    2.120289713706081    2.517383413809813    2.3803674751805146    2.245168470218224    2.5672491470060184    3.2978995101660917    4.127823200934384    4.872815078020653    5.276549380241689    
5.1785008714297005    4.6190554714044625    3.928527878243591    3.3766897037560226    3.012477385684128    2.83401336270954    2.782969829235274    2.5730313761673984    2.0182604060002625    1.4129630123362913    0.7985442946005765    0.3849480250217988    0.1397800793727361    0.2033948416042976    0.6234746086267431    1.3548071451567603    2.1385485710715906    2.537803642368278    2.399867772998461    2.263720411361704    2.586719905241642    3.316990421311158    4.14848480280645    4.899270067052969    5.300734189715778    
5.201766730407217    4.642909922844384    3.9516714037993017    3.401697638160908    3.0414787506347483    2.8621179655038542    2.808379445923287    2.5947904655999854    2.0327818687144323    1.4215966415684123    0.8031697888365544    0.38933433576643217    0.1427767183505741    0.20581779731655436    0.6271620388259062    1.3631891554240845    2.155263458521708    2.5566286780708247    2.4168642448117486    2.2794589527446285    2.6027683960663537    3.333441971844677    4.1670399744333775    4.915558563468171    5.323134574874593    
5.213280974260732    4.657855955049509    3.9701962614263286    3.4217740861738606    3.064458636058666    2.8870438984987574    2.8319366967306427    2.6151588568360142    2.0462599917516773    1.4287484492440354    0.8065266811881845    0.39268712261848504    0.14534759537597272    0.20827125334430244    0.6309496275741143    1.370977653380186    2.1704002547781567    2.5734952616629916    2.4325244326540667    2.295072669050415    2.6192342351540434    3.350946968135139    4.186215724718608    4.93394313722851    5.337627272990057    
5.2375176442740905    4.678341159653958    3.9868245936855153    3.4399878345238513    3.0874264464411176    2.911215745889381    2.8553804765633526    2.635714025885159    2.0594366118408796    1.436160609599658    0.8101346098532712    0.3961050046746999    0.1478775922913002    0.21053279907430977    0.6342206142191246    1.378134349803569    2.184309428866671    2.5891908046193297    2.4477726224022236    2.3106985915997864    2.6372390150299374    3.372239829823405    4.2092331364053095    4.958157223954351    5.362752539827187    
5.25589605439226    4.692532658940073    4.000892939730334    3.4573259229657958    3.1079736226355936    2.933178530095213    2.8768192423726204    2.6547462618808857    2.0720526032319584    1.44357434721914    0.813927079050129    0.39942202963758733    0.1500643020580142    0.21229653160084977    0.6368546537611104    1.384317889586169    2.197368056342258    2.6042695963702003    2.4628547827345835    2.3252576083640237    2.653186166813595    3.3897973944447135    4.230155515130645    4.979249188621595    5.38391561513799    
5.272511809843416    4.707690584971859    4.017601939949834    3.4769015488571693    3.1296859315801315    2.955238885955571    2.897527617309897    2.672288742814311    2.083801524787694    1.4507766677724745    0.8177356759857362    0.4024222785844916    0.15195906698667783    0.21387974055804873    0.6390872098796979    1.3897073175370058    2.2094978644286596    2.618276238012958    2.476591218339999    2.3389979464281128    2.6680384013036718    3.4061860443545244    4.249696867650436    4.996677583064157    5.3981516575421145    
5.2943311806309925    4.730061234141614    4.040376175549226    3.4998813773308646    3.1536847553589364    2.9780217590262934    2.9177469936218943    2.6897427597780634    2.094806804872557    1.4571562489644148    0.821243426719481    0.40545483459613174    0.1540044019165065    0.21569545244783123    0.6414066862399377    1.3952064218054794    2.2215826911496768    2.6321288835608785    2.4894823943424527    2.3515995519677917    2.6820949593942007    3.4223983360948607    4.268073842869589    5.017592512461579    5.41878374176924    
5.315579492483928    4.747118468188184    4.0560404338096365    3.5155055802263018    3.1710282305501645    2.9954664458475713    2.9348820898924486    2.704945688872177    2.105066340628101    1.4631735656478944    0.8243417421789039    0.40819749981708775    0.1559582486947296    0.21729344030922046    0.6433966072726992    1.3999849028557283    2.2319106689919237    2.6432590496463284    2.499469003531991    2.361868261155623    2.6938239566039432    3.436284482559961    4.2850980537752985    5.036160623784986    5.439646803998764    
