2.3489813899401053    2.440879130203667    2.3489813899401053    1.8200093248491171    0.7518356492959208    0.22700125395447499    0.21738556519874633    0.5219192376389094    0.9848543279592039    1.0883854566934976    1.7231223206364237    2.1363473755910936    2.2693758634872996    2.027655074114454    1.5225314940724026    1.1889114610378848    0.7402593708393115    0.47236947916906535    0.14769821133317926    0.23186789140341316    0.7289036062830428    1.4618528368667147    1.8200093248491171    2.2693758634872996    2.3489813899401053    
4.105132220781687    4.010794620524081    3.44954487059772    2.2082859236889383    0.9046663259710939    0.2848080595820571    0.37131403791533035    0.8379963220693742    1.3171268773847267    1.7983260479601375    2.548551625304263    3.4585296140669524    4.0202533578245125    3.725900199092435    2.8203387322395033    1.9748963402421664    1.3440508901000043    0.6719165604671524    0.16334095869592954    0.23949602137272635    0.8905268190986014    1.9291659298643387    2.834231188627009    3.5391547581444156    3.9340518663176023    
4.12340888897288    4.061462414098006    3.539050932032569    2.259198763307895    0.9148666923709264    0.30210504826742896    0.4199858494337933    0.9316477252880649    1.4266095032387127    1.8935853762251527    2.6375523013997544    3.5589450836137124    4.156066825728231    3.8507785214901555    2.9264796699846594    2.0624120297969086    1.419147186599624    0.723425953524004    0.20923443858957697    0.28214950922392806    0.9259203726439584    1.9742194782814184    2.899469173685253    3.5875013890034517    3.9348344035913394    
4.1826378100321016    4.123296545142651    3.6131048366083265    2.296656236584678    0.9233960483102326    0.3154389190237643    0.44973494067140035    0.9887559557998136    1.5160645717719206    1.995212482330458    2.7469218392006884    3.6705926074064905    4.2350182793329365    3.9267980682524843    2.9990104125687793    2.120341954477027    1.46688114215814    0.753963226250925    0.23506690389072188    0.30477998440073184    0.942439571854742    1.999004763285415    2.941330828222142    3.641257309906252    3.989346694108766    
4.229178358842359    4.161861130168051    3.658739062854407    2.3203309308746873    0.9293273982790957    0.32580844566333267    0.47172150239274135    1.0302629740609337    1.5783752391963772    2.05820927324769    2.807315592886807    3.7318422910533995    4.287669334207027    3.9696629214406305    3.0338699869235266    2.148768514077782    1.4924670974000533    0.7764336062947724    0.25402471480549005    0.31993813457169484    0.952375687129991    2.0138931861317775    2.9644201705040683    3.6566954071510325    4.019899571536502    
4.290037959670511    4.210403044685689    3.699112990031379    2.3346032217960486    0.9321142725780264    0.3324347601108962    0.486774698006081    1.0614318107014094    1.627807628843724    2.1059724875694217    2.8453996484066586    3.771930705551744    4.315294409199841    3.9969214299265747    3.0581752911913744    2.1689341731252854    1.5134028821062901    0.7970333398988063    0.2725366815229646    0.3357552888112544    0.9629002830658214    2.029575993761396    2.99309737395265    3.6886414125798686    4.074161437979948    
4.318592985093236    4.24211987705725    3.7294711395800872    2.346902398897786    0.9345288205993687    0.3375123665703401    0.49852798507923224    1.0870948342873652    1.6768634659246864    2.160055214913506    2.8960939340635314    3.8168453602729397    4.3488547552492856    4.025305849359821    3.0842265871856003    2.18813546853284    1.5318337406576383    0.8142978011192297    0.28651170229794864    0.34608662005650925    0.9690033268140735    2.0416914340002785    3.018301745157822    3.713056733350927    4.103956442175631    
4.350655975605057    4.273186638419642    3.758284766140401    2.3573045651389903    0.9362457113562972    0.341413711565558    0.5071635730105437    1.1058864110210462    1.7159400977581523    2.2038936756533887    2.93792707407762    3.8540742706012705    4.370627544453349    4.04667258465949    3.104644184672481    2.2065162866825405    1.5500883569618733    0.8312941159262923    0.2996340438193285    0.3550529436325614    0.9738412202120035    2.0496513926897046    3.0326842181801545    3.7271359759832055    4.130542175793367    
4.372832745287315    4.293941204598202    3.7766015039638767    2.365190427031065    0.9373597926633469    0.34424290323351303    0.5141389929528308    1.1219619339509819    1.751242329009849    2.2474898785703705    2.9789351155744916    3.8879719304269353    4.387491491847421    4.059258674237697    3.119920499016426    2.2193781965084063    1.5646600930604146    0.8451201533496671    0.3106839704382133    0.36248155509397073    0.9770831798240179    2.056049809547196    3.0510488696555806    3.7441581720300503    4.151452031398839    
4.398899708495898    4.317796864787761    3.7942187839269796    2.371724277199074    0.9387141914388393    0.34757559730330956    0.5215471695016307    1.1368209005159622    1.7800704848612017    2.2807419147342003    3.0091865222757574    3.913593993239766    4.398375835182763    4.071515601029308    3.131701276752814    2.229047950220944    1.5743449415987085    0.856203570430945    0.3208308477048469    0.3701025140019391    0.9811132935602722    2.0616688700589494    3.0633869480609617    3.759447352987402    4.173771585554064    
4.422146150570826    4.3368110619463485    3.80785015067301    2.3750418387263674    0.938501839677357    0.3492413985966544    0.5268344025066778    1.1485572727951743    1.804105076348024    2.3101136172418855    3.035970135601425    3.9364755129012106    4.412471406770997    4.086601197572509    3.1486326363576262    2.241775981317205    1.5858390992494562    0.867288980238026    0.3298025829616081    0.3761445512588605    0.9832881857216713    2.065578180194811    3.0751083222520115    3.7731163772574705    4.194811359084272    
4.443486316273497    4.357638800391825    3.8183664204223864    2.3776010304037576    0.9381335230853802    0.3505792174977342    0.5313166930069803    1.1593072457755254    1.8261697615040822    2.333073532836042    3.052715832223868    3.9481943400186483    4.419576931882467    4.096472531303786    3.156544743954442    2.2497993352821224    1.5957488494470562    0.8766724322158711    0.337561458071091    0.38134890112694775    0.9848139239606972    2.067959018418905    3.08370257387843    3.785132348230505    4.211200225404602    
4.467346105490984    4.3746721992687645    3.8321118930333307    2.38093152182707    0.9383575482477459    0.35250725947826034    0.5356839197146847    1.1685602120936653    1.8458517936641012    2.354003649043771    3.0700145628765236    3.9620404438036454    4.429478481807699    4.107215327845416    3.1641898259275245    2.2569816123518938    1.6054287230289082    0.8858616274811697    0.3450664929282652    0.3863518246306654    0.9864552508081325    2.0702880587462404    3.0915862842680153    3.796608851001988    4.231650798936515    
4.4865295859420655    4.392380643394054    3.844898852653393    2.3844919832653306    0.9389166768227128    0.3545548505176468    0.5401800520977685    1.178079387552779    1.865709654023272    2.3748910774101923    3.0864012150017546    3.9746109673102037    4.434489134857759    4.117740458771513    3.174437158776145    2.26642681746258    1.6152637576527396    0.8943462090750256    0.35174350934756166    0.39072520109469044    0.9875884757997224    2.071929192827217    3.098010657047141    3.805998290582566    4.248921698890623    
4.500636774410818    4.401515734368467    3.852780178287619    2.387592836076312    0.9399147190129925    0.35673908139638066    0.5444492189161809    1.187340613652459    1.8840708073096475    2.39414127103193    3.102085090793758    3.9885772459017583    4.4429776969935135    4.130240885901749    3.1863034865781437    2.2767925359582697    1.6251011711172296    0.9021085687372573    0.3576257347054127    0.39432027432352457    0.9881871850456675    2.0732663137544325    3.1063823120064264    3.817701514006864    4.262807593004193    
4.516058357888678    4.419068817327733    3.8659972609724393    2.3916070198643187    0.9412990978707704    0.3592620095029642    0.5489020366052031    1.1957036830265555    1.899490665037784    2.4098057633057555    3.1137792416347936    3.9984116270786836    4.449639207078768    4.136988666388571    3.1934174740049373    2.2839546209771404    1.6332518473254836    0.9085018071936241    0.3623721991606256    0.3971286023385956    0.988534574624571    2.073932315540823    3.1102349026791614    3.823700169714281    4.275724609582567    
4.52631560634552    4.424928114605776    3.873244134134154    2.394272519356896    0.9424525081333092    0.3614174714987755    0.5527498974596232    1.2026488472244652    1.912380882552148    2.423043571582035    3.1235362991407367    4.00496120069427    4.454572944248313    4.14487536847375    3.20055143879455    2.2911898191968554    1.6414488666209839    0.9148825838184232    0.3673082625617522    0.40049608196092057    0.9896112910310207    2.0749708730312655    3.113328841859728    3.8276622777065628    4.2860178977966035    
4.543732627700442    4.441917752438698    3.8837941530836964    2.397162184699888    0.9433676273901921    0.36310982070851217    0.5560171223799958    1.208892256244292    1.9245284699873075    2.4357687465146527    3.133960165580188    4.014096563483103    4.460308699481594    4.151950705711554    3.208334605054503    2.2978433272224015    1.6481153392004864    0.9209859437139631    0.3721189297241728    0.4034616706063401    0.990222728184073    2.0757487891685833    3.1180961738530932    3.835573060456581    4.299816987346951    
4.554717109929385    4.452790587480892    3.8925411105865284    2.3990955240996072    0.9437768385492551    0.3644413821380344    0.5588331052421401    1.2150067851240107    1.9365057668224934    2.4473945013492027    3.141727892812342    4.020363265854591    4.467299697028072    4.160371337386922    3.2169892566498883    2.3052652371478737    1.6550942630859151    0.9268634623905718    0.37659625407649255    0.40613128284869504    0.9908416071742024    2.0767700252906436    3.1225097982093453    3.841458947994084    4.309896136201016    
4.569241313424538    4.466818383252466    3.9005392277704622    2.401222764118935    0.9444982959547167    0.3659953761137248    0.561800863291301    1.2208289913633914    1.947613129697236    2.4589982452310304    3.1510571480787677    4.026941471944455    4.46916690551489    4.167582207759061    3.2254113470792305    2.3127916877538324    1.6622007996116053    0.9323977844941262    0.3807916995696125    0.4089336887641205    0.991782559955377    2.0783269096927954    3.1283663686947847    3.8496094748433762    4.323246360259406    
4.584787764009415    4.481241782601967    3.9097609660787063    2.4036475439157896    0.9452647301821859    0.3673851912187419    0.5642217982404024    1.2251001214066595    1.9573107843287998    2.4713492066096503    3.162143041905395    4.035580118935824    4.473329161939068    4.174279054562376    3.2331588933918183    2.3202307128858166    1.6694553640013652    0.9376949238512753    0.384599574212876    0.4112960117353647    0.9924026333964435    2.0791576873937654    3.1338009191847767    3.85756784156059    4.335978226653699    
