0.19400375341068812    0.416547702747482    1.0023896938335666    1.566711612953405    2.1363473755910936    2.199158757023861    2.5495709322494617    2.6825986710017524    2.3489813899401053    1.6663023496657898    1.0681747282872982    0.4834439718718545    0.20324672589159434    0.31849592187968956    0.8133499212309703    1.389502471068213    1.9799370136703645    2.440879130203667    2.199158757023861    2.3489813899401053    2.027655074114454    1.3404754823095366    0.8605283914506581    0.45435724143937284    0.19630109646049657    
0.1280869852963381    0.5350341079878214    1.406489146103365    2.586294888911904    3.735523134524962    4.43966828998835    4.565692811572286    4.370684209057622    3.703722696467512    2.6110235195441684    1.5268936025795636    0.7821560574428347    0.46273708555796506    0.6281091601223688    1.2645631262353552    2.2381935965797393    3.2676171220587205    4.030070778535445    4.38633359840984    4.229088458481173    3.504492924042419    2.3890481448690255    1.2824089337321778    0.5066551127180366    0.13326302662381362    
0.13991201564146563    0.5487972285460633    1.4365537049479433    2.643177771486212    3.8138231655966455    4.574590818628521    4.779933982732393    4.558338395227036    3.8664823588733075    2.721234914878759    1.6244941149263283    0.8917472717010347    0.5739313768596949    0.7436728883362443    1.3877251520688036    2.372627725112044    3.4153959506477145    4.198357574105343    4.519329061731438    4.309790073190852    3.5640678209304557    2.443565051099418    1.3086962059805987    0.5221018578654516    0.1470338148058279    
0.1521697086819012    0.5603584477467818    1.4609663287589236    2.6929030359373933    3.884307588272454    4.673227073175746    4.897346011112671    4.676182885159658    3.939840437175146    2.7583275970067    1.6578811334216557    0.9448848878134383    0.6356038267423979    0.8108388300744899    1.4618628508366505    2.454412524226591    3.515276695084712    4.31079502222374    4.634820529983054    4.395883707227417    3.632327122075959    2.4934025366543113    1.3303097625476696    0.5373356096321673    0.16199115057671465    
0.16001564521940734    0.5677788848453829    1.4766049142807984    2.725620292113163    3.9393146161389465    4.724577535119276    4.975485689400029    4.763079166762615    4.0000052639388874    2.775770785829768    1.6748975790090006    0.9812570102494194    0.6807202638283325    0.8637586101633847    1.5233777974641478    2.5233663738484218    3.5912211817005892    4.399070607537763    4.7075388746969535    4.452953254997453    3.670256923291299    2.522021382449857    1.3436638642429404    0.5468486712222423    0.17209786496300872    
0.16745882983136057    0.5757192659408055    1.4915885307341248    2.7545236952129595    3.9875017367960757    4.785431566225786    5.031202064215563    4.811337988199264    4.025759796140198    2.7807314546100557    1.6832501846055543    1.0098566315315216    0.7201937632023424    0.90993788268601    1.576859376163267    2.5827153663303695    3.658992866174112    4.463690672298259    4.761131031582992    4.501307675979067    3.705697532107712    2.545429493516131    1.3537187915941815    0.5539438123142001    0.18002009053205043    
0.17296221593203698    0.5824170113560105    1.5051593591738266    2.780184375442972    4.024746935283262    4.837318136759188    5.09079300641106    4.859841603739575    4.052224778198622    2.7834503371300134    1.6879900459572545    1.032948036921272    0.752911010438455    0.9486002637436661    1.621911521004638    2.632816432523743    3.7140197790167457    4.521368435611427    4.807067284565418    4.538141761921004    3.7372072066771955    2.564774119780817    1.3611647767038335    0.5588303921670169    0.18555398237896226    
0.17908557102713935    0.5892798958501678    1.517608799770436    2.8035670812423796    4.058876110028797    4.888117428485079    5.151151975998505    4.911501399365741    4.072396146342333    2.7830747341820334    1.687749157589184    1.0487093765555913    0.777692709546338    0.9784116911917242    1.656516560889069    2.6703653812975605    3.7535473025310693    4.561165269040127    4.849089291794404    4.571424412076348    3.765741935312732    2.5812377502550867    1.3672195429128207    0.5636684622240671    0.19167679762820206    
0.1845348841249784    0.5949533492496053    1.5274018233829234    2.821438229192045    4.089325691293644    4.930389238723075    5.196471372952439    4.946278528618549    4.079055783293966    2.778011922572838    1.6840649795842617    1.0600293969600356    0.7974874810960761    1.0028935885053294    1.686323935101    2.705750058356717    3.792159688330723    4.596356901202861    4.87620532488168    4.595572671353507    3.7847569360055084    2.5939017159951585    1.3725232607762885    0.5681244576512687    0.19708361728158805    
0.19022065526643867    0.6009265003887956    1.5379449031411592    2.8403699339953086    4.1156266123393115    4.967817302743406    5.23567205230409    4.976118503831767    4.0837026693352945    2.7711102257880107    1.679432714859408    1.0678487721386414    0.813366167721371    1.0240297548945496    1.713304902587649    2.7369332347483883    3.824054329389893    4.627061519187679    4.894247453973936    4.6080490507184955    3.7999009823491234    2.6044128018708834    1.37740886723532    0.5730887176855501    0.20291717367140683    
0.19477550393678253    0.6062244172793508    1.546903023589346    2.8567761463647    4.141147596514835    5.0017454585236045    5.266169025720132    4.994466478301989    4.085402429653422    2.7632305190713216    1.6729677013840527    1.0735522328731628    0.8270449028410716    1.0430050382595621    1.7377107169544364    2.764914345475277    3.8533458909492375    4.657000885498723    4.9202193702637596    4.627297342579218    3.813121780366905    2.613181307609854    1.381488289248997    0.5766501023020654    0.2069879834452995    
0.19873378874628556    0.6105432471408845    1.5540258075305122    2.8695915006498374    4.160777532327399    5.028362477849148    5.291235156794034    5.010341230316745    4.082339546732905    2.7510677603269045    1.664309313703266    1.0774490832145318    0.8385185305425571    1.0586973573260057    1.7575531737773074    2.7874242946491647    3.876882289997812    4.678354520931233    4.936916192163966    4.636941915348744    3.823918335921553    2.621522580899998    1.385701353928638    0.5800579496645497    0.2109531946399345    
0.20296380696016367    0.6151061673195716    1.5611611082403487    2.8812560572465844    4.177237743928881    5.0507734096216526    5.307012383727377    5.020627229887624    4.077016000658776    2.7406124592547223    1.655257819940062    1.0799226082840525    0.8489507349752571    1.073836069857789    1.7770468894114348    2.8109242396730805    3.902005834430381    4.6999190559299535    4.951358075166706    4.65145157717038    3.8352024536433413    2.6294929045291813    1.3895878883125057    0.583684430961105    0.21500071377936864    
0.2070634670087062    0.6196603586527798    1.5681238115538905    2.892951840078991    4.195395371987504    5.074690212857103    5.334536383550987    5.033584492257383    4.073203917445539    2.7295003061187044    1.6466579839715    1.0823592864863716    0.8590307838222879    1.0875141193239515    1.7942815233649458    2.831477242314206    3.922943498282617    4.720245658370907    4.968806790471256    4.663339210319119    3.846339003852121    2.6369995539631637    1.393033190962065    0.5869976553580825    0.2189936692894776    
0.21098127721854454    0.6241199772394679    1.5751561913417214    2.904956901680109    4.2143227027868315    5.096267628718954    5.361318244748552    5.045863508105184    4.0694213917002555    2.7197122356640766    1.6383890655999123    1.0841128028796776    0.8678815069500656    1.0997284773252827    1.8093911635394422    2.8488087002590614    3.9403757765708933    4.736528450795006    4.982564919726602    4.674089168694188    3.856039906390145    2.643938009545093    1.3967365965628313    0.5902750383766155    0.22262989857623153    
0.21405111458242754    0.627498618720484    1.5805862142339873    2.9133259177436854    4.229306083245788    5.118276555847385    5.385485764482672    5.058623871068195    4.065822653212458    2.712192408281126    1.6319857444724803    1.0860905500587388    0.8762339580933965    1.1116681322734747    1.8248375423869472    2.866874048898329    3.959379707078493    4.75454473282167    4.998618537006148    4.685541407963025    3.8659284316073204    2.65127701181573    1.4005154844495236    0.5931771680715099    0.22569142570238393    
0.2169361221664094    0.6305784324540507    1.5853838511211291    2.9216468765269257    4.243097555779298    5.1380746049249595    5.410007374558948    5.0694345508177046    4.06478308231548    2.7060627798633785    1.6269793071705694    1.0890557567945862    0.8852526897506343    1.123900707043914    1.8405831073598644    2.8854897851228314    3.97769969840257    4.770170574837659    5.013218272563656    4.6957758972561585    3.873459274354916    2.6567415674604034    1.4031656466473728    0.5955312927544097    0.2284758204740876    
0.22002423706169977    0.6340963711014933    1.5907962430135116    2.9301475424137178    4.256322692575246    5.156285604783188    5.42811385757647    5.077024293041633    4.060473131818835    2.698496140828814    1.620563889450596    1.0901305119156448    0.8921286237188522    1.133519255325534    1.852654775045662    2.8993421817135165    3.9911273134861665    4.781409934047302    5.018159421056285    4.704662348998957    3.8819262761841413    2.6628389998533706    1.4060577278572026    0.5979648310261277    0.23123678280854693    
0.22275958688079514    0.6374503553327098    1.595971474142682    2.937986389531674    4.2672330833036    5.171420900179905    5.441681652186678    5.082249399104534    4.055574331753012    2.6903853518643714    1.6139335206008483    1.090747407097399    0.8981798722572251    1.142129308970742    1.864204634987016    2.913367962257557    4.005464644198487    4.7964308667720434    5.029538496547475    4.714666069256787    3.8905062701988675    2.6695428380560533    1.4093834821964872    0.6003832394488099    0.23376796366886649    
0.22554659181948766    0.640762958978692    1.6008161341107143    2.945613291692011    4.279610361264997    5.18643661694115    5.460426769222608    5.092362807184678    4.054199161148939    2.6839363654408706    1.6084430806484835    1.0920671252937986    0.9045110812517111    1.1507923329084844    1.8755374588822815    2.9274650264453905    4.020869526874119    4.809694620984522    5.040765078315718    4.72468904862198    3.8990017726277797    2.6753984571081526    1.4121313774740163    0.602598607054508    0.23630510097601115    
0.22822552547885303    0.6438538941107375    1.6053232593652562    2.953027068681708    4.292098239562002    5.203057451416015    5.475965968539301    5.098984268043067    4.050016731123507    2.6773962774539246    1.6029291909350352    1.0924916785893442    0.9097972037659757    1.1581813705187303    1.884814445348869    2.9389120870667615    4.032675336958799    4.822044348116338    5.049505717020307    4.731169640356974    3.9054608861206543    2.6799941424504645    1.4143816140122256    0.6046014370726704    0.23873737895274066    
