2.823521688322821    2.0489485400013914    2.318402389111722    1.122906635136243    0.5675493394364681    0.16802832590947303    0.21864195946392934    0.5720828949061207    0.8966703225114527    1.2224974766254464    1.4919524932440191    1.7553548677187327    1.7894303240207337    1.6092230497676463    1.376204652117244    0.9718106930051831    0.9125688513460384    0.5115509755499079    0.3826474691942782    0.29645396081718806    0.5630499997928704    0.8660913370166723    1.6092230497676463    1.949358012841981    2.4103001293752837    
4.83071709012694    4.1654560686335715    2.794116088151074    1.5120090783022198    0.6396654963128886    0.3050283532551607    0.36134603005880617    0.6264041001266047    1.2199850553984186    1.5537794028861183    2.1512242924907112    2.568369895050402    2.0790586469986905    2.138189918454995    2.0830625131667158    1.5598182234566367    1.086618672863406    0.7722004476037914    0.5179973101606914    0.4805424309821038    0.9203422062597633    1.7425255171806249    2.7988769275760115    3.837603273733295    4.489022349704589    
5.0460829577115325    4.239607568418923    2.8224908209021713    1.5182741426475734    0.6560126344708967    0.3431607668354363    0.38416514998249895    0.6391062938477845    1.2685076506868973    1.6142584561511628    2.2032146021651022    2.652068047811201    2.1792767537193445    2.2775745530256986    2.2260529034731444    1.6311977541739315    1.1062237071971017    0.808606538214975    0.5828592009009839    0.5452439366519684    1.0062236515334504    1.857131954238352    2.943472335205325    4.045048693230481    4.765667623447723    
5.152968771843184    4.265105512544666    2.823379423610979    1.509426056541838    0.6591668745058084    0.3641901016862521    0.39850475264940427    0.649022535602805    1.299393801391181    1.6495806513175901    2.2315744124052532    2.720268825789114    2.2635882435983805    2.3868927759364786    2.330696862041929    1.6860504435868453    1.1256926076816867    0.8295819934584254    0.6254671332561874    0.588693147762851    1.060933513094581    1.9221977851514367    3.0094174979361754    4.146363602263582    4.906497583575271    
5.219023542846128    4.286068699409907    2.8289063203189557    1.5073932699122408    0.6624880009631733    0.37877951006912836    0.4078048368572401    0.6549640710325406    1.3217435149156451    1.6739055779648815    2.2523444839370304    2.7763882728409857    2.331280632186211    2.4682231663639524    2.404994863333536    1.7251044818354229    1.1401062856302009    0.8442345528881086    0.6543798598833873    0.6182224771716416    1.10236525288644    1.981453501195047    3.076171540952854    4.213909568652982    4.989403579866146    
5.248743077922812    4.296057563108281    2.826830194234812    1.4997073463901136    0.659905219030005    0.3861931704580713    0.41340405857707346    0.6587146125915706    1.3344045434499265    1.6864498131241854    2.266476868848238    2.820305783735784    2.3887167574880466    2.533912646399079    2.4511852574687505    1.7461664814486422    1.1470871635805246    0.8549409590258348    0.6813788239018516    0.6450969005984399    1.1369599905860386    2.029345017313914    3.130498287168658    4.275119501273867    5.050749254378815    
5.28667182976781    4.307022664307612    2.825203309588679    1.4940220885870343    0.6569926191089583    0.391094881541481    0.4176753231002107    0.6615145062362787    1.343865964597439    1.6994938715276597    2.2819768277203614    2.856120740895353    2.4322422769512237    2.575695285711523    2.484945894706529    1.7679631535356286    1.1574124850585688    0.865286212236752    0.7043281938346094    0.6682163626824283    1.166786509043014    2.0735044780845673    3.182219511715418    4.327566699447941    5.107843423257148    
5.315300067774087    4.3140199051616275    2.822987759332528    1.4875437007656949    0.654265216706796    0.3957303590974627    0.42055955826779473    0.662211240422568    1.3505531686557881    1.7108893912398306    2.29510296109087    2.8994707459602607    2.4876192707368814    2.629813960850776    2.524794592122434    1.7898898242401442    1.1672559781190377    0.8751076954462923    0.7266715672825604    0.6900905404295239    1.1934385995456163    2.1118842704175855    3.2278372207718085    4.373006514020423    5.15091179274889    
5.3416369916532815    4.322367248765233    2.8209824793667293    1.482403437793938    0.6521274958678072    0.3997897320323248    0.42266575853421007    0.6618935481263513    1.3548684133067195    1.7169819376380184    2.3010844175908676    2.9406901649581085    2.542293908438024    2.684612109717226    2.5628650891755043    1.8121827514141633    1.1781577448055147    0.8847763459973339    0.7470212055693836    0.7112019825929359    1.2190739192240196    2.1480901681118896    3.270595405655318    4.418220233310119    5.194507040556276    
5.356936207385307    4.324937506504367    2.818600487738406    1.4762657632285139    0.6491072046488544    0.4036470941381435    0.4250806091222843    0.661681503869928    1.3574608322783341    1.7206799392520409    2.305141383466419    2.9724386620668604    2.5862688791631094    2.7278133681003163    2.5932756108762947    1.830157222895252    1.1874143634247385    0.8927737416635173    0.7653288074186796    0.7304889433646705    1.2427084592352822    2.1809591033457507    3.3074423953569174    4.451539033030898    5.224027607550843    
5.378739476420199    4.32993662252324    2.815292792746188    1.4704770668058813    0.6459797097003968    0.406435596915508    0.4273373579192137    0.6616693066869611    1.3599394439806816    1.7232322997189835    2.3085410715491586    2.9988234445255    2.6233346666652695    2.7614007227373136    2.6189088824474944    1.8469258304029617    1.1972576664346373    0.9015630440226702    0.7810400054303243    0.7457349861223016    1.2626025244014993    2.211594617294143    3.344578929514073    4.487482443551409    5.256757868028914    
5.39503505400643    4.334193125608666    2.813822722828825    1.466531078458074    0.6436597214625575    0.40897292797384954    0.42844808465860723    0.6605959825095882    1.3618551065995264    1.728289817149483    2.315004439248978    3.0284209676510145    2.6654662694254396    2.802434804193312    2.647029554059436    1.8638144100006886    1.2071755015132304    0.9104066066247669    0.7969185397376275    0.7611439554538473    1.28247320127773    2.242118463588132    3.381746988131195    4.520842535578815    5.286346115350206    
5.412250181905011    4.33881219599448    2.8127937721839595    1.462927948946947    0.6413001443355684    0.41036880841622414    0.4290296503734936    0.659647543095449    1.365079298053598    1.7366398037664452    2.3235122749311037    3.0562198533930767    2.7053072141416905    2.8413144596466604    2.6740649931079252    1.8798664657058755    1.21516363939575    0.9171342706759376    0.8123063379438829    0.7767821345153418    1.3012618845039274    2.2694920050595693    3.414718437311738    4.553793971325195    5.316901551665358    
5.42452159770313    4.34103908693443    2.810761712466111    1.4584465360150562    0.6379963520992608    0.41098936555955357    0.42982589609744815    0.6594707162654323    1.3674182715137915    1.7422065808595186    2.3301471368318167    3.0797112325056375    2.739913427094846    2.872371527542693    2.6970990670593653    1.8958671527598534    1.2241085479463507    0.9241130476309183    0.8270577159463581    0.7916019935926241    1.3193141318112154    2.296248216643506    3.447041944042449    4.582255959216156    5.33852467333397    
5.433720670447447    4.343325388501663    2.8087727138499154    1.4542780920947438    0.6352718553887844    0.4116361844071955    0.43038305492533113    0.6593000369145872    1.3705375739395609    1.749130730481367    2.3379444005030545    3.102500665505461    2.7731034018276786    2.9034787144315537    2.7191602191906834    1.911206425753432    1.2329997878807069    0.9312122946952397    0.8416721496955077    0.806295130540575    1.336720114287639    2.32115733257853    3.4773021194591    4.609992099993669    5.357076360930348    
5.447110254483161    4.3485209663856645    2.807995227805945    1.4516130601339685    0.6333321845899827    0.41234113645518916    0.4304285616996667    0.6583079110075254    1.3737174252971083    1.7577245302148168    2.3466543563188123    3.1282355103678885    2.8103651366127362    2.9379876279802    2.7422685692291298    1.9261575591473323    1.241268458248657    0.9383724259174677    0.8556614998395325    0.8196341092216547    1.3521829029160406    2.343592550869103    3.50444564345812    4.633180841145284    5.371953943605808    
5.455618328513132    4.3505188177855425    2.8072429793200104    1.448890867838093    0.6313933797145639    0.41314282689185655    0.43053124222015887    0.6574600512399873    1.3767185183922352    1.7667375973381763    2.357353994180312    3.1532503486800523    2.8450515319832745    2.9688444222275407    2.763885612506656    1.9408814053417363    1.2492484671558648    0.9450582235717624    0.8697595675297639    0.8332210258779391    1.3675408316674234    2.3656856957470027    3.5298504106704027    4.655978396442284    5.393392992640086    
5.463845764786151    4.351629118848978    2.80616907131986    1.4460094028305632    0.6294986127358788    0.4140959715083026    0.43091984435678987    0.6570282194351875    1.3812438144890036    1.7788037129374752    2.3703096391066016    3.175386114156078    2.873946890919977    2.9942630512549826    2.782578442080465    1.954286414085256    1.2563580940691896    0.950093205447003    0.881858621711834    0.8452716033814571    1.381230636947286    2.385501899551935    3.554026753401509    4.68025806290035    5.412542483251742    
5.467365869039268    4.352574795945186    2.8045009106437457    1.4430239756388639    0.627380691163556    0.4144757813360366    0.43139790809461315    0.6569264434897502    1.3857301373875162    1.7905782046136445    2.3831618079527117    3.1974339984243416    2.9026466047632993    3.021397758829342    2.8017381711242377    1.967915863693215    1.2635865878796242    0.9549150957318899    0.8937505945086361    0.8569159909351335    1.394030429221045    2.4036667080553116    3.5770723780174167    4.700366370632526    5.426475490064136    
5.474460474960864    4.35293616815756    2.8027098468294063    1.4399946307777722    0.6253684778933908    0.4151679082834213    0.4321733884751985    0.6570442253638424    1.3911388740885238    1.804410915600166    2.3975131548648787    3.2196854685516865    2.9317363700002663    3.048222637408378    2.8204305107976033    1.980968879500825    1.2701921363304578    0.9590815817051821    0.9047036077079289    0.8677972834244083    1.4058278505983275    2.4203136459792605    3.5973513825684    4.719170522009404    5.438807741799243    
5.480584384949272    4.354270227530896    2.8006175491938627    1.4368935387119448    0.6234406974407538    0.4159933441736799    0.4329644952336975    0.6572620686962205    1.3964657452733258    1.8198300486106127    2.4149831716366448    3.241924788533372    2.958340368711894    3.0732615095713594    2.8370776279936187    1.9925472114099394    1.2762026807120335    0.9630395793975919    0.9149115429956645    0.8777713380348215    1.416716800797626    2.4363342937305053    3.618275261065814    4.738816001694585    5.45069262346757    
