1.9970760732860704    1.7231222461590672    1.5595143824214184    1.2645967885413205    0.5541519290028012    0.08410538963571507    0.18205626210716863    0.6497417484980155    0.9807756656817082    1.3098964814811531    1.7553548677187327    2.652019670173369    3.4784503027052316    2.652019670173369    2.238796862658916    1.4919524932440191    1.1583324602095013    0.6708469483684565    0.28509819354264637    0.19642225312609157    0.38596870191909854    0.9456973450665984    1.3257949996591936    1.6634566518051048    1.9970760732860704    
3.02541053200478    2.9617403007085947    2.727436781045977    1.7676653725786267    0.6090225006926807    0.0    0.2082998836178522    1.1072003694576535    1.934691726484231    2.2274733851860415    2.928615681743671    4.070918148198241    4.800517767566262    4.217772988324639    3.2288191282452066    2.489910373183984    2.1073674582706086    1.346257165027315    0.544419094694264    0.37776962078212334    0.6946561537246602    1.4026492374618649    2.154643240782304    2.5124768057188565    2.820765581825762    
3.1987110526832785    3.1404454698462962    2.8089860501030333    1.7598743694977725    0.6062739009639899    0.0    0.21668762786217216    1.1638750202983232    2.08369713724968    2.465492690960829    3.1922833537754416    4.348662039413331    5.0672840324847295    4.433821933784775    3.4419799350291633    2.69588993799539    2.293378563077497    1.4761197090778246    0.6427831320470624    0.46859314532897695    0.7631809985244602    1.4826574687860994    2.2997820891076826    2.6701644254152823    2.982215452132414    
3.286766444136609    3.2115354798559586    2.827837073849706    1.7551405144785706    0.6073483026695397    0.0    0.2202131576780054    1.194950639831846    2.1598163242606265    2.599704408866246    3.3484216087007646    4.505339950238036    5.187507309932302    4.53476813295911    3.5404183173830144    2.8131274980913674    2.4093789880886547    1.559446615627143    0.7083162724272567    0.5314579070426323    0.8169377009201053    1.5439025766862182    2.392195057943056    2.7556051015733556    3.0707603115965085    
3.303776233474953    3.225015338259172    2.8228043908461546    1.752135161643049    0.6090556302523317    0.0    0.2231196146525597    1.2221077906223736    2.2185231006294464    2.695527298541571    3.4659842885382166    4.626032076759193    5.267983947056307    4.597276244020315    3.604577182763431    2.9045984795473823    2.5042646477718065    1.6247880718027157    0.7578999651949097    0.5776245444488286    0.8551588091634023    1.586510949800214    2.4497695315678087    2.7905633321294427    3.094978955898923    
3.315490815970218    3.2389870371109493    2.8252222259157627    1.7504447235143725    0.6105922302929604    0.0    0.2233638959906819    1.2347161649428116    2.250724761606882    2.747629716562696    3.5317947112038985    4.69149945214509    5.345365278269403    4.682080241201962    3.697122069112426    3.0015848222323216    2.5858343375950197    1.675882247064718    0.7970528342050772    0.6144405540743819    0.8834486942097622    1.6143510963707925    2.4789609862240582    2.79717968510216    3.0984553260407446    
3.3291185369973726    3.2533974566715167    2.8241495149031457    1.7467442035506426    0.6112432754474468    0.0    0.22457028158001396    1.246622009125148    2.279154756635368    2.7897796707391183    3.586145555472022    4.747291327682489    5.393333809796149    4.712750018643176    3.72791033471496    3.04762347081673    2.6365395229007897    1.7173873986471757    0.8304002054333005    0.6456144385234759    0.9092532337441896    1.6409175015265949    2.503780974327777    2.8096835465643406    3.111470115686126    
3.331249893376623    3.2668615771750824    2.825157596566154    1.7442194860008433    0.6118481195281311    0.0    0.2253351345224503    1.2562339119956962    2.2997238507847433    2.825679260745265    3.6349455737276806    4.805568370054525    5.439306622583566    4.746253450517049    3.7622826255924977    3.098893092841513    2.69031751039505    1.7571638604284368    0.8623213196401226    0.6752531405619205    0.9333363108546884    1.6645061546520767    2.524791584415788    2.813516660539163    3.1096686091117145    
3.337461816473043    3.276884397899272    2.8239877051641993    1.7421011888278841    0.612760973009921    0.0    0.2258429098819796    1.2669156483684585    2.3241006069248558    2.861036424828973    3.6785906566576245    4.858220399414888    5.4911702268675935    4.791748472198752    3.811219571449147    3.1567544023459018    2.7459468580832618    1.7935853818430973    0.8915631121672156    0.7025129130138225    0.955483444102493    1.6842778472424804    2.5391720628867227    2.81629472193924    3.1120246402582894    
3.341160322605707    3.2850070828066085    2.8222428992127604    1.7394651549245599    0.6136031871430231    0.0    0.2258286819345262    1.2731778821840107    2.3393876390071773    2.879730636544425    3.7029894740172846    4.896595190696398    5.543222512139779    4.843053726531919    3.864025085603191    3.21089412862218    2.7949381205729424    1.8259214422821983    0.9178233042839017    0.7275235181745369    0.9768079646923462    1.7033545019262875    2.5525869260132943    2.8168022347319472    3.1116123326540017    
3.3403457922044435    3.287097418188759    2.81879271629394    1.7362688287914354    0.6139837375233141    0.0    0.22561845968724586    1.278039316249507    2.3524613888609682    2.898333431651976    3.7279591380165216    4.932751251078265    5.584766498352687    4.887234477982763    3.909235796329228    3.2573403311909446    2.8369586704392455    1.855442453234877    0.9414527279949857    0.749430285913389    0.9957122471287583    1.7209542262189492    2.5634111628278577    2.8137457418821428    3.106288179531075    
3.33825449505874    3.288433925743699    2.8148556854649223    1.734149951532559    0.6149870116453298    0.0    0.22535177543305335    1.2828803037833452    2.3683679833833486    2.9241860579858105    3.75672799913718    4.961925167179991    5.62055953987812    4.9222939001227    3.94489581099414    3.2919965837697567    2.8708080905217193    1.8833223115900197    0.9645226722001433    0.7711261745486562    1.014553105132074    1.7386582238432053    2.5745722232207693    2.8143725721309134    3.104417669389187    
3.337933439287485    3.2888753029710083    2.8101903146317477    1.73110655778035    0.615289765407628    0.0    0.22541992157249413    1.2878816068273802    2.382116885486222    2.946203271047112    3.786525452734523    5.003875876560202    5.667377790291389    4.966820432634134    3.9876104897151494    3.3288659130077236    2.9040979263090017    1.909107114352028    0.986410258196051    0.7914009868948244    1.0311672676581272    1.7536122520499102    2.583526136950102    2.814160538117279    3.102253217568445    
3.334846625187866    3.288978700036149    2.8067193778106634    1.728795067505153    0.6156866107386113    0.0    0.22549353349919513    1.2923292155058763    2.393091074902321    2.958404489355099    3.802187226398498    5.023814687885392    5.696268915808914    4.992626434331672    4.0139343227786135    3.3582872666821597    2.9348261191061735    1.9332510475411315    1.0071828911128324    0.8102877307935266    1.0469494997797089    1.7674026664143618    2.5888748133320005    2.8110324753281266    3.097660999768583    
3.3376746432843274    3.290738569447693    2.8040183718935263    1.7269854053021556    0.6160242453847508    0.0    0.22550169237327103    1.2964237577369875    2.4044670760713323    2.9757108588372803    3.826358563244496    5.0577958416206785    5.721413876369247    5.0185930675117065    4.039072795241814    3.388771854743635    2.9665105407262913    1.957113658081377    1.0275923208249003    0.8290725880934628    1.0627764392300918    1.7816943291110858    2.600013310730618    2.815183787589528    3.0997595434963348    
3.335837392659078    3.2905781822560116    2.801701024096971    1.725516487571508    0.6165543105729888    0.0    0.22556417587570804    1.3009055907175027    2.4147865349747324    2.9887000516213584    3.844268627920923    5.083143019009347    5.753813309215657    5.05279674860837    4.072622170556081    3.4237601982282677    2.9978352173719625    1.9792960988233919    1.047167811725791    0.8471247330349403    1.0774545060499123    1.7946322747037327    2.6061022014146378    2.8149144464799116    3.0981811969934974    
3.3333354161904443    3.2878055895580482    2.7979338407600167    1.7236502625835466    0.6169604898868908    0.0    0.2257465895262026    1.305373333212335    2.4246382233118706    3.0014617251449156    3.8597943041287675    5.106952856658262    5.786291950396383    5.091358643877125    4.110443371690578    3.459805796249005    3.0287727564870015    2.001137333693932    1.066646450562165    0.8653684275552764    1.0922805225164063    1.8076191188653836    2.6139971781703535    2.816597868965988    3.0973301817970302    
3.329775222417223    3.2850457305361163    2.7946631817424845    1.722038325458054    0.6171711958188744    0.0    0.22608356606322158    1.3094222836700558    2.4332573295934603    3.011783824044188    3.872437704712078    5.123525760316509    5.812977690754708    5.124552454484874    4.143614232265165    3.492092793841683    3.0568740234653067    2.0215136846330357    1.084766990893948    0.8823964910574786    1.106495620344937    1.8192199580177442    2.6171893519665934    2.813512841119154    3.0933656362448048    
3.32463590888787    3.282719197367223    2.791603645202784    1.7197856834833727    0.6169527513951986    0.0    0.2266288998246501    1.3140920753047232    2.4420560901134554    3.0231598280537226    3.8852861550956073    5.141141779620608    5.840595503878197    5.158868928138839    4.1767712534658905    3.5230858895218202    3.0836098131207175    2.0408768298153324    1.1020081655708132    0.8985322366758104    1.1204811745690773    1.8309942277711886    2.6183386647421973    2.807288528597191    3.0856998375843965    
3.3216970103476244    3.2811532851017824    2.78890527426742    1.7181585373486103    0.6169425832597748    0.0    0.22701921370611858    1.318126979337735    2.4481939177106935    3.028111049041304    3.893470030606823    5.157865695512422    5.868226354533602    5.18981485525422    4.208601622182344    3.5534109442912007    3.109730678256888    2.0594604078120566    1.1188060589991948    0.9146896825894937    1.1346053039720065    1.8434129406355833    2.6237492678910743    2.8056489365265924    3.0826582499997452    
3.319385517070343    3.2809498050755064    2.7872347137395588    1.7167397862084997    0.616924177234689    0.0    0.2274680818271715    1.321228443333513    2.453442688445895    3.0330548866340012    3.9022645607165267    5.173609583106824    5.8921100130023305    5.219096509367631    4.23858992720083    3.580404202943017    3.132160954707244    2.0773805927777396    1.1351896609164431    0.930409599295946    1.1482729702111636    1.8552479495264722    2.627998066007242    2.8037454077480395    3.079738188057981    
