1.7553548677187327    1.6357233488374063    1.6357233488374063    1.2793175157009826    1.0578064558651141    0.8513706007209709    0.8586855333715009    0.9289030097863882    0.8441443360513015    0.5324710058489639    0.48737902821644624    0.29645396081718806    0.29645396081718806    0.4132264656416306    0.5198311043645623    0.8441443360513015    1.1706248396481886    1.1583324602095013    0.8735902978071135    0.8811847892668492    1.0375957274589147    1.342129146850969    1.6925433198080402    1.6092230497676463    1.5595143824214184    
1.7787873802570509    1.8030411725744329    1.7108759613773044    1.6329691702969895    1.5967461379470929    1.6962699474331826    1.806699516391846    1.835149680544996    1.575529629399852    1.092824088179856    0.6096025982158317    0.3737339962878983    0.3245164138263808    0.3028332515426776    0.5383996704900121    1.0499596887668252    1.4780588181954804    1.4248211879096775    1.30713555941127    1.4268120631389145    1.7379837590364424    2.1082677313029827    2.259729922057844    1.8645553140253546    1.699959598474009    
1.7239922613981575    1.7390976275403005    1.659972252663354    1.6171989774398057    1.6181899675371116    1.7671932896073381    1.9037798342426633    1.8984702136397071    1.6224452508045657    1.1327210201603035    0.644828589056524    0.4270477231999441    0.37877027135337743    0.32940121799502897    0.5758294886585752    1.1111051147121316    1.5382014384155986    1.4801987954596663    1.3910541961576777    1.5807204573423048    1.9419556782418943    2.29980930645944    2.285377069026676    1.8338139384521714    1.6569882550814086    
1.6886823670601876    1.7010604891209213    1.6316021744111175    1.6104779821396014    1.6293325199600206    1.7956138199532896    1.9415287064193314    1.9240510734547636    1.6472530461847077    1.1582831387918322    0.6685498664924812    0.45798610509611715    0.4110567526110646    0.34605138536818886    0.6011540091854224    1.1568932144060582    1.5888186259495733    1.5275823160339386    1.4571601377857093    1.6966089192898959    2.0817117799257856    2.4153538796306053    2.2901847148976886    1.8086292521561376    1.6265119172013451    
1.6713123352065744    1.682080309471902    1.61689986446066    1.609121177040056    1.637927352618854    1.8140123178752274    1.966155817988691    1.9398269302457465    1.6621115066205356    1.17617829967967    0.6854330850551682    0.47903010316382755    0.4322662307815851    0.35737314863128344    0.6201210085323223    1.1910539866500864    1.6266093041458247    1.5591720551925212    1.5042561018700615    1.7838622998524145    2.1789449255038087    2.4895729878606905    2.2966620903191926    1.7986659308624948    1.61372742992877    
1.6517125396655228    1.6617507478561735    1.6026023015934656    1.606827192719118    1.6435531515115784    1.8240583543642543    1.9761335683300507    1.944123510768402    1.6687712923134963    1.1878641161426182    0.6977341685436901    0.4950077038563814    0.44805591211518075    0.3658461741806282    0.6355951879072413    1.2200794757779136    1.656545744166363    1.5825178637066637    1.5394364862453807    1.8515312456407258    2.2500783147412267    2.542465671730311    2.2947174569025193    1.7851247845750238    1.5973462062365942    
1.639574467828798    1.6478130083476148    1.5924252790724074    1.6054734002628255    1.6482032457506013    1.832629043678216    1.984641159017026    1.9450497774778261    1.6717150790753812    1.1975678917405417    0.70944145540802    0.5097472135358978    0.46167403475991986    0.3727310553206464    0.647905152884719    1.2433903858195534    1.6792159237999749    1.5966189536030395    1.5624940240177758    1.9056768212477135    2.3108410019223653    2.583989069439206    2.2941528455339637    1.7774068324158567    1.5876863719523882    
1.6275266493167928    1.6347575727477621    1.5819009448159163    1.6025707228411306    1.6506937005927904    1.8384046447962659    1.990523895935426    1.9450012930152947    1.675040611569278    1.2078794970354534    0.7218220434677816    0.5235756492636485    0.4739267056720912    0.37888580977731423    0.6591311356756104    1.2666469433754086    1.701209025817438    1.6086569956861143    1.5830704299438354    1.953568438557097    2.3607674063974744    2.6159222038082537    2.292645395935371    1.7697419522115894    1.577312556136949    
1.616562791995002    1.6238777291108    1.5738906663311643    1.6014966554578562    1.65414168572588    1.8432189845070415    1.9938420041296767    1.9451434657087099    1.679175440010484    1.21839725112786    0.7337123616866003    0.5361380943486584    0.4847316552194244    0.3836013565393094    0.6686378975524331    1.28733231042658    1.7226301339968169    1.622478502114493    1.604088860897773    1.998888882861185    2.409167562294924    2.6450574689593584    2.2894570641559313    1.761857730336589    1.567429274500314    
1.6060840422076768    1.612503430687231    1.5654942075936304    1.599129066846492    1.6556475739108725    1.8448247331809409    1.994331072359261    1.9432449530937193    1.681782988164854    1.2275243951922972    0.7438331096887807    0.5474178967496525    0.4951922357872882    0.38836026745962626    0.677183357511255    1.305407963960822    1.7412079393032958    1.635021229527882    1.6222225706206599    2.037094899167559    2.447873431363197    2.663972244639837    2.2859058179168796    1.7541540339885089    1.557883673015168    
1.5965282990488745    1.6024321242757766    1.5573831858970597    1.5956212240472325    1.6551107196510155    1.8448511524701854    1.99346976413737    1.9398823738411206    1.6828515008194873    1.2350737523572433    0.7530308117411872    0.557501074490849    0.5044022136027296    0.3923736600913874    0.6854355859646707    1.3230660722364402    1.756933232320711    1.6426898866963096    1.6349462757844024    2.0694811821093526    2.486171065776882    2.68524098265302    2.282343987937494    1.7465430481468627    1.5493274883529997    
1.588367283929327    1.5935911858761065    1.5498794821985897    1.5926042082039888    1.6548322107484514    1.8455763730583072    1.9935285044078275    1.9380265934014242    1.6854436095580114    1.243484024015598    0.7627897472445708    0.5676988576911636    0.5129518586971389    0.39565954421486516    0.6926256369932114    1.3395459387827762    1.7719789404664699    1.6502802344836067    1.647647747216578    2.103066064967174    2.523596600433237    2.7047194315767618    2.2787014927973623    1.7400280034381304    1.5421115658949134    
1.5818688550260074    1.586402411551291    1.544070846041087    1.5908112010992235    1.65487765134485    1.8451021939187915    1.99188737360639    1.9354310607748655    1.6865261145866433    1.250624475523983    0.7713293117291513    0.5771331744132545    0.5208833339397174    0.3985808935769567    0.6985991657057118    1.3546549012621945    1.786398945214419    1.6575376304489506    1.6589093812167204    2.1314320395551234    2.5552151712868616    2.7211912059229624    2.277599701378013    1.7360591523532805    1.5367722079799395    
1.5746506496436317    1.5789536460756657    1.538370705894967    1.5893775130621728    1.6555928747126467    1.8454785089078685    1.9915390997274356    1.933434796515009    1.687645153736747    1.2569416165559157    0.7794052603430993    0.5857743157839425    0.5280634504087041    0.4014614547970113    0.7042787469310945    1.3685343515592523    1.799927265850142    1.664462471960147    1.6691465892174002    2.1582279919636576    2.5846478362853222    2.736241959339575    2.27539391573832    1.730878377754295    1.5305654917315414    
1.5683011796493356    1.5725154772113312    1.5330297908462278    1.5869879141482524    1.6545076637163347    1.8438554543241088    1.990160576205475    1.93159181345498    1.68866005876299    1.2634546133935556    0.7878590338350538    0.5948081573863919    0.5354136872664947    0.40436426802984426    0.7099235848171349    1.3820707797185907    1.8128474217277712    1.6709136022055924    1.6783144431403432    2.1816203696990524    2.610732288275071    2.7485220318298405    2.2727640079530174    1.7263381133069768    1.5252243521427318    
1.5633511987739317    1.567326518330047    1.5292697299081917    1.5857110403042505    1.654651503505244    1.8439226965153248    1.989571513039069    1.9297623819763112    1.6895702949868752    1.2701286926595823    0.7964117235296612    0.6038321314872708    0.5419982854812359    0.4063081697309062    0.7145239312966477    1.3944553329926581    1.8244822496523587    1.675272328339175    1.6855325256184936    2.2036936779215472    2.6346120547039775    2.7595866884475657    2.271082560263622    1.7228674444795666    1.5210648354221115    
1.5591077495775756    1.562544886965664    1.5256910765584433    1.5850477672925845    1.6557976830528882    1.8442300271008971    1.9885943194950548    1.9276713325669044    1.6903683258849398    1.2762251444262613    0.8045249685410474    0.6127660350970547    0.5488390547659948    0.4081846112076447    0.7185955944279145    1.4058909910010469    1.8358930043677781    1.6810034928215147    1.6937683551869593    2.2262270225750087    2.656064974523401    2.7669865007902708    2.2696099522757986    1.7195154505148267    1.517363988266038    
1.5544432002978499    1.5576459054516865    1.521710063043285    1.5833894430316027    1.6556577827426853    1.8439482013131785    1.9875663129565802    1.9257295245460444    1.6907381039378526    1.2813932268291766    0.8116892688617512    0.6211456924099914    0.5554237313677887    0.41028150792396245    0.7229686895513612    1.4173745557488242    1.8462911173297665    1.685315765410623    1.7004700313582828    2.245566066906635    2.676989670347907    2.77582219226227    2.267903707545136    1.7158186437241703    1.5132033694123221    
1.549968611021542    1.5532247367884735    1.5183798882565982    1.5823988321235647    1.655801400938331    1.8432597190490971    1.9860037734435805    1.923647096701949    1.691311890981359    1.2866084461508778    0.8185414564745555    0.6290156494740312    0.5618728734529651    0.4126332828191799    0.7269922307775876    1.4270932242141603    1.854835388106849    1.6882561010661112    1.7052621150315195    2.262981938747484    2.6972710392318775    2.784043000202606    2.265754782629597    1.7127873252406598    1.509393041988203    
1.5457087907382219    1.548773897284535    1.5146572705384618    1.580552310607075    1.6550163685328019    1.8421338625618962    1.98468933988867    1.921977407330739    1.6923850322624092    1.2919431297203414    0.8252963250941645    0.6369252992012433    0.5682843699085582    0.41500551912109    0.7310225822900616    1.4369821071455764    1.8638365857493904    1.6914543224104321    1.710379329356952    2.2795269063939934    2.7145789456280025    2.789303366902231    2.262842971067798    1.7090882244694399    1.5052263905791046    
1.5413744490221304    1.5443546150581478    1.5109118139772801    1.5787627285102657    1.6542852204190943    1.8411614874991633    1.9834713001912296    1.9204309889166042    1.6932452666139537    1.2966120619986887    0.8313007961147016    0.6447699053503567    0.5749862063174722    0.4174967726035105    0.7348162532645963    1.4459103139551341    1.8717461129988922    1.6939302417906108    1.71457450934548    2.294026627147173    2.730531298944252    2.7937623657829453    2.2599504670985695    1.7053335337576345    1.5010254747614897    
