2.1212539158706996    1.8410577233873704    1.651208889945396    1.466307322392052    1.237983017733436    1.0335333072103179    1.0732919969731038    1.4865180335763044    1.0942120162008933    0.9280543924540281    0.5068257779185156    0.234127500571919    0.09758703037481392    0.28121721350573514    0.4950202495437763    0.7251659111189177    1.1270364171245064    1.0836602474901456    1.023994552998625    0.881576878124662    0.8247568049966134    1.173818001317491    1.5993363097222417    1.9206635173934117    2.1212539158706996    
4.847631686747543    4.644039823073647    4.080157717058429    3.1566689943999164    2.248866156996307    1.907791026246305    2.2400823492202617    2.5131354667468093    1.9728020768961854    1.2830987235109275    0.6557061680286524    0.1805966281227577    0.0    0.1707285169320921    0.6335549224271425    1.2202089596265666    1.64634557291845    1.8943675608346557    2.0618212632951516    2.1193734111946436    2.389709283714287    2.992630477849997    3.7493451833961995    4.323281880653685    4.735042803373761    
5.008968607642648    4.821550735611899    4.223469429048231    3.2287797706220105    2.302483344441712    1.9682067346668841    2.305986116105724    2.552210355606926    1.974439772796963    1.280627107969066    0.6538995203078334    0.17850840333097998    0.0    0.17843502348876225    0.6553960099187812    1.25685551212709    1.697769552371271    1.9558025252984947    2.142194586658797    2.2184314588104    2.4953806241687517    3.078511389676297    3.8137675340966166    4.407930716888664    4.8749984517575955    
5.111867121282778    4.92024714641104    4.296647880730579    3.253331700672177    2.3156383909511873    1.9904860904163306    2.3456318756659855    2.5759787832832575    1.974607916307067    1.276272502154433    0.6515978924003709    0.17706064381501455    0.0    0.18441279928413673    0.6708813114410106    1.2817201585286724    1.7326876426792561    1.9962794236350603    2.1919670715023303    2.2684233444810786    2.5489637905857263    3.1320566573692727    3.8650310553858582    4.482525546939678    4.9750023849662846    
5.155096583089299    4.941559611225135    4.306482801474568    3.2621483647069787    2.3248926780212114    2.006888014633374    2.371024866651621    2.5874886211285877    1.9708449583027514    1.2717566420621889    0.6491108966970897    0.17568618810496078    0.0    0.18767722136161658    0.6799741026476696    1.297352423120531    1.7581460428029212    2.0286497180969567    2.226807726774504    2.2891104499640007    2.56203025604058    3.144881509782484    3.86427789654298    4.4974446194050275    4.99371910532351    
5.131366966104805    4.936408551317796    4.30020616071371    3.2610498703438213    2.3275214499870955    2.015380454791413    2.3877241896072308    2.5955480953660652    1.9670640740278165    1.266559714603421    0.6462620991204369    0.17447475282428337    0.0    0.19053643666058145    0.6870371609334909    1.3104417858767938    1.7795344577695602    2.0574053986221084    2.263342534362921    2.32266626214363    2.5949516104511967    3.1723496829835534    3.873403785441108    4.487502371302403    4.977293527744685    
5.140966955289652    4.938537499790113    4.299843054050776    3.2609385357278367    2.3295394156672784    2.027623125309949    2.4094303335549894    2.6065597384198127    1.964971894436735    1.2627059051456853    0.6443045688216829    0.17344288723038154    0.0    0.19297885062368222    0.6935679749320642    1.3224664147177743    1.7989782193541972    2.0829669712825822    2.29353226255796    2.350225798311035    2.6214280606595453    3.1926898433656374    3.8817834300090452    4.498813036216388    4.976039135820039    
5.1355452271080155    4.94043115992923    4.294790630018957    3.254811177427862    2.3292572082253917    2.0382096647078938    2.428754587223723    2.615356730372955    1.9639224521610752    1.2592511447425123    0.6426525339354299    0.17261661102398554    0.0    0.19487697816462363    0.6995524307004958    1.3339004739562503    1.8165390100018202    2.1059235593313463    2.3191176267409004    2.3738367560364546    2.6498490483350343    3.2211600300312875    3.8986073767967    4.512001864402775    4.9753227777739095    
5.14329766397258    4.951083495734968    4.297719616520029    3.259155010701853    2.339336199115657    2.055866626941244    2.452444520522534    2.6254420804150005    1.9624807652549616    1.2564400875823318    0.6414288599910358    0.17200304828527507    0.0    0.19646340296401046    0.7049356991174508    1.3443331280562671    1.8327888720775556    2.126193153706488    2.342918179823803    2.395098967454026    2.6674073118488613    3.234445550221609    3.903157784785917    4.508045849255309    4.98444942489993    
5.148361871815063    4.94625248633085    4.294306772154531    3.2564857012723993    2.341766690522351    2.0662367408936086    2.468648372517222    2.633998536782952    1.9624266262746115    1.2543341897100997    0.6401528424674737    0.17125370174703453    0.0    0.19828498932535865    0.7101637502465966    1.3542645918584078    1.8496978949443383    2.1490570880597195    2.368364957806839    2.414427617195062    2.6823345419384097    3.2465604187700388    3.913322284157794    4.51908410185954    4.996135150576226    
5.137559119913909    4.934990962312906    4.292724859620006    3.2566232197994585    2.3475840079661467    2.078122102899577    2.4846772975037106    2.641312328222481    1.9619349693093462    1.2524717952624256    0.6394812045998716    0.17082008719300748    0.0    0.19969285521377111    0.7142295533732889    1.362760669485678    1.8647702605672014    2.1697552565191165    2.3913253631845253    2.430483768135213    2.6914154527267113    3.2536779939455296    3.9212471944983904    4.527241415244843    4.9970858338913065    
5.132057410438107    4.9355987333511155    4.291342442093311    3.253064744069598    2.3474211479172977    2.0824616883386025    2.4926874863116857    2.6452256059945074    1.9599710561410533    1.2501838854155813    0.6382980338622737    0.17016500563508571    0.0    0.20102305023863606    0.7182726879412271    1.3705007507766613    1.8770007238540143    2.1864935404729122    2.409484284571746    2.443710019543679    2.701127603187399    3.2598658223773764    3.9175007411468235    4.515200862856165    4.983579696610331    
5.122854557666491    4.9322990416808254    4.286473003532519    3.2479879869905295    2.3461068984561053    2.088967005919231    2.5042648453123713    2.6496922908592326    1.9590304470909623    1.2484004250574485    0.6373229214383199    0.16957020049332228    0.0    0.20222181095377434    0.7214342239471715    1.3771653916522082    1.888512134516174    2.2019920696818516    2.4251336884097663    2.4564434317086405    2.712581188965302    3.267995736522668    3.915080197282213    4.507931157990555    4.973544270774287    
5.110139485023863    4.924029338312109    4.279759502484863    3.241290326741907    2.34506433215339    2.0957630262934743    2.5163705555248117    2.654186685760545    1.957869705166754    1.2462681717259985    0.6363390317129107    0.16907421668319922    0.0    0.20332268216830351    0.7246204412104125    1.3837302875753126    1.8988888026422681    2.2149052880788296    2.437132342448761    2.466445274839783    2.720280467298412    3.2717962794167845    3.909975577219516    4.498388829091167    4.959052175266494    
5.097849423751484    4.912824139794518    4.274585939674814    3.2365463213875008    2.344907388896623    2.1029775194971183    2.5279071527925736    2.6591735405657273    1.9560740689198408    1.2436608794366444    0.6348646334491871    0.16842405454835496    0.0    0.2045290794549085    0.7279211270751873    1.390099513288812    1.908572329109802    2.226972506719653    2.4479343882165305    2.4738167860664975    2.728492680481603    3.278790283893907    3.910364224210939    4.493428062541765    4.952272567430974    
5.0914866172340805    4.901872537991469    4.266708722706903    3.2304127966636362    2.343355520060523    2.1081187615165233    2.5379851335334056    2.6633624410509746    1.9539035236201108    1.2410179806672474    0.6335985658504666    0.1678309190262644    0.0    0.20558612450907546    0.7308553263979591    1.3959782730594803    1.9177933918764551    2.238811766958049    2.457380678555202    2.4794830498766705    2.7355081935014662    3.2855803322600363    3.9108283049074846    4.491527685013918    4.946362290967999    
5.084837659577299    4.898106312397129    4.265220009586798    3.23095339278801    2.347681028302388    2.117291932035538    2.5496056459190166    2.6674141800325337    1.9530556410115005    1.2392015159529026    0.632802678987911    0.1673390061309393    0.0    0.2067090649086477    0.734248666193866    1.4025300989785279    1.9281516368062546    2.25309109821946    2.4700529598562495    2.4880312159836278    2.745318470521397    3.2939152438371977    3.912489466049043    4.48878528798974    4.939719206475227    
5.084310487577625    4.8992485897364135    4.26424624335452    3.2293750035730118    2.349802002972322    2.123942584220993    2.558480806786226    2.6715265110131146    1.952531377065979    1.2376891626639088    0.6319561200940391    0.16681359863080747    0.0    0.20795843243193388    0.7378062264987211    1.408895182349632    1.9372595727835125    2.265610801087993    2.4795703480000464    2.4933809722563636    2.7493462016265258    3.295224758033412    3.9071628555674156    4.478212738392503    4.936433914141385    
5.081942731858664    4.898172688812178    4.2646286593025575    3.229597589885767    2.353656320289597    2.1319166374089846    2.568925301620834    2.6751295563899498    1.951244525326937    1.2357119623733634    0.6311009410740622    0.16632963511320814    0.0    0.2091968506737563    0.7414613353449626    1.4151325036214286    1.9460149155121638    2.2776944001973676    2.4898516399059867    2.499398767926208    2.755113930641876    3.2974162523241133    3.9031753001369744    4.473666308722623    4.9301573405216885    
5.077849333329374    4.895686772632114    4.262126933111519    3.227122386086142    2.354359885526726    2.1364032670125694    2.576305732498663    2.6783430596359064    1.9502784441698657    1.234319250205951    0.6305594998716915    0.1660423183861146    0.0    0.21029632630383596    0.7448450845025194    1.4212917551379538    1.9547007731783508    2.2891057769752643    2.4994153727970283    2.50509388175449    2.7608610667117977    3.300683546136473    3.899554698861631    4.467337548440442    4.922428562588255    
5.073878981381433    4.892678198954923    4.260002233958354    3.224854026093316    2.3545416890626565    2.1399472197236937    2.5822748422653414    2.6813285460537877    1.9497995108874613    1.2332593039917998    0.6302098663229416    0.16577814323715542    0.0    0.21128388711143822    0.7478014648282851    1.4263330223146473    1.9621554190040884    2.299110716354917    2.5071539152179376    2.5085216788464257    2.7633301855000103    3.3016789092251657    3.8964613228183858    4.459083803114931    4.914836714884308    
