9.39487092398057    2.667505211281359    2.3338879302197117    1.3098964994545954    0.6013797023777816    0.08570305281450202    0.20229210547835258    0.8047719315175645    1.0942120162008933    1.3098964994545954    1.4278321065686745    2.254282403766906    3.0807242731185998    2.667505211281359    2.254282403766906    1.5291189257955824    1.1986615657775246    0.6549484204750504    0.15201130462842732    0.03317704141415306    0.4428229547995052    1.251688430761509    1.9206635173934117    2.534477472529068    2.667505211281359    
5.818934416022806    5.175341277668773    4.044010210768089    2.2516231385009315    0.8099659126353542    0.1334216422486923    0.3436111363342205    1.2451399479312713    2.064854801746019    2.772320676485123    3.685466481301288    4.562932984416536    4.860387522132174    4.446055708855711    3.6668840936092284    2.777256382443928    2.0821387703436716    1.1804561798233775    0.28292803588663634    0.1116987560940172    0.7669203570507248    2.1002062487559257    3.5051486843839768    4.649140565295263    5.656958165713007    
5.886398719658101    5.25462764245382    4.070303971901471    2.2485294277489367    0.8045729843964944    0.1311866687903345    0.3484582316803963    1.2541756946318057    2.0829105352017416    2.8169418085667277    3.772919182706545    4.692410580197149    5.002479277783705    4.56006268303268    3.72941981881109    2.8106228057108007    2.109970135435667    1.2096576222024749    0.2979212704170232    0.1262533961697881    0.7872036329124619    2.1226472550645283    3.5430365408267845    4.688356918208437    5.732741218089579    
5.945855223373213    5.289248652983241    4.077297674731899    2.2406488245035976    0.7967226084517424    0.12731396330291983    0.35054939178464745    1.2621266937281614    2.0912149599981453    2.8370390622635817    3.826238454062652    4.77214564162408    5.067633379009088    4.605561041247332    3.7494774514650033    2.823840399158084    2.128459085738343    1.2299015710315846    0.3083447499791229    0.13660217663036878    0.8013233826047721    2.14323647474217    3.5805244901150926    4.7390907825130455    5.782423266035492    
6.016335135217136    5.316453070530894    4.073844069528962    2.2329218537426545    0.7876493113187556    0.12144616912010373    0.3492944166868187    1.2635419028622905    2.0979392843586204    2.847037937075339    3.8424792921700917    4.79990570401003    5.107542590607742    4.642571459806722    3.771889141780786    2.841642422876022    2.1483030955499443    1.2438036965846313    0.3157176392511207    0.14569237947845637    0.8135763191890376    2.1572872430314565    3.5918583389435508    4.745903999635945    5.809856400857956    
6.013359748995197    5.333636636228914    4.067675981319873    2.2226145320414017    0.7789830492488591    0.11521257974042978    0.3463739106950631    1.2619505185445572    2.1007703616785514    2.85583666289995    3.8602156950541393    4.813323574898541    5.130231313425692    4.672076663708226    3.7982955123768614    2.8647371567701883    2.1697954829288557    1.256376740351407    0.32327804827834705    0.1550360934059615    0.8252001398201694    2.1709500240637705    3.605141039071436    4.7546847379208605    5.834661133324615    
6.056720270696832    5.354544474592258    4.067896930863094    2.2150049105580187    0.7722587630320007    0.10968223054593396    0.34285091477334545    1.2582337279478357    2.0970966622551757    2.852141159805486    3.8569807530504825    4.824546040091391    5.160261787642409    4.71736967910483    3.8407556642794356    2.9000528431327344    2.1995070156483623    1.2702996531743926    0.3314178141545556    0.16337100686111303    0.8351772131558366    2.1826780271702924    3.6238536141674875    4.78491706897386    5.860859105630335    
6.0566813606740055    5.338271982608381    4.0586509697126605    2.208502499541079    0.7662582420552428    0.10489484367792809    0.3395242342693941    1.2556605254416158    2.098747869214468    2.8541433877220768    3.8575434105811004    4.829815150114843    5.177192880825104    4.735620231097219    3.860394822570932    2.9204904556526174    2.216910875040774    1.2805544784403788    0.3383410546518101    0.17130091851899934    0.8450299508401687    2.195159497985479    3.644278382589195    4.810286980039008    5.879699426832187    
6.046088890547829    5.321625900789048    4.050399268251962    2.2012146919813564    0.7609375775847581    0.1009478914776406    0.3364276366518544    1.2522290419206015    2.0958673288189695    2.8495209206196703    3.852941334786674    4.834692317842313    5.192328430135255    4.757198017703956    3.883554314398688    2.940390757020179    2.2329211741338084    1.2901997260537734    0.34498702128685277    0.17914136281939788    0.8542228132376518    2.2045094282348336    3.644191244216153    4.80420962737187    5.884113888252793    
6.031414412823546    5.310102649136324    4.04566480597089    2.194873743094881    0.7560184282844286    0.09728816851507743    0.33347247765203847    1.2492813159129312    2.0926192704371296    2.8469185085697375    3.8542891388058185    4.843043036083216    5.211910034559255    4.781142711269955    3.9040558731346127    2.9587207860807165    2.2483907300203434    1.2987986333760317    0.35118244425957523    0.18650771578363323    0.862918173137466    2.213823612154897    3.6495919041733167    4.807243158660158    5.890911505954889    
6.0555081634828065    5.3257405282571195    4.04442622241629    2.1892767237901976    0.7511311310463286    0.09345977107577326    0.3302873046750101    1.246010284163761    2.0888664144259126    2.841574648994615    3.846116232776889    4.835658495061458    5.214853655389221    4.787496144993209    3.914870572447685    2.9697404183960154    2.2593061723342656    1.307811004846749    0.35787903998351844    0.1936040236626197    0.8711075428687389    2.223223712505859    3.6600018227616777    4.81787266782397    5.912654316980434    
6.032122025829664    5.300788565121675    4.034394535772571    2.18390332896886    0.7463527126052337    0.08959482136080985    0.3271065687217575    1.242773700029645    2.086911433096535    2.8409853307236084    3.84692221236858    4.841226898824451    5.2328085992929365    4.804709324329288    3.9230092959888303    2.9759899427760463    2.2678521579563125    1.3156626956787105    0.36354136798597547    0.19992632843263747    0.8785819599083582    2.2322192456642154    3.672742223380245    4.834077848517417    5.908041783873115    
6.040131443041642    5.305876738604285    4.03474543309898    2.178841164298605    0.7419220538253499    0.08601198856030673    0.32414205477683367    1.2403967166090266    2.0871736072702136    2.84375368028837    3.849961645412183    4.852445923866223    5.24689186898999    4.811899443076596    3.926509455302965    2.980457440792133    2.274666023063069    1.3228418180264176    0.36884199004510065    0.20572207070218249    0.8854479526060179    2.2411842679206053    3.6851304948483135    4.848983850208931    5.921691615611491    
6.05461582306888    5.322292171380521    4.033997764948872    2.1745102306647826    0.7377528319635382    0.08240669049045923    0.3209704064878034    1.2375964600296587    2.0865478509053426    2.8449039844335036    3.852241847056491    4.862648210063838    5.261496720639693    4.824484183124282    3.9368157412800766    2.988154830921928    2.28255140043453    1.3299433948906358    0.37408258848434245    0.21139257550613016    0.8923020389747713    2.2494314693762387    3.6957942137131146    4.862124767019628    5.931818234543778    
6.060215282000788    5.312760995285162    4.02707813804218    2.169895784558258    0.7332847219643648    0.07880926380374545    0.318094888487504    1.2354814230625566    2.0866345374857818    2.846704072567166    3.854934223438661    4.870971053729115    5.276991909495892    4.838630776273506    3.948910879369193    2.9957576609718046    2.2894185844957544    1.3359121441809074    0.37877646730042636    0.21704310005968813    0.8992192266777378    2.257664482763465    3.711034452051479    4.880843613444546    5.949716219638905    
6.057837870785348    5.320365014906972    4.027164806262722    2.165040545858974    0.728790903032644    0.07500017969728166    0.31494021220828355    1.2330237410488214    2.086314746780162    2.8483658927813567    3.8572042220145812    4.880121524808752    5.29354731083707    4.852276358981313    3.960439387893312    3.0053104869466334    2.2985812316744916    1.3427005870306963    0.38373708913490756    0.22261237737251727    0.9057497676021657    2.2654390539106033    3.7214072719656217    4.893665405805452    5.949191966999213    
6.062713898499794    5.323753156787913    4.026794076571818    2.1609808585406234    0.7249121603422981    0.07171565909750018    0.31227104259690563    1.2305032499974062    2.0837557851613986    2.8460928961906315    3.8547824484958695    4.879183322623628    5.3015162319056675    4.867619538130882    3.9761734252672243    3.0196519585733457    2.310802966447841    1.3500836886543564    0.3887618879165073    0.2283295621353783    0.9127200039543709    2.2742834523681545    3.7334957567051013    4.906541861956025    5.9662762630999175    
6.072096042212039    5.335989292718056    4.027176457022236    2.1572285582183994    0.7209140570187449    0.0685438879185157    0.3099042254492057    1.2284074702230552    2.082000163412456    2.8449474761990565    3.8552409538654655    4.886114689422857    5.315370504890667    4.881904595883738    3.989836099627201    3.0317891603360625    2.32090669390198    1.356694786141052    0.39346995554194786    0.233725384674807    0.9194995815543228    2.282394364125584    3.743527283297891    4.9176629627528285    5.98051627697928    
6.085958644495469    5.347495072431541    4.0284714334555565    2.1541600829532985    0.7173275694878847    0.06558064702079038    0.3075260436705781    1.2264346769384364    2.081442276143376    2.8454486947851665    3.8556486100560936    4.888877847531968    5.323209939209911    4.897371274711343    4.004257538196774    3.0453549684016528    2.3316416103699162    1.3626656700475404    0.3977347786364296    0.2391317803525867    0.9264014770111422    2.2906049879193096    3.751778703982208    4.924485447405337    5.982262816738865    
6.095537201904416    5.3531063188688615    4.028454265293222    2.1515867379065394    0.7141599793883096    0.06276380243165255    0.3051158477644078    1.2241698031244403    2.0795356548925334    2.843370091815592    3.8536747362132444    4.893574922139119    5.33077250196505    4.908926527644378    4.019287281448502    3.060761026844937    2.344056438596029    1.3688024403890706    0.4019993984927206    0.2442806670417082    0.9330133755129659    2.298757004045022    3.7645941001675323    4.940010642951231    5.999127279545539    
6.094773112955271    5.357571201791542    4.028177322773957    2.149124741569204    0.711313544306029    0.06018596804052782    0.3029626828234563    1.2216668700226636    2.077642497828831    2.842151645680795    3.853272312823713    4.901281041391424    5.34258903116784    4.921634760889491    4.035919309654957    3.076520359577092    2.3560193968239673    1.3739435624087064    0.40572193667136686    0.2490497715441962    0.9390590091816822    2.3061930912958886    3.7733692555026734    4.949175928247252    6.009729676526787    
