2.839007229430811    3.0807242731185998    1.9648435539499707    1.4278321065686745    1.1617739695915341    0.9280543924540281    0.9697608682388101    1.2245856173894056    1.063100990062447    0.9121558636194425    0.5068257779185156    0.2167744316830194    0.08179379421045357    0.12000935789557948    0.43572573144542126    0.8454349317302643    1.104953916894998    1.2114826890528414    1.0836602474901456    0.9443885508943779    1.2114826890528414    1.3098964994545954    1.9206635173934117    2.534477472529068    3.0807242731185998    
5.437668422543279    4.82958530816835    3.941097148435981    3.0598810401537486    2.4709198163089576    2.249907419130402    2.268247392928202    2.327991750470255    1.9255026838176543    1.3599433631422175    0.7033752091445203    0.240478219845388    0.041848314315463174    0.09634563051522693    0.4684330318258119    1.1536350544187104    1.7419164588903542    2.0023706914051322    2.0647734021067463    2.1308372382728433    2.7115052234444827    3.540639913301886    4.4135446085314864    5.1047361952469545    5.525912812642486    
5.59409009702033    4.965689754126635    4.076821787223054    3.20033602124311    2.595102846455008    2.320020075085223    2.3084644830532164    2.3617324570725513    1.9440672501291758    1.3700661394229168    0.7083368327728383    0.2449460156677279    0.049257312396984464    0.10613790592367718    0.4782685714436336    1.1670655510118633    1.7487971024850697    1.9998408178957747    2.064131349546287    2.1390877204616885    2.740262293496511    3.599735813548564    4.480742682157637    5.225216564854349    5.679823630080658    
5.646495693780225    5.056437252736005    4.173031914108094    3.294276582352762    2.6711158948486027    2.355591135907148    2.32765395269158    2.381975992335839    1.9598509578101972    1.3787744297462734    0.7111972617349703    0.24602415609980904    0.05261030912540185    0.11152665795076443    0.4840107559675509    1.1787889332988035    1.7668255632430274    2.016140351134973    2.07028043651205    2.1379582093022242    2.753503838045523    3.6402326403482776    4.522577798415108    5.259948398944516    5.72232881283626    
5.710887108028945    5.118927430060387    4.232369636475996    3.3510032263739444    2.720122173139067    2.383581798663006    2.346631752239473    2.4005441765618394    1.9726801894285122    1.385643167816254    0.7117570539414274    0.24591183406747508    0.054162391125519425    0.11402100247843588    0.48626512991194953    1.187083375540538    1.7814631141114903    2.026576255200531    2.074823020096163    2.13491951309171    2.7521373978492756    3.644741204121968    4.530130043911491    5.27112481052853    5.734928899713713    
5.7271581870719395    5.160833251331616    4.27213635626621    3.3935734888160236    2.7602506489033503    2.414385012165095    2.3700351242002005    2.4214755592273574    1.9857665487070033    1.3908568041492342    0.7114402703274114    0.24536572701688228    0.05623640650124249    0.1167056192603001    0.4876503463792453    1.1922385464682428    1.7888001585433604    2.028627701360821    2.0721225014505826    2.126927254809047    2.7514245151870025    3.6616219371405982    4.554169264276854    5.30847430934853    5.7622011841564875    
5.750464796283317    5.1945680011166715    4.325721511588345    3.449867681610988    2.8129584276713637    2.45601503727348    2.40369068917957    2.4455661002734828    1.9987977204458447    1.3938861984267392    0.709264147821319    0.24378741350525068    0.05768539081791787    0.1198230279568902    0.4910454458651038    1.1980360361904931    1.7948820765105062    2.032515194428723    2.068924041238005    2.11478050172172    2.743119395693638    3.6725917940594495    4.570577514951433    5.325005934799007    5.773226769572654    
5.75381912792462    5.221833101918074    4.361302977877732    3.487957368011025    2.8482107958952563    2.481424085100206    2.420821302141918    2.459151677600763    2.0086593504519805    1.395676457982121    0.7069323167902446    0.24262382961021253    0.0593574873648475    0.12288618272164992    0.4942934159871507    1.203003511200017    1.7989472598741079    2.0327781473612823    2.068373946206165    2.110633399007444    2.742440581524011    3.6870770639034136    4.586105510179403    5.33630172165853    5.759816718131728    
5.776234429497077    5.252651598792776    4.392781587698078    3.519515245044447    2.876283545147521    2.502497727237254    2.4396701500317004    2.473419086828474    2.016787488358523    1.3976403214411555    0.7056008293714581    0.24253061040832347    0.06167603554877505    0.12567127104161574    0.4961961037426068    1.2063944726310856    1.8025036392268659    2.0331535662870155    2.0634762047817383    2.0998184747115767    2.731237920828654    3.678009702951583    4.574532612358269    5.337778492286848    5.780313242785889    
5.783929629588029    5.2692158469492005    4.413728963329983    3.5443165836988517    2.8989543991796567    2.5229188528360194    2.455342987709093    2.4847312354069917    2.0224851582361776    1.3986499565801027    0.7045253023470793    0.2425780774044305    0.06377570222939455    0.12802055584322392    0.49792656090577453    1.2099730592620817    1.8070306994222411    2.0348615872476183    2.0596586962668306    2.0919981922425324    2.7262775590894144    3.680970539347285    4.584187229611748    5.348626314043913    5.797399752432455    
5.809060694526187    5.29677629764473    4.439659903685512    3.57037165349218    2.92134097423886    2.5366977002739963    2.4660011555953516    2.4931685803889176    2.0263902509558824    1.3986818627781323    0.70294803131725    0.24266902509741223    0.0655239804089243    0.13010820649379135    0.4999549910006368    1.214266550414816    1.8126492840686532    2.038569698683604    2.0568169714398907    2.0843657865335485    2.7204308622562463    3.688134374271057    4.5979789798260935    5.3641477732923315    5.811137066948571    
5.823201898453695    5.315502400359163    4.455566203801936    3.5904341867118967    2.9384870134898975    2.546788150090968    2.474391852897809    2.4999709931833003    2.028518753783493    1.3980271920539928    0.7011629029370827    0.2422536361731774    0.06667433178299254    0.1317469430249404    0.5015515759772599    1.2182372067797638    1.8190100242589635    2.043116108146294    2.0558585666783133    2.0801823153994414    2.7191344375262827    3.698067021608456    4.610453989959555    5.375979847703648    5.823168104736609    
5.821506847839314    5.32554890557088    4.4662786335246345    3.6002209415142534    2.946656459191611    2.552430162836852    2.4791876912841984    2.506265267099517    2.0322471662828434    1.397805683327518    0.6994190210712105    0.24167342295939173    0.06771193002936061    0.13331953996041623    0.5029154427520304    1.2215772871613348    1.8256600898248565    2.0498419580339444    2.0578517977956348    2.0787691621558837    2.7199534811935124    3.707963174782457    4.628069791486154    5.384668569126488    5.819935951037903    
5.831229059353708    5.334827484005293    4.4797826207379225    3.615692181382059    2.9599005763517203    2.5616940179388816    2.4885410048742886    2.5146514704918883    2.0356387283933364    1.3976446331519718    0.6977162459512722    0.24093085577007808    0.06857411740742078    0.13480591728463256    0.5044142536836079    1.2245087707011624    1.8301259204340186    2.0545554564270136    2.0591558145432107    2.0768973466270944    2.7188680869062702    3.7128887969728757    4.6383703250680846    5.398007018978644    5.827283097268518    
5.843612922955787    5.347387717670349    4.490785392174876    3.6266828284930406    2.969457339689529    2.56963033918695    2.497572309517467    2.5226120116848603    2.03921780358397    1.3974547513822038    0.69607641589358    0.24032670196384873    0.06937307152631318    0.13624349280033476    0.5055292714198805    1.2264295663064366    1.8339982185359376    2.0581684373405675    2.0599632222314455    2.076126527382957    2.7205010097223212    3.7227085335853367    4.650028534136441    5.412437340858634    5.841346016078644    
5.856075162452878    5.36054290412114    4.50564431828962    3.641759817604651    2.9828348429226454    2.580519567646658    2.5068744436459007    2.530011292278488    2.0421295206551076    1.3967952184903238    0.6942485179260005    0.23962192450680017    0.06991218328551113    0.13737346575340686    0.5068088804862818    1.2289801491176584    1.8388720153749183    2.062850287773035    2.060717925910951    2.074718107270822    2.7215608374214635    3.731007997367408    4.660316465231831    5.424817986211738    5.856205441017584    
5.871961101809535    5.376069718879305    4.519961927530402    3.6559128118790203    2.998024899932427    2.5951297898249255    2.518626065204225    2.538469816837506    2.0457811638971437    1.397079035776836    0.6931544215463422    0.23927581259257896    0.07071250406968253    0.13882327662009453    0.5082969780042281    1.2319896827070342    1.8438674953515282    2.0673648467147423    2.0600528068068633    2.0703255220610015    2.718623783804157    3.7368416949698045    4.67050925953795    5.437010308755864    5.868539724705842    
5.889230264394501    5.390764082091648    4.536856515816961    3.672657418012768    3.012472325227559    2.6072286970440253    2.529422596680412    2.5468771345238848    2.0501377463812207    1.3979169495440202    0.6924622168994015    0.23896330497877744    0.07142413014607239    0.13995159785124953    0.5094507321545676    1.2345673291272365    1.84813752636886    2.0715214242883504    2.059541214446378    2.0670088006538374    2.717189922113719    3.7447112326334806    4.682196016313312    5.447540372397996    5.879067475227646    
5.901516664240339    5.403141724167525    4.550439435667466    3.689276366093749    3.029034252111651    2.622020097587934    2.5411326795812696    2.555823230530516    2.054976875818969    1.3989119546190125    0.691587975874449    0.23876100853451926    0.0721430486447774    0.14113319956287212    0.5106772507857054    1.2365732795874815    1.8512925081494966    2.074613379859022    2.0593218135165765    2.0642552570620785    2.715505301333612    3.74922805278152    4.690564759974963    5.457668542393152    5.891683301092352    
5.914307872788134    5.418366865650815    4.566972386483778    3.706678472387874    3.0468672551116915    2.6382511140812075    2.553618004378521    2.5643018708896372    2.0590482279448534    1.399573096939244    0.6908217857930197    0.23850308010881655    0.07282238336182553    0.14230985625515857    0.511921316448619    1.2386011251785964    1.854550029007685    2.0772717819708153    2.058236253520217    2.0607675127988667    2.7144171621266713    3.757242874454229    4.702754171927605    5.47284810670784    5.9033593204542765    
5.928813743728629    5.43076572099959    4.580469338222141    3.720183358934635    3.0615247778472305    2.653909324083484    2.566877962644303    2.573306624104062    2.0637807335832905    1.400748758890926    0.6903308279336258    0.23837846234334945    0.07341030468878919    0.14330998067415496    0.5129431662194973    1.23991876036835    1.8562408725039552    2.078053091658509    2.0556629853754855    2.056367589619215    2.7120437766892143    3.7622112635848053    4.711327430881608    5.4860129866972045    5.918898631482268    
