0.06830979898899009    0.3915455429050346    0.7982564615105765    1.4865180335763044    2.4257856704832736    2.4257856704832736    3.0807242731185998    3.4939358438132215    2.667505211281359    2.4257856704832736    1.0942120162008933    0.34433145507169827    0.1304869526087284    0.2316173504509232    0.9280543924540281    1.5074380343520088    2.4257856704832736    3.0807242731185998    9.39487092398057    2.667505211281359    2.3338879302197117    1.9648435539499707    0.9784640806428428    0.48727780689540323    0.2545985167922029    
0.23773841535338863    0.6973953497455812    1.6593984186308517    3.0311243734900506    4.4055959416766015    5.445699676666111    5.920572396012561    5.632639616880401    4.522549393676877    2.8920348998982495    1.4818873126662324    0.5951311363197648    0.2591079168960581    0.5108298597749897    1.390514977778003    2.74659016230096    4.207410526621824    5.277861167674917    5.8430687217263415    5.689133202086514    4.586598739882108    3.054993404808245    1.6522864632916954    0.689360411355704    0.23261569815583213    
0.2372088364691188    0.6974700601194547    1.6661001554826114    3.0576698140582317    4.48098544276816    5.565589782311245    6.086432206029644    5.753755498178707    4.564887843840878    2.916798318163562    1.5061191414498725    0.6159131614160125    0.2770340339954528    0.5297636712743431    1.4162692122893958    2.779322275554331    4.250765673915005    5.358509802200691    5.968789236974985    5.719024626517041    4.613519014206433    3.0650047381568104    1.6602511248234992    0.6932111887708765    0.2334291615935924    
0.23485563152902303    0.694096510993526    1.6655487220351108    3.0694100501842567    4.53777876826071    5.638242318501724    6.170386841404864    5.793317166849603    4.594768686948001    2.9398847677469364    1.5273254358401571    0.6326686037999308    0.2890526896576024    0.5405874593322524    1.4313879779988483    2.8015060526353572    4.284044457783034    5.418419154375316    6.0015912115153425    5.745065155701099    4.64450272882457    3.0817221297726265    1.6681694965455147    0.6960097059701521    0.23269852178653522    
0.23009477908753928    0.6871760271065552    1.6592103950005925    3.0744085229433886    4.559668331378691    5.70994531363395    6.231012496426    5.812179145794656    4.6095409697195855    2.9597623605637557    1.5455839011658123    0.6469181264420575    0.2993652782459282    0.5494600811369005    1.4420882010634475    2.8180182643946767    4.308489634840061    5.456371008802064    6.01502548412193    5.77684845970932    4.659146327576919    3.0893297909826334    1.6721452883613845    0.6961424874349867    0.22988917324295272    
0.22561717320043806    0.6810877569924377    1.6547438736024638    3.076170296145816    4.582968020854832    5.726450927291628    6.2401131658957745    5.860323082073845    4.631315412992057    2.9782643095169146    1.561555095155128    0.6596810929150236    0.3091792859703827    0.5586902862256504    1.4519437206505728    2.831663228924378    4.318741635207574    5.473600351068462    6.040590443710509    5.7837366615448635    4.665850828665125    3.0931392928249926    1.672562920080509    0.6945277486174268    0.22644673360757034    
0.2211534723658501    0.6758066580706825    1.6511510899119515    3.078229123102369    4.594943994308982    5.7571688921994335    6.2810065116815235    5.896253259251801    4.65613529908373    2.996184423865896    1.5760706475738273    0.6713221142589753    0.3185991550525143    0.56759052863203    1.46261430475996    2.846743385443028    4.340014237714065    5.502462731660496    6.081462793330673    5.815930013767352    4.678711575278248    3.097490626715572    1.6742294968556144    0.6932647337610696    0.22311048133222544    
0.21755058653640855    0.6714300482137472    1.647241140126309    3.0781977605822255    4.6026197087537115    5.77426435196437    6.316463457506421    5.913793735450671    4.673865566951671    3.010919067466892    1.588232660260399    0.6811115951638121    0.32696915872916454    0.5751841401820007    1.4707969676419412    2.8557325268191565    4.3503940668035845    5.517590047930273    6.1118407847313785    5.829946282895832    4.691657365609861    3.1016332793813395    1.6749722189075977    0.6925018981525903    0.22056283009787397    
0.21482314439826597    0.6682199250699843    1.6441567523272416    3.0800107815836584    4.618448705528399    5.796689616424875    6.33686064402434    5.9362311059134125    4.690052995356784    3.025063910116862    1.5997383738641306    0.6901313373578687    0.3344783686972912    0.5822761355238107    1.478590371519284    2.8655835390167232    4.363575153574058    5.538157500495796    6.1255482246222765    5.853017168312397    4.7008491844795515    3.1039884067807186    1.6753250425986452    0.6911645689699595    0.21829531975561026    
0.21246485983003321    0.6654698314681985    1.6413582345420925    3.080163129225325    4.624170741626917    5.803748684853484    6.35419697407758    5.960835103915146    4.707355835950695    3.037295849279615    1.610450366160994    0.6988050935722069    0.34163199344197    0.5886521249934847    1.4851815761999727    2.872967792165848    4.372580403699426    5.552398315608991    6.138455467078419    5.873466529065036    4.70562900084045    3.1057112412089802    1.6752313299052586    0.6896919620453636    0.2161154377197685    
0.21031407779685007    0.6630727253349536    1.6387857151205127    3.079394196033216    4.62944462075017    5.814063525750432    6.366930923700828    5.976480589434047    4.719636107485181    3.0484379020644106    1.620063648850414    0.7066077015228953    0.3481052205505154    0.5948747049517189    1.491718429634806    2.8801243106689207    4.380727380489675    5.562150700077243    6.158476128774772    5.884390461755437    4.707633838682885    3.105148195246891    1.6742141332526264    0.6880273721118058    0.2140901106393006    
0.20788670237271845    0.6601881189616454    1.6355093977730952    3.0775938577722406    4.629566705854851    5.826896945497769    6.378533752620086    5.994473883418064    4.73087089982388    3.059086761774477    1.6292195175461586    0.7139170720927447    0.35402952048195224    0.6006227568778321    1.497393887621898    2.8861094962329568    4.390747506721341    5.58085663029876    6.172626806178491    5.883313735711082    4.703993138579046    3.10414439269003    1.6727707972132058    0.6861040794196938    0.21177910839426448    
0.2055222636299029    0.6575044897127121    1.6328104239369279    3.076073563603904    4.631529478547904    5.831364985265398    6.390353716193942    6.0008643776523    4.742541490961242    3.0697659932486694    1.638162652601694    0.7208230092971002    0.3598228395235197    0.6062754426115053    1.5025175484639406    2.890859095689315    4.397118662995388    5.588245649186603    6.179703628386334    5.890175932445649    4.704453839631261    3.1038954366959843    1.671385087723614    0.6841239538516269    0.20942925556357594    
0.20327248630453154    0.6550946410622838    1.6301771059022219    3.075076190976022    4.6349106044579536    5.840871923132224    6.417461223946351    6.0179762580949525    4.753424073045148    3.079033036305931    1.6463134050995507    0.7270652946039533    0.3651384498205958    0.6114864041714323    1.507706779247883    2.895823922218622    4.402893235632134    5.597065102020824    6.182542207178242    5.891734437877488    4.704442042907182    3.103689717557513    1.6704265501810347    0.6823100474678747    0.20727645108278725    
0.2009835487235171    0.6525025350602257    1.627092066272256    3.0731391255756035    4.63619908309703    5.844626256283592    6.429412793480607    6.028975884726021    4.765707262604778    3.0884146980886342    1.6540306795580155    0.733079700593756    0.3701962065825224    0.6162840307994195    1.5121664728721447    2.9006629736019214    4.408339985455028    5.607317053801226    6.188256001190209    5.893652092732985    4.702674022289264    3.1023843209288464    1.6697677347588826    0.6810131543339228    0.20527973421689313    
0.19884111360495949    0.6498061937532069    1.623852814059187    3.070855980407001    4.638451356165473    5.846512704991637    6.439925463038113    6.045182144922014    4.777481410815624    3.097389209598377    1.6615246860097492    0.7386459179443181    0.37484183194360715    0.6210135013640241    1.516888299959996    2.9054075359101805    4.412930324273618    5.608861361214785    6.193681375238115    5.90985822238988    4.704737873208366    3.101904148238547    1.6687849456047743    0.6795318104171106    0.20335658127669484    
0.1972510257225477    0.6476557807144583    1.6214470079643117    3.069534287722563    4.642367159728137    5.865088352364297    6.460981451894351    6.062196778985948    4.788249430389222    3.1067820969420623    1.669404404560256    0.7443174543157794    0.3794054942126411    0.6254541778358834    1.5212507024643767    2.9099736957459754    4.417459787087295    5.6185760057592224    6.20372713415784    5.905416424972641    4.703722622354043    3.102055917637147    1.668427904416081    0.6786730131326139    0.20203823495396134    
0.1955092397922434    0.645571726724707    1.6190857771803553    3.068430539728203    4.64563219847763    5.874771232233735    6.474691724163602    6.076989747304079    4.7994789594440705    3.1169282745497786    1.6775112010092983    0.7501095771606172    0.3838791584615466    0.6298850786610068    1.5256662393098304    2.9152820339845484    4.4240148225105775    5.625362973982422    6.207032305195615    5.910793885741582    4.704465252426411    3.101360025586145    1.667536926185302    0.6775931838185816    0.20055464371106307    
0.1939395047757887    0.6435518927400354    1.6169434136232381    3.0667360816822984    4.6479747104300175    5.880566250292757    6.481822358790813    6.089113992872428    4.810540270886227    3.1264200535264877    1.6852857296099168    0.755527486280527    0.3882134768794703    0.6343201658567093    1.5300813784146088    2.920848609817182    4.430616858832527    5.636418400410544    6.212512680608159    5.912844960704864    4.7038205758301705    3.1001398186081106    1.6666118474929164    0.6766439463558578    0.19921501048667312    
0.19250693573086877    0.6418410022304355    1.6151281942882851    3.0653590868306044    4.645538699720252    5.882560494560229    6.4780662729419625    6.097435046181348    4.820786705914028    3.136024131517424    1.6926454847140513    0.7604985194050999    0.3922132682701002    0.6384930984958017    1.5342557355537476    2.9253438129223266    4.436455774861747    5.638553313854211    6.217388860553028    5.914804188594412    4.701361051949987    3.0996479082916797    1.665993648242594    0.6758030560392179    0.19800683064260624    
0.19110700707568112    0.6402202682279146    1.6135073985766955    3.0645937420530562    4.647758177727923    5.891854985748854    6.488643531178925    6.1093445236782795    4.830968882870814    3.1442028506880044    1.6992046201129503    0.7650492787011947    0.395898905410672    0.6423135184374362    1.5383067663198686    2.9293241253843543    4.440747402088591    5.646826152036885    6.229555283369119    5.9171330130103    4.701249211675168    3.099347673062758    1.6653596590082373    0.6749763886577158    0.19682137363997745    
