2.839007229430811    2.667505211281359    1.8795328767813333    1.4094873060181683    0.5229391830503056    0.06073941403537664    0.2757975419713954    0.7918114303584796    1.1617739695915341    1.3412805407671833    1.9648435539499707    3.0807242731185998    3.4939358438132215    2.254282403766906    1.8049158651287234    1.2948030568089723    0.9784640806428428    0.6756864988662712    0.12627379165803065    0.12209019698740531    0.46835051215146073    1.063100990062447    1.6789421929130945    2.667505211281359    2.534477472529068    
5.209637616194305    5.123759711877936    4.084643942035604    2.433960009201816    0.8298470275965586    0.09383485923085153    0.3605876079426789    1.3755827234134026    2.2214182923452843    2.5927790684127685    3.2943193019993062    4.36849069505512    5.062611674659736    4.30071544289596    3.092580384138351    2.1628086616286595    1.7347184268365226    1.1023755879693689    0.27711139272264457    0.1456447304330289    0.8185743147682631    2.1673774930777148    3.1846413234118782    3.9386097259672592    4.625055982991877    
5.421115547712234    5.288615939771686    4.1630547671841445    2.4559938712915836    0.8304300305890909    0.08808114163427813    0.3541103166504926    1.3847301514860544    2.2779304958024036    2.6923492984898343    3.4107537849241427    4.5059646377638805    5.215010045178848    4.398870638835996    3.1536678374973284    2.2179645354928295    1.7888377865422893    1.1406600551177826    0.3037728888323266    0.15779266913771095    0.8219469898379003    2.1957522905164564    3.2722282704436223    4.077078644083122    4.811180639460449    
5.535251223474388    5.396164579796809    4.227520121924905    2.4695215410778797    0.8306664315735909    0.08445430438351934    0.34945374176339133    1.3870050499565971    2.3056138534436412    2.7211787597960573    3.4313303827343247    4.514094744449502    5.234571001662157    4.429626729210841    3.1692843530379777    2.2331086031256286    1.8160864267355232    1.1681705786133083    0.3227640623085781    0.16547636168472848    0.8223467761350981    2.2155243170020036    3.3451183220383043    4.160694688043036    4.913304817779556    
5.5999737051018705    5.439494171176986    4.25206100142714    2.4755185767468664    0.8285972635255563    0.08018897641684562    0.3444055080419196    1.3865005357325788    2.3200857651194324    2.71107072663    3.3980013515877605    4.48637504293698    5.238775575682242    4.445848196316424    3.181230653230603    2.2451476708493865    1.8372472406765263    1.1884688836430208    0.3368099032421305    0.1711803154770764    0.8231537750604027    2.220870091317962    3.3689772056652383    4.192685410910071    4.95026726244828    
5.65936575694348    5.476846759133669    4.264762757825083    2.4749378643270505    0.8247031550828489    0.07460244106757007    0.3384302577716356    1.3851486660013503    2.3393336531003834    2.7372726284627587    3.423241599837007    4.5033614477356965    5.253347575032404    4.452876884476144    3.1874614600055438    2.25111530555761    1.8501168068925284    1.2057241474618599    0.3503743966952557    0.17787290686329962    0.8254943987293599    2.231518863642936    3.4019256178127617    4.239141304693419    5.007182238113039    
5.694812880157333    5.481187791510908    4.256637601579367    2.4747216208165574    0.8219591881330145    0.07036283660051423    0.3343124572576116    1.385406603356195    2.355845514735949    2.75722926676398    3.441014641934891    4.507907133914919    5.242634233107349    4.4657047838150525    3.197509996542912    2.2608867165903876    1.8646799267420113    1.2202244394663109    0.36085525339582464    0.1835238448214711    0.8281252504594526    2.2409054609834245    3.42712647143062    4.276234990192655    5.044387777144897    
5.746983877282414    5.491323792940636    4.255251820803886    2.4737327597957197    0.818435009133806    0.0661411493212867    0.3303654120084404    1.3847079281807482    2.3681372242082936    2.770095599131396    3.453863588727324    4.510920643772413    5.24407019834119    4.479189089791217    3.209464862661892    2.2693097743064103    1.8761736436002747    1.2343514232154784    0.371348113979923    0.18901442858478174    0.8302961207966306    2.251256563464556    3.4673024743890886    4.327627937667828    5.104437265505383    
5.77753314898496    5.499117069132749    4.2512679017146215    2.4732170930966313    0.8156215465390801    0.06266248081095568    0.32695493129459197    1.3835035305580328    2.379795757969049    2.7902450713366704    3.4746157672604627    4.528084063267832    5.258864832394695    4.492126169996403    3.2244457906827964    2.2850833581571046    1.8939641196860044    1.2482800980323678    0.38098981313309777    0.19370767486596616    0.8312953855543268    2.255739976169355    3.4856806173337795    4.356208094982177    5.139406695777533    
5.800785422438314    5.5093545947948845    4.254091539188311    2.4724205498339327    0.8131482129847231    0.05978601322460787    0.324355000894518    1.383983442491597    2.39143260241633    2.804555469348229    3.486662502366253    4.533791513580951    5.27499185090063    4.503949997437303    3.233848188297295    2.294598112814537    1.9045003416011252    1.2609371196267438    0.39002294515398245    0.1977096740951202    0.832278117812742    2.2580046925023263    3.4993361903755495    4.375729519616145    5.160655762844742    
5.831515024652412    5.51672575679807    4.253997271942289    2.4722306133634437    0.811102356751669    0.05703735596770906    0.32182505532821615    1.38434486071395    2.401874531952266    2.8184754578128337    3.5004209712007084    4.545846490834186    5.286835139940853    4.511888716386346    3.2453191115186972    2.3059147394590607    1.9159882896064035    1.2721124868008546    0.39786113691314834    0.20157373168644205    0.833620455457627    2.259047247420832    3.5023898426825446    4.390166074862037    5.19211390618989    
5.852535988293047    5.510560706210853    4.251098793894263    2.471031283013645    0.8086498106821397    0.05366312954823725    0.3183330506180826    1.3825255069494864    2.409855068538126    2.8259316563307406    3.500679337557467    4.547176922573294    5.298443584694761    4.522046855916706    3.252346444725377    2.3104988774279187    1.9210999094870125    1.2819415647806363    0.405816060438129    0.20603240642461737    0.8357299549129751    2.2621962063469905    3.5121167585519455    4.405458419801014    5.2143065511767865    
5.876186754974646    5.508613934100496    4.245235762948399    2.469452880268521    0.8065863207101478    0.05096549760074828    0.315130983873738    1.3805920864106487    2.4159092171664422    2.835869033609629    3.511652237251852    4.5551826606180805    5.301412860515428    4.532602717745388    3.2614068838339567    2.316464367809124    1.9273890814108978    1.290807492628117    0.4126945591804644    0.20989889798423478    0.8375504385574347    2.2649015184290184    3.5233263077574524    4.423302717813902    5.241551531480223    
5.886036421497443    5.499697092344921    4.235477402684216    2.4675389392634584    0.804428433271462    0.04817102610982403    0.31198910008353653    1.3785103595451214    2.421128480872329    2.8478720729928813    3.5250699848928093    4.562347688703728    5.310533614276797    4.544511164363876    3.270709644258269    2.3231439327988377    1.9336659864710783    1.2991519016398447    0.41936147877298724    0.21380094660866558    0.8394282990168742    2.2660283606848592    3.5259200813484917    4.433168532641757    5.256428608575384    
5.913686165589861    5.498296609640312    4.227343407497263    2.4665058535836804    0.8027227250524226    0.045793553581597535    0.30924372897074914    1.3765038374347682    2.424334138832753    2.8519001963537622    3.5278240949793416    4.563407922937137    5.318437710442281    4.553296599130176    3.2785013941840435    2.3299192683366723    1.9399628474296031    1.3068361666445418    0.4254637675050459    0.21705637819198223    0.8406229578064099    2.2688733881478536    3.5388358119867713    4.456782173529563    5.285504258288413    
5.930926238948559    5.500359898815325    4.226186494340533    2.465294117580979    0.8008193428188148    0.0434224443308439    0.3065549907015742    1.3747543682917238    2.4270770648311997    2.854154992459023    3.5284561072435934    4.561099223846879    5.318014870611091    4.5594453036315885    3.2834825720113052    2.3345818342380413    1.9447905238362246    1.314160387141142    0.43126505764280554    0.22031788057447585    0.8418015183763481    2.270865471729217    3.550972488817229    4.477231982500428    5.30880988406839    
5.952357644761175    5.50822147108566    4.227547848189737    2.4646833885882558    0.7992187501491032    0.041298391844052706    0.30436128405127705    1.373639166304638    2.4315587913807493    2.8604851114588046    3.533729774117255    4.559854841371658    5.314174646835887    4.566666890028872    3.291743042028604    2.343150298965971    1.953408759128115    1.3222909765868616    0.437377351325838    0.2235322149534144    0.8429509862975315    2.273107103785293    3.562894387738557    4.496119541997992    5.332848987595    
5.966339746915549    5.4997662850909235    4.223627962654534    2.4636094532833215    0.7977836580645883    0.03931530308080983    0.3022637103367045    1.3724064597389705    2.4344090986924805    2.864837427943697    3.5381968822517447    4.560944712494097    5.3175120251442936    4.574342974894727    3.299056185152279    2.349660845301062    1.9595781174830547    1.3297716001738211    0.44334893706923734    0.22667491273956783    0.8438933064513539    2.2731267671219793    3.5654563540636857    4.508459868805901    5.351517258990623    
5.981301924355748    5.499193418766216    4.224021754880636    2.463275318264444    0.7966783345725508    0.03748637016997663    0.30030507043681376    1.3712254095809233    2.4372041957282526    2.868427415108144    3.5416281932670275    4.561290602041542    5.316255660449888    4.583716610494058    3.3072270548073472    2.357006037613941    1.9670301560026866    1.3370938305561155    0.4490492849697381    0.22963012429299798    0.8446384262467144    2.2737780318180434    3.57235597590326    4.522586139605894    5.371410166666233    
5.995343564763963    5.497851306723155    4.220807442984883    2.46243446024098    0.7953678673922546    0.03579952596904142    0.2986689791524235    1.3705181720679573    2.43993082545162    2.8709771315924124    3.5434161890640703    4.559387414368529    5.315563548937344    4.587840595180956    3.31238881727984    2.3614717538904735    1.9716396151401596    1.344004681465399    0.45461898335517187    0.23246980820690785    0.8453391802933972    2.2748124543155614    3.579477705428276    4.536083412894705    5.390797579739974    
6.009604125648858    5.492811656158707    4.214783189002903    2.4612643911777417    0.7941505884723159    0.03417536685747603    0.29705385764812026    1.3696153918002265    2.4417155548911205    2.8715186341953225    3.5408922269797065    4.554677868757965    5.311961338000838    4.592557000701793    3.31710333810239    2.365370986824387    1.9751758366988565    1.3501901482009933    0.4597333550616832    0.23519217883577087    0.8462155752800367    2.275481355759166    3.5832744150740794    4.546887495696829    5.409828392392518    
