0.0    0.4132264686118211    1.1911841119268312    2.6725789424520117    3.085798004289253    9.399944655151222    9.399944655151222    9.399944655151222    3.4990095749838743    2.259356134937559    1.243056748904089    0.3554885017442555    0.0    0.2317022677911348    0.9835378118134956    1.8461314545580232    3.085798004289253    9.399944655151222    9.399944655151222    9.399944655151222    9.399944655151222    2.6725789424520117    1.5566918844036641    0.5881086117151105    0.05095481086332279    
0.15751652995209436    0.7208811862980933    1.9060429612661465    3.6153961371998475    5.6302166009270485    7.381150050093368    8.318769856558992    7.318620417026734    5.462035900791731    3.399559379657879    1.649909610667314    0.5169607086732898    0.13360317925108853    0.5027282377575798    1.5695483932397705    3.193685393089277    5.041984390687842    6.670348804075566    7.873496325144205    7.7915631067910045    6.210250321611209    4.085158950910232    2.2102154333496906    0.8817603135370572    0.20252207164602734    
0.1585236544404633    0.7230938698094391    1.9107397997152396    3.6319415254174796    5.606483261693662    7.325372481022575    8.347641449001284    7.501026147106338    5.477712248535639    3.4027754894897937    1.6571777189083203    0.5199467872651015    0.13501334955378225    0.504138554326088    1.573031874375909    3.198170720732016    5.0378793554777985    6.738193790911014    8.190250432424103    8.032269736404519    6.2089598787266125    4.10696572567991    2.2160452299996094    0.8849576210067526    0.20342512833604376    
0.15814673009539607    0.7231454432579929    1.9118798802959764    3.6333505864587288    5.604869510625066    7.368195147848342    8.215344351370094    7.47348740506758    5.472853646106622    3.414243197200894    1.6611737753069853    0.5209353388620739    0.13409568308638767    0.5027997262359069    1.5741096295022192    3.203705178234432    5.070494221661953    6.768832128767646    8.215344351370097    7.815365048611789    6.242881310935069    4.112340245326131    2.215780824728713    0.8843374183374686    0.20320919858881742    
0.15902785087238136    0.7244666588682588    1.9134814650086105    3.6323913202427747    5.61432659784393    7.412828997576403    8.195925196151254    7.476755798416878    5.494226719186559    3.418567852005814    1.6632873344449326    0.522413440239018    0.13448283480983694    0.5026625226456412    1.5757552131682195    3.2103211008960924    5.093995503705752    6.7931104119707895    8.129929585691867    7.818806591296908    6.238558531878732    4.1159433175683295    2.2156265505324106    0.8839360062620291    0.20334891599853006    
0.1598241116103648    0.7255790166866227    1.9155500660932876    3.635013915153099    5.6298713628147565    7.443947894155537    8.270766583248822    7.42129410145066    5.4942230320591205    3.4248954809359344    1.6657776064212604    0.5236692240494824    0.13476677557604116    0.503203737997369    1.5778662472048481    3.2168683342372484    5.114527886515485    6.818533632489343    8.136344396459894    7.821139980004404    6.216540850595921    4.117837333217349    2.2140339675540903    0.8835269904140112    0.20356312493690762    
0.15999504962067357    0.7256985262608068    1.9161983741888535    3.636048019225675    5.630893113111545    7.449913991285023    8.243315722005098    7.483563902587701    5.5033742646360375    3.427890411417703    1.666909279327307    0.5246165427616338    0.13481545074614973    0.503418101632064    1.5792967316892748    3.2217145818646196    5.129658830684653    6.874378498168001    8.231819780217382    7.870258415903053    6.234966607551469    4.120839032927063    2.2146308765218756    0.8834283402700414    0.20371960730690014    
0.16069698093181906    0.726997816576937    1.918432150031318    3.640232449600781    5.6411405508292285    7.479888516050361    8.247833716696611    7.3974804772886555    5.503408293708798    3.4327053686165137    1.6689968526514165    0.5258124701996273    0.13541080186761373    0.5039895209737688    1.5813246637772227    3.226810297090702    5.147348579569354    6.9231894360393555    8.314891373973207    7.9295635859488725    6.24264770658513    4.121042440918554    2.2144161423092545    0.8828978882589353    0.20375517826322023    
0.16132563768026606    0.7282771573162227    1.9200206923873648    3.643335863717011    5.641507610140764    7.423806485812697    8.245650329430111    7.387582947990298    5.504945787827098    3.4336420410512685    1.6706553219874962    0.5269797650314068    0.1362111036632363    0.5047382846875457    1.5834302082889442    3.2310222544215597    5.163241413767758    6.944488140045959    8.257391557263457    7.926878530653974    6.236699552227948    4.120916321324139    2.214421322386281    0.8828049950491796    0.20401597496640303    
0.16200993136054367    0.7292574916945112    1.9217671098244158    3.6491055934198395    5.653229724353029    7.443794395541404    8.300692377143955    7.416202232956672    5.495362522053423    3.4347681000403374    1.6721025151358384    0.5278823879230248    0.13663551472891594    0.505485455797816    1.5857926763613397    3.2358001652043384    5.17382134574794    6.985770622667477    8.317922011495456    7.940136118158923    6.233870518971061    4.123672239516985    2.214958225742259    0.882912392656966    0.20430356045205705    
0.16265908760424644    0.7301725872995942    1.9232891907499405    3.6515978320319475    5.655161381491658    7.428190584264002    8.193988564914422    7.400005795848991    5.488598858552294    3.4345731859248185    1.6738114032433482    0.5286688673414618    0.13689728924471184    0.5059963925597974    1.5876970008038762    3.2401879698973413    5.182588790627714    7.009141529822054    8.373971416652898    7.978465663799147    6.24970694975942    4.1270205453901365    2.215446502578479    0.8827032829540381    0.2045463915680159    
0.1633227842332352    0.7310912138277457    1.924956080128095    3.653643501571316    5.664580873800965    7.45932097851262    8.199377924495591    7.390711827276201    5.483917975175354    3.435455694047189    1.6745682250548115    0.5292583935796326    0.13718132914886222    0.5066562676529063    1.589695143000107    3.243669102064644    5.186462238125967    7.029871098690334    8.356972501203565    7.9718981490570275    6.25982503079941    4.129646429161375    2.2158394559983585    0.8826403200399295    0.20489045183942367    
0.16423076503438075    0.7325467513699452    1.9273446919922563    3.6575786787969493    5.664892516565459    7.4706694630884884    8.200455034511464    7.380966597638073    5.484919308419544    3.437957126372874    1.6756117585805261    0.5296810203903853    0.13736590277640176    0.5071578261619096    1.5912325601335569    3.2478437573676913    5.1978278494884185    7.058011199465236    8.352501970125857    7.960620436524248    6.265517367603538    4.128371229175055    2.216033520673132    0.88260468846612    0.20532508783856793    
0.1650819201054034    0.7340918331766821    1.9297238499564584    3.66190764306039    5.6661956386069825    7.487899941705311    8.208044258713059    7.383272424504799    5.4867174284244005    3.4387591244807956    1.6761980971955344    0.5300489313208812    0.1375219218018155    0.5075980628696279    1.5926797295628006    3.251980438868602    5.203036545080813    7.0696187899136405    8.3836452657616    7.967813128931907    6.266715336087864    4.128141340515605    2.2158531866013513    0.8825463164543706    0.20562795997951622    
0.16600644278379126    0.7355301073080406    1.93211260166727    3.665436486987964    5.67491463162969    7.498010880281218    8.200834067225056    7.359838175982878    5.486664386645768    3.4391343778058956    1.6768614049259187    0.5305180025617747    0.1379249458947996    0.5081091854651046    1.5939612873390003    3.2551020695366324    5.205405756920455    7.07850011467571    8.336094005177694    7.9249717384610125    6.263614441306192    4.12840670648199    2.2156517522402006    0.8823534723586135    0.20607069159651    
0.16682457183427093    0.7367577372100904    1.933914476203211    3.6673180037254123    5.678257259456211    7.514640519705505    8.214907540338041    7.356116901796342    5.480383282515021    3.4399653451260486    1.6778539918905748    0.5311238110754569    0.13828380170266122    0.5088321044214289    1.5954026552317702    3.2581692535622144    5.211281057205538    7.0748427078734615    8.296250119520593    7.933449903378081    6.262604526747421    4.130564641389375    2.215870486074525    0.8825376708873346    0.20657294124679382    
0.16767155070504142    0.7378885795018514    1.9354176876414222    3.6702812948461983    5.686623999603307    7.530475319147102    8.237402820954577    7.364340015373177    5.481218474217021    3.4408320520331435    1.678580782672909    0.5316587111252133    0.1385824325617693    0.5092490441027676    1.5967356491992255    3.261323618434269    5.2150029889562735    7.071723075380059    8.241684444459132    7.92143900843348    6.258427103652274    4.132793389978382    2.2164446507247924    0.8829320126319065    0.2072040753006541    
0.16842947067368308    0.7389755335921931    1.9370621068613265    3.672812073914203    5.6922587738029025    7.544251071069591    8.241451619103914    7.3700062485828655    5.480442186650823    3.4413777632743967    1.6788880495322067    0.5319699105917608    0.13869748363492637    0.5093377781470543    1.5975938153365485    3.2636266268761087    5.220995822175015    7.082408893580394    8.267601623387657    7.940280668167698    6.267148975080794    4.1326223633050105    2.2166048300180026    0.8831864534741607    0.20764938157250615    
0.16912490581206385    0.7400724527693433    1.9386779988919736    3.675732006484545    5.6982283350760685    7.533872560166168    8.237495073424762    7.355834343887377    5.481239607091973    3.4420874252688662    1.6792124996015325    0.5321993633480093    0.13886706818519073    0.5095943694965646    1.5985570641400162    3.2657919598014558    5.22484119909297    7.0945144845576245    8.28340252124885    7.949726900098119    6.267677188899631    4.134180646967423    2.216838868597268    0.8833866149338829    0.20804608423787932    
0.16982406523851193    0.7411840449269065    1.9403143321076597    3.6779295350030448    5.7020233288816895    7.549543026699358    8.242418772769879    7.356728940938722    5.477274006982955    3.4419744314309964    1.6796131090104343    0.5324687077001022    0.13905895165437543    0.5098411473139353    1.5996575067934196    3.2686397071148896    5.228704802417428    7.112444245676395    8.301925703783915    7.942118487687373    6.267815351671088    4.135357539404958    2.2167722366869156    0.8835497072824541    0.2084733530977726    
0.1706016080616725    0.7422513295514364    1.9420272478215963    3.680522379941965    5.7036963855332425    7.542943127270708    8.239067189109177    7.349240647734307    5.472637849054743    3.4426670220154043    1.6799729728502912    0.5329463774652041    0.13941606455853345    0.5103372413590329    1.6008972691165242    3.2712210361406027    5.232752858539119    7.122554888282239    8.295061680183611    7.940368344321958    6.269811530771325    4.136378849419927    2.217333197758986    0.8839460495867383    0.20910797989012242    
