2.539551203699721    2.8440809606014636    2.126327647041353    1.346354271937836    0.5321102478285503    0.07338353015964291    0.15054574036522475    0.7188838777333019    1.0581549997375572    1.2707900843026962    2.017635345564713    2.4308594016539264    2.8440809606014636    2.8440809606014636    1.8099895962993762    1.4329058377393273    1.0581549997375572    0.6064534335484344    0.12925205566660128    0.14407739708240233    0.66513943321119    1.346354271937836    1.6840159240837473    3.085798004289253    2.6725789424520117    
5.793379160424168    5.5304022127921995    4.425230923337749    2.5169760103805445    0.84165665585214    0.06465222878823974    0.2772737878428901    1.312645032010039    2.164622304592324    2.5808474382001885    3.310180227085545    4.223142002652656    4.97721581027996    4.832370814975888    3.6872747105704566    2.739676082140466    2.0822806678863253    1.0033066101042865    0.20156967376544127    0.1688913986473557    0.9229473316152399    2.395509454692945    3.7126205179026965    4.803438775641313    5.7186048249090184    
6.00891947200039    5.544887239288828    4.4876375807980295    2.541311673784761    0.8517325041495836    0.06889201078905333    0.2798894803761942    1.3227279203580666    2.2227604008476365    2.661615323094568    3.3916348762713624    4.28709837263986    5.040519732626048    4.890570469775282    3.689395053573689    2.7428654973703877    2.093601281385982    1.0024340929956828    0.19715212224175954    0.16432354636422397    0.9241043993807199    2.431701502430072    3.8148017621581607    4.9241274241133    5.8882433536600525    
6.039207758385564    5.541942148719901    4.506039967940153    2.5533032342009694    0.859159229615261    0.07170961177975908    0.281770743913637    1.3264223593017246    2.229827251141189    2.668353232365587    3.4077509200699554    4.285318102901091    5.019520321492112    4.871035359683452    3.6724280064324484    2.734817525664984    2.092946612430309    0.9977709979089239    0.19153446313854802    0.16058070579563077    0.9242299521917239    2.455457189867749    3.9008567494580877    5.015224039498272    5.948727144465567    
6.051997406617926    5.5744929033198    4.531049654449689    2.564141696248675    0.866166830058124    0.0754818437331879    0.2848630723408684    1.3323617421278235    2.253116259306609    2.7020222713397732    3.443905501903698    4.32587847254728    5.054589322672158    4.853544707245132    3.655277844796768    2.7288822866294997    2.0917818207796257    0.9937473156676488    0.18719810039617138    0.1574142709004657    0.9241454291012697    2.4563541003517524    3.9036538766271156    5.02347319230633    5.984551922968261    
6.084522456200367    5.598321048977315    4.542933522971515    2.5752235411334    0.8727118300688859    0.07954985460888005    0.2883024287452575    1.3393199423189275    2.2756046157459915    2.732080903744412    3.467186678472737    4.334719509466764    5.0749922243679    4.846802611678466    3.645470832421219    2.7242608072610826    2.0934064521922955    0.9913950261630416    0.18337531389771752    0.1535859434415212    0.9219343422965359    2.4579747833147394    3.9214915250976095    5.049210196241823    6.033349840429134    
6.083445575107161    5.5937707177498455    4.549465299899116    2.5838941598083687    0.8792316651323742    0.08354715780425358    0.2913846039189835    1.344974908369085    2.294873744831999    2.7537288103563897    3.488122281270885    4.351074285770481    5.084475227198771    4.842173800667232    3.637564156680528    2.7212150663650267    2.094032853797688    0.9890214513482638    0.17888372288588916    0.14936952425743474    0.9200496312146089    2.466443685822993    3.9609587756719438    5.095759564575174    6.044357668736374    
6.1081319554578215    5.5781923319449245    4.553032185396288    2.59150636276183    0.88430639898573    0.08684519681415867    0.29429487686071987    1.3502255700764212    2.3118603204871686    2.771466704662547    3.5044904816426232    4.361298000820801    5.087589248842696    4.846214613887479    3.6438282835203872    2.730256023935766    2.1033522023764184    0.9896659617035546    0.17612617228859764    0.14592468986408744    0.9179813370474313    2.4705602526749173    3.981289535130515    5.107975320998998    6.0349873906725335    
6.0964185695171915    5.5689660520581885    4.557379041473687    2.596087628598219    0.8880565775626229    0.08964120606026693    0.29702198759167747    1.3549740539370785    2.323497102643249    2.778712574283844    3.5097034002731515    4.361846792582281    5.0921604032459085    4.851191863481118    3.6428200039402463    2.7329832088507775    2.108597739362579    0.9906073669128851    0.17459996436549927    0.14341635807410344    0.916402570417499    2.4748074355941587    4.001374195862279    5.129015501894013    6.054251545646514    
6.101400268008027    5.556360567952358    4.555683468280647    2.5995329821848783    0.8912901789591394    0.0921002266920595    0.29970744954452083    1.360115868809184    2.3385695701006686    2.795932828027699    3.5287692169965146    4.375396744390318    5.1003644966903865    4.859798824242259    3.649893872201895    2.740090293586865    2.115562373808628    0.9904019153697524    0.17254945076308129    0.1412469071728246    0.9155245835972918    2.477741589594914    4.013521145705096    5.14463340770728    6.065702172687001    
6.101328877194375    5.571118282042803    4.568144898621526    2.6043260528566394    0.8947757924810363    0.09468722517505017    0.30224156787731477    1.364373001026522    2.3497461870890644    2.8097354635649037    3.542640494265196    4.38755184110056    5.104930646055601    4.861084387465251    3.649415593235524    2.7417063009905314    2.1205644197146145    0.9906512486307003    0.1707236958469852    0.13886423121381486    0.9137434068192509    2.4772499276330193    4.016142837522229    5.1456309803594005    6.058445603694841    
6.104684687972487    5.5530605944731795    4.5675637885185925    2.608386577634313    0.8984259989077595    0.09715528619047883    0.30436291434053897    1.3679852917814632    2.358217068853146    2.817906305361603    3.5495934977713    4.395710613026126    5.112108975279421    4.861287410742686    3.6480595915662253    2.7416207344186376    2.1232669720190267    0.9913537132792202    0.1692792038680917    0.1367793291836878    0.9122153362650451    2.478773130641165    4.029500894217297    5.160903990206506    6.077872799774403    
6.101148536142876    5.549747185302372    4.567593657102257    2.6124331462460457    0.9015133679450411    0.09907232875793025    0.3061042995075033    1.3709551766030277    2.365397309918377    2.822400659681668    3.5499586826557454    4.396863177599049    5.10561258883505    4.84920007212134    3.6455335494392553    2.7422744994557577    2.1266970562506917    0.9928080351524965    0.16869812031444648    0.13509383975718947    0.9108436100058243    2.4823630636121563    4.050573937928014    5.184403870843315    6.089364948775883    
6.106467824343208    5.557462360088224    4.574293118334968    2.616932765770994    0.9044055006029458    0.10120156311003954    0.30809653913643625    1.3740369819505553    2.3722168656488356    2.826973521782011    3.550756579742243    4.397738902993278    5.1075442972559735    4.848138420647338    3.6451133111207494    2.7432725811346197    2.1301245719597137    0.9940104570678647    0.1678435262086325    0.13322957771938185    0.9091802947208982    2.4825138216749973    4.058978516176392    5.193978713545368    6.092218643614327    
6.11413014847556    5.567223185100995    4.579370917194038    2.620126093443431    0.9073361483135416    0.10344537584326316    0.3101846474606027    1.3766632015174611    2.378142957903145    2.832299492432992    3.555501847521386    4.400936804934836    5.11426626254434    4.854348665575209    3.6538781707574524    2.752444423060254    2.1370927052805873    0.9955444084659    0.16710741468061507    0.1313230939989328    0.907329594853667    2.4822640893437717    4.0623439926642995    5.191401517310591    6.095823418527985    
6.121649315397516    5.580243163525327    4.590702992781897    2.624285314785382    0.9102866322258677    0.1055711117168239    0.31216366730595135    1.3792465140850312    2.381837118722081    2.8326823443264386    3.5550513269333748    4.40176758105553    5.119872776447756    4.8623893574524395    3.658934055445922    2.7572841035945155    2.1411254536435207    0.9966551911790952    0.1664611419157852    0.12989158665576725    0.9060518405117641    2.4829904078772165    4.069790097200417    5.202424173413342    6.102022044589933    
6.105073019288712    5.573640404230231    4.588787710274628    2.627395457181004    0.9131809292908233    0.10796670907723954    0.31467913218605276    1.382970993203937    2.3865761949586215    2.835495202173371    3.5556503513514284    4.401969173069198    5.124130794371062    4.867292847182411    3.663688440646098    2.7632250144983987    2.146274464632003    0.9978019280674725    0.16558571664638427    0.12791046034607834    0.9040265532602594    2.4832975821963945    4.077511199734496    5.204954546680507    6.100082949150381    
6.111282582848611    5.569390428746172    4.5932834139821495    2.6308210972132153    0.9161351012768205    0.11048245227345821    0.31735205172396375    1.3866982976400093    2.3929034408573298    2.842982051973133    3.563865785544221    4.4075146206831946    5.126377007510151    4.869401118580713    3.6655271465549877    2.7659497074693933    2.149779357166219    0.9984158842588755    0.1642318615197729    0.12550535988149403    0.9017969657184305    2.4820420553097766    4.078946960129378    5.20464277596029    6.095395705766982    
6.118809946526944    5.5700793120926715    4.59364553663014    2.63403136083946    0.919173806721519    0.11313493280252247    0.32011371359426616    1.3904441447037243    2.3993201197929075    2.850703170228674    3.5718208909084574    4.4179359537579375    5.1356180294193035    4.871912236968966    3.665344255685311    2.765933250628915    2.151831542691061    0.9989045036562686    0.16294667652873884    0.12310796436616882    0.8989835178249512    2.4811680452030687    4.084132096068994    5.213143701891485    6.1051687511003765    
6.119894886244734    5.564543516694062    4.593169871237844    2.6371565350347366    0.9222869239110106    0.11598556678138804    0.32297847408356767    1.3944635928233822    2.406857064548507    2.8580465479445465    3.578641441196331    4.422804606895458    5.135843200856506    4.874628813189822    3.6653976516254274    2.76652277364956    2.1535908713429306    0.9995636300924092    0.16178609008362901    0.12048987856855341    0.8957032640114101    2.4790578208593987    4.087821911778913    5.220282660308652    6.113184238430481    
6.125520418030662    5.567692881969713    4.5980871724765295    2.6405381480119905    0.9252111645317892    0.11865632094751971    0.325735892626725    1.398332362478608    2.4140333076947647    2.8677076440712197    3.589135177264444    4.433309293561006    5.145408737883999    4.878347380314003    3.666220233720907    2.766865765297854    2.155268101811064    1.000587455678664    0.16105270590635198    0.11835131701207016    0.8928286312506436    2.4769164105248485    4.085097056141348    5.217389726775826    6.117792695083667    
