9.399944655151222    3.4990095749838743    2.4308594016539264    1.6562826211160488    0.8033301926812293    0.22429646106301684    0.236691081621576    0.5280129142209584    1.0386070383809707    1.2707900843026962    1.884606607951986    2.259356134937559    2.3389616613903645    2.4308594016539264    1.6840159240837473    1.2165564202234942    0.8230941982727134    0.47716193400612117    0.09867305571442417    0.07148190237957172    0.5972104628683845    1.346354271937836    2.069507812280034    2.8440809606014636    3.085798004289253    
6.519419504711818    5.622402793356367    4.367416990469956    2.654243472036793    1.1444295989168132    0.3561981803002996    0.35679101168783606    0.8549387041173379    1.3804996248607717    1.8971792927054196    2.7396852167827905    3.96907803554903    4.705339168896159    3.9001218477623003    2.6859691199821554    1.6770087841037378    1.0643861794775227    0.6786079737967846    0.1937117998275678    0.22241989436166942    0.9078458199773303    2.1854389775644543    3.516132711620964    4.807162499351224    6.159310496240109    
6.514126128352311    5.652598540709104    4.401424407019517    2.686651670130469    1.1617177245966686    0.36705427687720577    0.3732175385686273    0.8754469486361243    1.3983038653059943    1.9149164074303038    2.754653037539584    3.9747809707628607    4.744219469378463    3.912427665553554    2.6904507430395386    1.6770165606865413    1.0618021405293958    0.6679123150864971    0.181785082234645    0.2147966498940071    0.9049167525081945    2.1913957467300884    3.5346770801199767    4.865528982047996    6.1994517061564425    
6.528319033987444    5.710293892648713    4.433281593500173    2.706176781004652    1.170973044572131    0.3713154861307598    0.380621457380002    0.8875346070620301    1.4147916427664724    1.940180274151655    2.783241391688428    3.9947023499201078    4.757969879116629    3.90377656859475    2.686169815759173    1.6671272959821404    1.0523006857527877    0.6587761826273407    0.17395899494635508    0.2100863840403455    0.9043121787818218    2.193949184962722    3.5475611450074274    4.887608608350138    6.257124922925825    
6.586433423891903    5.7562175708399925    4.463564800956177    2.7246003207559286    1.1801546935718945    0.37687705167505586    0.38844755035192474    0.8977021305558336    1.4260234464274062    1.9524112191893799    2.797619113881031    4.01587320368052    4.772823058711603    3.9099035320193227    2.682581635093597    1.6598170135888466    1.0437466745997614    0.6510007626885168    0.1686359179205197    0.20764004898068394    0.9039851644606216    2.1978366083442022    3.5572664391187487    4.902905351861786    6.296445592047045    
6.579451736525905    5.752977200568225    4.476520886853737    2.740722281776486    1.1876645744671257    0.3810455300091097    0.3944922902220091    0.906276408050006    1.4365122355453246    1.964497301521479    2.8084259443492496    4.024190452934759    4.777039911377925    3.905324871825249    2.672605925042982    1.6488170665254227    1.0323372509133735    0.6445736077187837    0.16559563076967895    0.20677181254308774    0.9052109333118812    2.200095374957086    3.557456902042547    4.908568402469781    6.300849132100448    
6.590456769072968    5.774201753425664    4.500076402829075    2.755777980230896    1.1951195724083366    0.3860923040253631    0.4025159867892294    0.9168294663595715    1.4461316939972124    1.9779155227401446    2.8240407968329877    4.0446763413215026    4.789718636633718    3.900209541727225    2.6668605792907694    1.6385561241611641    1.0216887621223636    0.6362771624031492    0.160817228696478    0.20455217109839596    0.9047283161059152    2.202064109767129    3.561968664743111    4.912207676850855    6.3069505522307425    
6.626170139901417    5.799100596141722    4.5231171575299305    2.768701139750989    1.2022029726487231    0.3909958330298665    0.41037689932758165    0.9275283992997047    1.4579130733360672    1.9912667065815735    2.837205307415303    4.057127842624829    4.795115597477341    3.8945027540361647    2.659816742920613    1.627255909014932    1.00937255558326    0.6287002934894184    0.15711381325962873    0.20332774457146463    0.9057095215670378    2.2051688411614627    3.565368534301085    4.916986752397248    6.316739952862801    
6.6697360750135894    5.826736404040718    4.536475515887713    2.7794691195584917    1.206806771548088    0.3943663687158969    0.4163784478302789    0.9357161725123719    1.4646145965393749    2.0003132053706434    2.8466855282084427    4.065944568245985    4.804378372313654    3.886981406864621    2.649879825836054    1.616752497860301    0.9992191038787068    0.6232876457327527    0.15510337777217648    0.2035963961190052    0.9080725261241308    2.2081303227328046    3.5653376488529633    4.910377705592269    6.3037126865047455    
6.688657698187221    5.849683816367945    4.549088357844305    2.789585297481762    1.2105663834320644    0.3965356371025696    0.4214692360504076    0.942319884698319    1.4672330909053786    2.0033001097770877    2.850627866444675    4.0653710467317525    4.802658756096989    3.8828625938796475    2.6433369028982683    1.6085485257824659    0.9908127846994184    0.6191565338713082    0.15430867433322637    0.20413164612871687    0.9095840539591677    2.210530586407075    3.5667637935770387    4.907570982930859    6.303418941794098    
6.698645310143996    5.86037346567685    4.560429050296946    2.7986999271876707    1.2135466177250172    0.39802950310085483    0.425219741652    0.9481714176021818    1.4724568841090357    2.0121471217094564    2.8617421149193136    4.079519968704028    4.809441531280362    3.881649157171775    2.6385043240196304    1.602388353780322    0.984313234632969    0.6159012027921578    0.15347803866602272    0.20423118593896128    0.9106411343778583    2.212351954140877    3.5659261188630005    4.903201497182882    6.316090730217521    
6.727001294134928    5.87962936450161    4.574706135534804    2.8064656222345454    1.2164671279221781    0.4000836005496084    0.43002798174565154    0.9548886243562958    1.4784159476817829    2.0220782075964774    2.874241898097842    4.094244406066647    4.816703496507105    3.8800776880800463    2.6351081057177814    1.5978330025156868    0.9788515194451819    0.6127855357897928    0.15212475177682977    0.20352668186557604    0.9102125757139452    2.2126860109705393    3.570814675741907    4.9151537420009115    6.327010497433132    
6.730305831520347    5.897259268897041    4.589035443408649    2.815408172584249    1.2196009012156417    0.4017480310912608    0.43383259807466246    0.9601420387474103    1.4835316521933932    2.0297420722410755    2.882703573925654    4.10330384917729    4.820750307849798    3.879653404723457    2.633154081299701    1.5935278965319875    0.9739287089219012    0.6103603753702166    0.15141022331209467    0.20335539971033342    0.9103972783732018    2.2136637458672355    3.5745417570762474    4.922763244115598    6.337888890333848    
6.736813056187283    5.914305339265504    4.5987671040687905    2.8228074623016868    1.2225692304863967    0.4035336244514501    0.4377610844847138    0.9657578745600224    1.4875060351138207    2.0355001098294325    2.88998214747387    4.113573689512228    4.830426462086856    3.880412812439094    2.63066210002733    1.5889942015758016    0.9688270576157806    0.6077648954452036    0.15067903093059118    0.20315800692502264    0.9105645871367156    2.213985938005092    3.574458839900326    4.918242160559422    6.3271158367521165    
6.741014132649886    5.925499389880715    4.606300349703313    2.829639286009715    1.224757103548139    0.4049349590773233    0.4414321533033836    0.971847367586175    1.4938025192775846    2.0442319409769687    2.900567041639564    4.123864381237826    4.834441329489354    3.878468522317283    2.6287417406753377    1.584903887325369    0.9643984405827561    0.6053509815856517    0.14986306379605252    0.20318516123480732    0.9110545267291883    2.21469353831321    3.5762401883430144    4.919234290672396    6.319780131180091    
6.7542981328185405    5.923792618930456    4.617599097130057    2.835537893496428    1.2269442108438813    0.4061673517368183    0.44478613486655627    0.9770047243793405    1.4985218020618347    2.0503953918927165    2.9079900981619957    4.132913743938134    4.842624485362237    3.878305741817897    2.6268491953226425    1.5817563037856155    0.9607620335264686    0.6035874429710478    0.14938564905985158    0.2033315184884249    0.9116013936559733    2.215219456069875    3.5776715481726553    4.919491194791202    6.318823731840879    
6.765598509391632    5.940641749042383    4.626799255629782    2.8412412343198756    1.2287904386051212    0.4071433661397156    0.44757448662362986    0.981354176597683    1.5021427665341474    2.0546673852626367    2.913155897229053    4.13889500362867    4.846725831390379    3.8786163401004083    2.625855392848618    1.5789793104401135    0.957868610401745    0.6022232127494617    0.1491773364930429    0.20365461769135346    0.9122751245571629    2.2158898059898573    3.579572756198981    4.922320187990233    6.321466253954053    
6.780945084447408    5.945300069322919    4.633064051099821    2.8465038471338797    1.2303420369416334    0.4078532265331939    0.44989112624869737    0.9847799228019233    1.5053566062598096    2.059650670242746    2.9194872974175645    4.146673237438429    4.848596772298867    3.878996114093908    2.6252167644880906    1.5769349254936496    0.9552592752480596    0.601009459916566    0.14893278916266176    0.20377220511278532    0.9125192223402566    2.216728438808272    3.5819814266483063    4.9246635267094    6.328681816826163    
6.777037340421032    5.951667131492013    4.639318614825224    2.8515008112491556    1.231926506305481    0.4084600624562979    0.4517912633708765    0.9875433596149804    1.5084159146812244    2.0648661112491147    2.9259902805819875    4.152589409763637    4.853339574272704    3.88088964949879    2.6252579272384566    1.575287998319921    0.9531231196242457    0.5998445512165612    0.14879125640473564    0.20400078316504539    0.9130241628782383    2.218434835975093    3.585474783678264    4.928598426654004    6.332722650578561    
6.7829311180266485    5.960666322236162    4.648250896435891    2.856741818706881    1.2336637280441713    0.4093907073491798    0.4541142609764194    0.9909408844536911    1.511206648146624    2.0697856517708324    2.9333171161956946    4.159844687920985    4.857068750791635    3.8812016779591327    2.6243222718771753    1.5732957380688375    0.9508532167794608    0.5983292546296259    0.1484000621832045    0.20419943213850617    0.9135870354041085    2.2196902943026386    3.5871172389311137    4.930820671162415    6.335187283886241    
6.786885629814919    5.966278032240836    4.652935019490296    2.8615295457817647    1.2353385238967376    0.41034443643490903    0.45667398284338767    0.9950756879670446    1.5152454806806133    2.0753330572296425    2.9399698954579465    4.165908309358477    4.856004212560611    3.880905344171481    2.623392315828644    1.5713950245574708    0.9485321419268948    0.5968603697913234    0.1481581618173975    0.20453611656124038    0.9142221655579713    2.221110096728452    3.5905951194106294    4.935211133325914    6.341089427081033    
