0.15054574036522475    0.5118995090891684    0.9494622820650307    1.580073654700061    2.539551203699721    3.085798004289253    3.4990095749838743    3.4990095749838743    2.6725789424520117    1.8099895962993762    1.0581549997375572    0.2675338093687033    0.041852957614506886    0.2917603386507973    0.8719298729996134    1.9699172851206235    2.6725789424520117    3.4990095749838743    3.085798004289253    3.4990095749838743    3.085798004289253    1.7759141399973752    1.1550421802217548    0.4372822859107165    0.15928083860849127    
0.24401556877887515    0.7489121532639984    1.7884067943302426    3.2344992361156715    4.701461998010743    5.788800668938144    6.039230268585366    5.538839117038986    4.358758199692847    2.744594731642393    1.3329382784899777    0.4687678975915926    0.18933684637896686    0.4834135165731464    1.3538758992618942    2.72049039414019    4.3162584591853195    5.641687148783454    6.293665593851352    5.997348412462517    4.805772509819442    3.2367975600555257    1.7667291462735175    0.7440008547875964    0.24703263906811437    
0.23948898812019537    0.7484807241765082    1.79549183222642    3.273765602604722    4.828982171463631    5.9567276958688105    6.098036595062475    5.550704680577546    4.378272315603066    2.754251597212949    1.3400440867239627    0.4765222609442403    0.19704103275623008    0.48927580021079736    1.3592377220127805    2.729402365560938    4.3289599084405435    5.63770875726331    6.197944373176541    6.001293842972655    4.83595353280542    3.2372743544740783    1.767660233379997    0.7419726149456145    0.2422367142711374    
0.23236815026517835    0.7426872049863362    1.7936795523910023    3.2902699086458744    4.888501124420658    6.015083238683333    6.099896001386498    5.5606928889041995    4.372201695717985    2.7578259877938844    1.3434584119157087    0.48002183127150944    0.20203920773368944    0.4958567456105489    1.367570529499552    2.7400618752612758    4.326465891692968    5.6466800144303635    6.266625502599796    6.091228398256054    4.863600618782188    3.2411914613716095    1.7679410713259396    0.7398843186263198    0.23718589852071828    
0.22567642366097307    0.7356091166624927    1.789083261004076    3.2976366657819534    4.920516806584477    6.092192375774432    6.1414212535512585    5.5830804194128145    4.383961370804489    2.766073122754408    1.3477470945852934    0.4846365087890827    0.20911367136257933    0.5061769673592957    1.380709079170816    2.7542378362696978    4.3410282707899075    5.665345221877135    6.291144499005535    6.12455588734656    4.872255706845906    3.2424465613122804    1.767227083568851    0.7365231233680715    0.23210908215465503    
0.21904626660159807    0.729561858242404    1.7849719011418346    3.302589572610318    4.942221567612532    6.0959390072209105    6.143239764053338    5.579757311248447    4.3926307863858245    2.7727392144851146    1.3527148585793385    0.4897086676614694    0.21653361328787274    0.5158816263726089    1.3926585198094519    2.7686182287812167    4.356953116947256    5.6463253843152765    6.3178804983412755    6.145988590918562    4.878617671388927    3.2443039503965765    1.765175754539403    0.7332440500096615    0.22697068825495992    
0.21144629584904534    0.721872361005749    1.7793698905390245    3.301870145550678    4.962872563553247    6.110067676039437    6.1423659334435605    5.601270212657816    4.4043764516664865    2.7805551592345483    1.3596324845663401    0.49667445536205856    0.22433080653721346    0.525347703445381    1.404108465554567    2.781440778214002    4.368420310328365    5.660436853985666    6.360053272158652    6.1634934205138565    4.881326047821716    3.2423192077787677    1.7620974357016959    0.7290563170011938    0.220959190762325    
0.20459786127495455    0.7150096890215215    1.7745995455605712    3.299058781909621    4.960457009247385    6.0933788109050955    6.147089396577846    5.601814375688498    4.4196996280719985    2.79184815421739    1.3673990555706397    0.5043248573051294    0.2328436868818321    0.5349677187435541    1.4150181008762226    2.793182450914837    4.383427876246794    5.672181814170549    6.387504075356052    6.165684685019498    4.885760803380974    3.2406359653350165    1.7593125674350785    0.7246858994256462    0.21508226585487802    
0.19777123659140666    0.7079389591581062    1.7689805561834067    3.2957540780597583    4.9559968097875435    6.075381675862608    6.137972185933296    5.614711186595951    4.430367376691858    2.802532142233808    1.375795040327144    0.5123695120579818    0.24177642187944864    0.5451472501535425    1.4269898628178033    2.806406077721011    4.398094779810407    5.684580553167385    6.379732083124323    6.166694305289331    4.89071369439646    3.2379411958313473    1.754737005197961    0.7200335812823065    0.20942234602054216    
0.19156573624341883    0.7017859255594794    1.7636725743650972    3.293757114048332    4.96257868352941    6.094786847958016    6.15922852946647    5.630548386471258    4.443055013831215    2.8119946942883525    1.3832654425665476    0.5195793552938869    0.2500630781051354    0.5553327888366999    1.4394184596897979    2.820398127545897    4.414782883897017    5.704367077848029    6.405975549603022    6.192078173260237    4.896425470062704    3.235719786000626    1.750738720753888    0.7152527416768055    0.2038837061933818    
0.1859626226733086    0.6964414108473641    1.7599018638673816    3.2927067456021244    4.968891119222928    6.116924688715165    6.180606686112174    5.644897495399298    4.454632972813516    2.8211822190537927    1.3907630843275696    0.5263549425365712    0.25744887165856684    0.5641448896156471    1.4501195894795782    2.833088025045355    4.428626439505806    5.715606522030188    6.415604864755036    6.198903534342118    4.892622369191033    3.232286162719292    1.746677700067215    0.7109281639973208    0.19893688484048944    
0.18057464116966307    0.6910527667587691    1.7558146561082504    3.28930612561321    4.971546098698566    6.1286323428821285    6.193014340728709    5.661672115031253    4.4664714405683865    2.8306889962618276    1.397677527254592    0.5330832151598113    0.2648955359278608    0.5728750622523264    1.4603273934507615    2.845066320114943    4.441110061138373    5.729346962395814    6.430986804309468    6.205818418996573    4.891585891685212    3.2278145787431165    1.743232246670543    0.7070498020002016    0.19421502586439282    
0.17564568204862382    0.6863431727446917    1.7523327739779981    3.288784242231991    4.977681850906083    6.137177591940312    6.209680995516077    5.671982532611283    4.475024704640334    2.8388130405310465    1.4042769447437697    0.5395801815646591    0.27211115379292183    0.5812117216524789    1.4701805573229187    2.856466991351295    4.453743289108353    5.748531782890531    6.449623925045547    6.218824673302568    4.890009799487394    3.2251640797416563    1.7400299372555312    0.7034367119181204    0.1898104021538694    
0.17076218138094024    0.6814410249086468    1.7487842860726985    3.2879019613847436    4.9797373119566375    6.148944220703283    6.214642363859912    5.679176474231937    4.484788413544748    2.846575387900084    1.410746471636691    0.5458271068126427    0.2792160257834713    0.5896638556293451    1.4800988670348    2.8676791685006826    4.465991971049105    5.759704575306284    6.458798438347711    6.229519989720554    4.891417243630574    3.2228792495690666    1.7366682090401835    0.6999384869636013    0.18558410729804825    
0.16641432961592062    0.677199628910399    1.7452956113160392    3.2849570146383305    4.976754509251837    6.157424566765707    6.222627031002584    5.689502470516972    4.494660082627517    2.854288428400215    1.416872729355947    0.5519955251628347    0.2861667457708472    0.5979067725299837    1.4897922325639725    2.8781707218074675    4.4784892982381805    5.777514915133629    6.477383642476677    6.227473122663047    4.892712849636187    3.2203815427992493    1.7333700711559903    0.6964997966827464    0.18161556719407793    
0.1626785379029011    0.6736432314843986    1.742332644737475    3.283247924359146    4.979283786303423    6.162908920747476    6.2254571040956765    5.692114889978538    4.504658800073254    2.86147132309186    1.4225991801383608    0.5576884742802687    0.29250746196127436    0.6053532257279799    1.4985420724446719    2.8885167552516333    4.489031527458807    5.791112507969495    6.490233051768792    6.234938285697193    4.8927914028376405    3.2178167545421092    1.730768813234527    0.6935689635880397    0.17813426399718377    
0.15945166616408213    0.6703721531991943    1.7394727943152617    3.2799798919193144    4.975923599301257    6.156027328570754    6.228484224765073    5.698268229600904    4.5167676647697155    2.8682064302214036    1.4276503371200728    0.5629130081428372    0.2982741812109436    0.6120234992492868    1.506449386322629    2.896928238578788    4.499507369378526    5.801840565727749    6.490323569368963    6.236858631503875    4.892473488986726    3.2160015836015257    1.7284488671677418    0.6908405057946206    0.17525873399337757    
0.15597894933388562    0.6671082133294997    1.7368706634391373    3.2774288243250917    4.969355697169542    6.15608606262029    6.230593441683546    5.709671697413278    4.526592776672739    2.874607284897253    1.4326355783319276    0.5681009245880839    0.30408360813915647    0.618708320014953    1.5141880284325806    2.9051797482586603    4.509297020011965    5.8070849289663    6.500663184893015    6.241448915607347    4.891250697901173    3.2132717290464705    1.7255120313430863    0.6878614779451971    0.17202405106540353    
0.15271262239531835    0.6639724180281018    1.7343663614142077    3.275759545509438    4.97182831561137    6.159852395830277    6.242705370625752    5.717186574146789    4.535673696419282    2.880820070283674    1.4374634012674106    0.5731935987191228    0.30968432038352817    0.6251082312806545    1.5215029276393732    2.913455693807313    4.519026229647747    5.821511579756051    6.5208632822073875    6.248154996864693    4.890322555123902    3.2113816272706064    1.7229112893623713    0.6850102359567245    0.1690062568787882    
0.14977163280461672    0.6613459375706909    1.732517684805522    3.275523071363362    4.978019883692669    6.171460120997989    6.249229435772161    5.728503793434883    4.5437138212771115    2.886713714471143    1.4421161105212668    0.577997416079338    0.31487111840820564    0.6308771794596919    1.5277838463462567    2.9199369705196623    4.527648676596484    5.829711324585822    6.521225328330083    6.25444403738468    4.888894788660379    3.209049195258409    1.720532413542075    0.6824465885758977    0.16637594745027948    
0.14717745354448383    0.6589381519763537    1.7308042241425263    3.27467122232526    4.978997142499459    6.1791581876961414    6.260026143606264    5.740128284114507    4.553716451455371    2.8931983601418394    1.446981013029748    0.582728828203284    0.3199544029045393    0.6365675360175065    1.534341438522208    2.9270182258641966    4.535313248330826    5.841176951888204    6.518508401641213    6.25319751584401    4.887569766187755    3.2076438839436885    1.7186113088586503    0.6802761033540048    0.16407911196301836    
