9.399944655151222    3.4990095749838743    2.3389616613903645    1.7759141399973752    1.010436785621057    0.7717799959568576    0.8298305361672662    0.747689461891312    0.7717799959568576    0.7132860937153098    0.6755076882603287    0.406527974197741    0.29728037587054523    0.36473147362487623    0.5703114788912882    0.7188838777333019    0.680760230036924    0.6860594616650338    0.894149570085756    0.8098456626882173    1.0013349379603507    1.9257372485640645    3.085798004289253    9.399944655151222    9.399944655151222    
6.880004329005003    6.3245940003816    4.660742407092986    2.8267219907549235    1.5891080309951182    1.0987467205800105    1.0740210914128288    1.0681282344440342    1.110362285898703    1.132912349999651    0.8620908338247653    0.47068193562163335    0.2737476051772818    0.38993011550609585    0.6656390161965237    0.9189853335864915    1.0774151582921    1.1379205928410805    1.241789232742149    1.3074500052884415    1.7417792187666072    2.8529369492783694    4.369030460925747    5.822820033858091    6.54318912379676    
6.886548383140911    6.281865811482467    4.6762915761997705    2.8303101463664566    1.589717898348176    1.0994080235933663    1.0818459357683996    1.085507003938721    1.1230007015504726    1.1391583614237808    0.8681281260344771    0.47324768429523345    0.27427286364129355    0.3889544867988009    0.6649636182536982    0.9184376305478389    1.0714017114169445    1.1250903288620469    1.2329971204315107    1.3134362062731177    1.7577243441731525    2.8704704400838867    4.3927072635048505    5.89703867192852    6.718947160134527    
7.039863033128728    6.327982464882219    4.665919413881417    2.8210516126174556    1.5807992030948703    1.0928439054652146    1.0821444049893645    1.0922933671312425    1.1287856089761428    1.1425798057700998    0.8696186604783802    0.4738431125722493    0.27336458511793443    0.38713889667040813    0.6626681920990174    0.9163324314807858    1.067885846195589    1.1177032410800891    1.229704486485076    1.322572652610146    1.780294254636281    2.903035598056695    4.433671924735775    5.9535388725685054    6.852983128842581    
7.0563849056864045    6.3539304820942775    4.6596431191170975    2.814731305001982    1.5737904858615255    1.086603228975607    1.0784734299208705    1.0931207571605863    1.1314071501022567    1.1456515212640879    0.8725979919926635    0.4760472349240435    0.2749644391886144    0.3884679931630636    0.6630940759733542    0.916522433781354    1.0655014411353319    1.1120977982163525    1.226884689218954    1.3287930167446036    1.7944885834318    2.9218898183863247    4.455863376836908    5.975547799850195    6.8381528828288705    
7.103371654343291    6.364106247425492    4.664876608439355    2.8072775467621605    1.5632271952172787    1.0765385009170465    1.0737994257051178    1.0968203240901606    1.1349673641563907    1.1480365842084201    0.8747738072628172    0.47782054320051626    0.2763296259371638    0.389903889770282    0.6642315796170808    0.9180991560991184    1.0648607096233254    1.1086079089353233    1.225705141072157    1.3350771854895085    1.805873179825468    2.9351204367004335    4.469933561772621    5.985171795413947    6.90791423231477    
7.137288532222971    6.406156825449093    4.65864850549509    2.8000563207554703    1.5543213846256583    1.0679292099942737    1.068229260837817    1.0984538865112126    1.1382579178160934    1.151326837670116    0.8782038065255933    0.48024659562754446    0.2777190251346303    0.39064594583210405    0.6644196494245973    0.9176177610807438    1.0627298644130143    1.104610668787725    1.2228900361140218    1.3398164766088818    1.8166606701445054    2.94836124312092    4.4870424118275976    5.992671107649676    6.979725895881054    
7.166434404468836    6.403631237821402    4.649492309719381    2.7895321066049035    1.544444750995242    1.0576877721587183    1.061647622329323    1.099915074356913    1.1413841646227239    1.1548060348455074    0.8816145148883077    0.4828499556294192    0.27970803796347976    0.39220692140347635    0.6657948629126019    0.9181574864278762    1.0609636547603574    1.1010790994567432    1.2215441092415618    1.3465752785378513    1.8283882246605834    2.9629802903092584    4.506401672644384    6.013284884738857    6.987305471669785    
7.207034870799445    6.404645404384287    4.652280721437829    2.782297624738634    1.53602486728618    1.048871348534182    1.0561782195633567    1.1016684895910411    1.1447651480694057    1.158288023740627    0.8846805945053995    0.4855991726253719    0.28184654736424114    0.394020025768264    0.667214931460114    0.9190944166589086    1.0604374039924893    1.0980393928466938    1.2190989439095459    1.3496880765598256    1.835046196265019    2.9715681700504595    4.514247169948746    6.033489187012703    6.995434809799194    
7.230208988366607    6.407865265406762    4.652709029262818    2.777187525376582    1.5291068097971685    1.0417623054560403    1.051981245541069    1.1038285124997045    1.1482952430428572    1.1624054859112622    0.8880989087538989    0.4880656965407739    0.2836103139616935    0.3953558249225828    0.6682356956844259    0.9204426178968055    1.0605562792361587    1.0956484061762484    1.2159203707830926    1.3489635640577913    1.8368415225442665    2.974541488700141    4.518908775304853    6.0409037857572185    6.9848357725195225    
7.24720986789473    6.417547763484407    4.649024807136721    2.772000974785277    1.523965035334899    1.0362776546130812    1.0484154287522527    1.104741916516068    1.150832559156126    1.1651520935588682    0.8903140002170356    0.4897829471710681    0.28489531841664767    0.39626978701576104    0.668643549337536    0.9212192538695294    1.060682541723611    1.0943483450357667    1.2145757929074326    1.3515746259264811    1.8433918153312143    2.983128945712279    4.529519632560018    6.0560235388029415    7.005072426629236    
7.247189709330302    6.438669323545696    4.64987308301798    2.768779108804629    1.5199908682778274    1.0319241715437188    1.0460842482866042    1.1073492798601166    1.1544859491061126    1.1683955979267526    0.8929711528272093    0.4914550644009128    0.2859782488526218    0.39688386958325744    0.6685039538614679    0.9212174025395724    1.0598642261452642    1.0918390111531022    1.2123833340907388    1.3546456850286488    1.8506556654530075    2.992588829205129    4.538676707940778    6.054988215773443    7.003056561428592    
7.216651906132207    6.442267511502526    4.646976397241072    2.7650733329207196    1.516123964156782    1.028200138421941    1.0435851691285187    1.1087541809159374    1.156994625644983    1.1710467450624016    0.8950832405612333    0.49290120045807084    0.2870669551213706    0.39775981688681594    0.6690335098332679    0.9217675300538453    1.060040209764083    1.0905733300524618    1.2108829925105555    1.3571268619693724    1.8569183140163312    3.0001919925060525    4.547528605939988    6.07058053093072    7.02572526859312    
7.241150327010581    6.448489442365434    4.646140208624703    2.762044857547539    1.5121251675069483    1.0240436899889065    1.0411313205697355    1.1107117393181702    1.1597355205899178    1.173580455242652    0.8972295988192432    0.4943574915938569    0.28807585096347527    0.39867791218912985    0.6699978821706558    0.9226253369686725    1.0599546852633357    1.0887285981051595    1.2088328858629198    1.3584630750469906    1.8608851175033412    3.0065141824103567    4.555010525991007    6.085623608406404    7.044645574004544    
7.254592708640885    6.455833909267431    4.644097126778378    2.7583901802122677    1.5088923551386946    1.0203593186630402    1.0392764388094813    1.1134328833091498    1.1630546837039006    1.1763573125886688    0.8994465372952284    0.49567790139436363    0.288974541422274    0.3993481814202853    0.6704770359435933    0.9230259867974241    1.0592222415067694    1.08670125302421    1.2079819495340003    1.3619897132036844    1.867742440615952    3.0146959396281674    4.562082278453998    6.100099183005248    7.035773523732272    
7.275892180820628    6.454232652147649    4.644060972282994    2.756751888951402    1.5063580464476114    1.0173678577209262    1.0377205982431936    1.1158586813349318    1.1658362324673384    1.1785684590772851    0.9014296992852152    0.49711944261299856    0.28998267385176574    0.3999072606824314    0.670747162820102    0.9234259115417529    1.058913782967785    1.0857055793704908    1.207710207680324    1.3646308624637773    1.8727658169657313    3.0214191457267674    4.570548581133902    6.113884447167317    7.062866495537241    
7.2753236351064    6.447713244505386    4.643821221656304    2.755490945038612    1.504309523984573    1.0150098634152935    1.0365775572667515    1.117833586414518    1.1680087394714425    1.1807058865249687    0.9031602846464662    0.4983246571893009    0.29084814004415854    0.4005594819825806    0.6713158914506056    0.9240318922956003    1.05889955395709    1.0847343224809036    1.2072992905688482    1.3666260698011317    1.8766442473414828    3.026283851227443    4.5775967584440975    6.119320479098551    7.079420240080567    
7.276581262396557    6.44867385273153    4.644205596088072    2.754682277736999    1.5026666574898793    1.0129711886111596    1.0355658486392556    1.11950950029506    1.1697123965862035    1.1819986622611036    0.9043612645548812    0.4991554657143607    0.2914585638944641    0.4010448252774752    0.6719522419688148    0.9248536304285013    1.0588954874504066    1.0836375743967726    1.2063586085834501    1.3682509332279003    1.8806344564297222    3.031488514126778    4.583897037615238    6.131384222240061    7.065500680938375    
7.2739755888134905    6.447191355934811    4.645352401879472    2.754179894805727    1.501105285339797    1.0113482431277443    1.0350199632632033    1.1212724130397462    1.1714331296757463    1.1834998888777646    0.9056499326906389    0.4999934310412184    0.29204703752974764    0.40146375972072357    0.6725785813442788    0.9255912104669259    1.05861579809618    1.082164912182153    1.2049255908386431    1.3698564546807843    1.8849334229064187    3.037125715657779    4.590412499045589    6.141261650560808    7.084028607576109    
7.284144796734463    6.454636136820163    4.645905035788449    2.752699044051164    1.499544771044643    1.009630787413205    1.0345511528126339    1.123811693085393    1.1737623263565098    1.185263474966565    0.9072011457440204    0.5010799152831322    0.29272459051235783    0.401896942388975    0.6730615331248561    0.9260236242317722    1.058093154353367    1.0801935293889617    1.2030680567229248    1.3709130434813763    1.8883046268953974    3.0418012453183763    4.597186366286464    6.145227377685125    7.093204441725191    
7.287843274532137    6.4623592753587875    4.646972342467869    2.7516125511188965    1.4978791029644167    1.0078131458786503    1.0339198034433446    1.1260108504124728    1.176040311392695    1.1871417264131476    0.9088593672159058    0.5022694662042599    0.2935399061197648    0.40241730683504606    0.673509693010913    0.9266720818058294    1.057920429162146    1.0788363569834862    1.2021415820650667    1.3732442689879796    1.8929007572872514    3.0471849043187254    4.602404064914987    6.157439125136165    7.100931790858741    
