1.949358012841981    2.10576837476271    2.0489485400013914    1.4123465654606848    0.6000329977676084    0.05856580919049187    0.22878960483812877    0.709680370010928    0.8160845901242224    1.0578064558651141    1.6925433198080402    2.318402389111722    2.652019670173369    3.0652387320106103    2.10576837476271    1.8255721822793807    1.2362028896535193    0.6497417484980155    0.2603120008634057    0.15885645601887582    0.3695445300003866    0.8966703225114527    1.3098964814811531    2.10576837476271    2.1685797561954776    
3.136828554273074    2.615884253796561    2.0642911090643667    1.5863752507719668    0.621221899228188    0.01551925276268483    0.27014059708230675    1.0537072882032035    1.3255915387872004    1.4074045711475145    2.1986056339497604    3.5709341671904418    4.631924083583969    4.486884237058158    3.7047956178554218    3.0894916379282233    2.4276863464207348    1.3144875945309593    0.38977798440791284    0.09136902305850748    0.6171379471759415    1.7147064700536958    2.624609639900456    3.1424803945506734    3.3485856120393573    
3.1335872584359046    2.598217276804303    2.0413398799626963    1.59198343953409    0.6232988132779668    0.016847147485802356    0.2808659950310937    1.0828963222044559    1.3521123703798648    1.3980550877147022    2.182605362222973    3.598044421795546    4.797396322590646    4.648896204791334    3.861424616695112    3.266354495161827    2.5686579485311887    1.4062257318419638    0.4301864514003939    0.10053073692521405    0.6346994929732265    1.7974410674604695    2.750127074506369    3.2502543167388303    3.384378562816806    
3.131720314492005    2.5812581675258675    2.024755745894987    1.5949065264630689    0.6277705738279985    0.019011766500900223    0.2896067922031747    1.1071319007575693    1.3771655955112343    1.3989301861418906    2.1753024163089294    3.6127681190601515    4.907416704981865    4.702544571238883    3.90940167893829    3.334920777731289    2.644675095627266    1.4638510911129414    0.4558004963747371    0.10365588782382562    0.6418447737684365    1.853017742668745    2.833204501706965    3.3080003697282887    3.394854894497097    
3.135398037392256    2.5839030617969794    2.027107894655648    1.608257032036572    0.6344062925082772    0.02135316205076656    0.29483311254460887    1.1229469371427407    1.3887925101467877    1.3920709671783584    2.1636616448080566    3.6154874132107904    4.954238199265065    4.745375347079014    3.945965959080133    3.387077388062017    2.699827739012012    1.5056749603497441    0.4752978289980303    0.10625435169085504    0.6448867504770348    1.8863113305566723    2.8880741900309768    3.3528082306194573    3.415086803540882    
3.141259384004841    2.5873635116346594    2.0293354340822036    1.6188992485335956    0.6395717218803851    0.023199925157550576    0.2977861870562995    1.1324961443563148    1.392889017019591    1.382206720704474    2.1498396317697024    3.6099167538132884    4.970015103339977    4.756652817496116    3.9603323262845853    3.408455722981712    2.7325811715133153    1.5371111831699238    0.49042068674004574    0.10754108722265836    0.646634456811104    1.9128198075532012    2.9312201940451788    3.382827477657608    3.429838633851551    
3.152180414968045    2.594897030119881    2.0368786733142104    1.6317878725225996    0.645321964602749    0.024360213932372306    0.3008054684636054    1.1432471380279872    1.3993550734766431    1.3766112636484216    2.141021232026154    3.608113804717137    4.9835520943590845    4.768238929487176    3.968536869353752    3.4302352326948524    2.7582202376512783    1.5616125814535389    0.5015046847720812    0.10794879985862113    0.6482020008492717    1.9355815846794404    2.967457618031871    3.4089334594616187    3.442386667715105    
3.158920446427806    2.6002842505159243    2.041923095035937    1.6408374634258311    0.6504213296755813    0.025088095104439285    0.30177658487901216    1.1496600539433681    1.4017465683678973    1.37100788625327    2.1335406526299763    3.602414483235789    4.9934849536574015    4.787182929720032    3.9879728451025263    3.4541603128097513    2.7809090171613557    1.5824961788328595    0.5107400639181892    0.10798162631894954    0.6490059654446412    1.9549807252093372    3.0014074436964737    3.430788520295206    3.4509553885149096    
3.1628447454435022    2.6019281876188787    2.0443773677056423    1.648042071168251    0.6547531043928521    0.02567094707216296    0.30268107963342755    1.1550730620542489    1.4036425748202925    1.3677948211236974    2.1289472865688466    3.600000860916354    5.007342831582605    4.799299327889462    4.004598657693278    3.4742058835273735    2.8018624978093354    1.6010370269045744    0.5186754464560351    0.10776700635462072    0.6488759842209935    1.9675024993440804    3.024961626716955    3.4473463922876935    3.458733425042629    
3.1716387255509195    2.608661769767618    2.051059901335806    1.6560396611234858    0.6577706676535836    0.02596772993582087    0.3038884557388892    1.1608859934582336    1.4059383639821792    1.364390318326537    2.1246124939596918    3.5966561932096224    5.015859858157843    4.821151494460739    4.023939219669651    3.495088553597265    2.819518000557055    1.6174299135448358    0.5262577162256104    0.1083390195188798    0.6494226876979033    1.9786495735727014    3.0454596550208275    3.465796594457613    3.4705718179947387    
3.1789335218375014    2.6154379582002805    2.0570446741036523    1.663407858464723    0.6605523971822942    0.02636515809926704    0.3046329375988199    1.1634015358442389    1.406149453601176    1.3610672390142615    2.1195215401200316    3.5943586055883476    5.023319999913857    4.823593903151448    4.032494819334911    3.5100966965175067    2.8352917893594967    1.63278421863934    0.5326792639161615    0.10856170835309184    0.6496536854163618    1.9874112488184503    3.062845001306843    3.4809334076929814    3.4813844612469036    
3.187035790068832    2.6222008994000787    2.063753405667895    1.6707976298675555    0.6629924442598245    0.026214636873357164    0.3048679751116533    1.1664450480467896    1.4069483207033873    1.3580150814137433    2.1158431195054215    3.5935157208729436    5.032017857381158    4.834911643163707    4.043815836906436    3.5201698422458105    2.8476084747596166    1.6457154786275698    0.5384902672822189    0.1090424804760377    0.650516775422008    1.9961213310714692    3.078384815417676    3.492950982604329    3.4896888184162416    
3.188531931441212    2.6228386281942577    2.0647675456806556    1.6755939779778173    0.6655596667399625    0.026363408076908533    0.3051889425275598    1.169259748769188    1.4075649884542516    1.3550363025940777    2.1119017216358613    3.591560793653712    5.034487934777087    4.840266579374356    4.045275477747269    3.529233916862727    2.859332680637228    1.657181671673014    0.5431455868312454    0.10890092400465234    0.6501323615790943    2.00052816798397    3.086490575389435    3.4978298814834714    3.49093354007253    
3.197316581310379    2.630398857515531    2.07228442907369    1.6837496168536017    0.6687570377712996    0.026616041278483958    0.30520720996396183    1.1720521956888459    1.4089619630143284    1.3528414282404237    2.1087702070963585    3.588415160469902    5.0374205318747975    4.851094702151538    4.055265811454227    3.541511504906486    2.8706025008034213    1.6672829695948437    0.5472539142295365    0.10882160929061455    0.6500631781754611    2.006125510690413    3.0984020196726565    3.5071971691349506    3.4995118688017977    
3.205102537063294    2.636932031202179    2.0782976951983785    1.691018117518218    0.6719770095759309    0.02712271038108348    0.3056916818026607    1.1753307137906814    1.4101021767019286    1.350417267119931    2.105537780825645    3.5861041844434665    5.035313484367279    4.850286507755114    4.060202713288534    3.551738322712251    2.8799693776425723    1.6766840359287365    0.5505341973595735    0.10841655807753443    0.6496865283755814    2.0089903307941155    3.106704596876951    3.5172684781626367    3.508938662220586    
3.2138705085319237    2.645209978854437    2.0856416226477643    1.698858254845861    0.6754771084003657    0.02762552117878606    0.3061970007547505    1.1781409986177656    1.4104863268816146    1.3481943028688925    2.102428748833658    3.585359120737102    5.041530829762601    4.8595096520857775    4.068910121945178    3.560592144123515    2.8879940777130524    1.6850611908688644    0.5534226365362207    0.1079132551033753    0.6492942129950009    2.0115409503884942    3.114521788109169    3.5283488356628587    3.518592634259338    
3.2235543617403937    2.65443950791499    2.094342529040617    1.707261999615013    0.6794885566710217    0.028988165228120234    0.307364040344366    1.1814121474442878    1.412068946271214    1.3469858451785663    2.10018730687201    3.584223322236279    5.043108008321388    4.87210565266333    4.080889338314623    3.5722815703931783    2.897823652978394    1.694217101118423    0.5569617070953    0.10834640086255842    0.6501858765575299    2.015066748229053    3.1237114462239397    3.5405891512265435    3.52981491658503    
3.2359148279326795    2.666380239323987    2.1055534342641535    1.71806661710314    0.6856839411630489    0.0325989006596217    0.3108167102100003    1.187193597518063    1.4163586552249456    1.349010949803299    2.1017824432662247    3.586226878574497    5.0485990705527595    4.883165464122165    4.09341020927111    3.5856167822047422    2.909487296123648    1.7052407379764958    0.5628275466106822    0.11149111839417371    0.653943846623581    2.0217115221833355    3.135936950391991    3.554959046321314    3.5426770179623674    
3.2500532624030165    2.6799861730281522    2.1185292095200627    1.7289770042634782    0.6914532528887464    0.035830397789607074    0.31383400446006354    1.1932706175413306    1.4208163043929707    1.3510602922597876    2.1031504803704    3.588374860807751    5.054773544820451    4.897466101746441    4.107436431315785    3.6000980703875847    2.9203418620765222    1.7155699494710288    0.5685001229522186    0.11469958387584366    0.6577253718140786    2.0280986811354476    3.148185550030209    3.5712479708766844    3.5576915342572915    
3.2634740366298125    2.692308458416542    2.13027710976294    1.7397268034882498    0.6970575591856913    0.038846938275385316    0.31680079679577694    1.199200540513995    1.4256289122642232    1.353251170654363    2.1050515353123203    3.5921559171037893    5.063191426079442    4.908950721271587    4.1197709619727485    3.61321943146799    2.9322182389327556    1.7256436813925398    0.5737798565828593    0.11772951076406357    0.6615587542949782    2.0343705406356696    3.1600002495380197    3.584694036478835    3.5717011918031627    
3.2735406406242706    2.7027217623016813    2.1409991960829746    1.7498076030980378    0.7026374280106475    0.04183388136892549    0.3196779696283577    1.2045833405952238    1.4296612401972995    1.3553026146753142    2.106661432053933    3.594290937429505    5.072787171158311    4.923145689844606    4.134802828777394    3.6285779071311848    2.9429514056706965    1.7348343690619248    0.57871501909886    0.12067959766464444    0.6653283686484426    2.040690364522196    3.170521306740969    3.596607892233284    3.5823059348923065    
