0.17734351202573345    0.3994418116093064    0.9542753271308204    1.5361326121250216    1.905177976285422    2.652019670173369    2.1685797561954776    2.318402389111722    1.9970760732860704    1.4919524932440191    0.8586855333715009    0.3258273771481492    0.28509819354264637    0.41672301363207404    0.8092712638886237    1.4919524932440191    1.7894303240207337    2.10576837476271    2.652019670173369    2.10576837476271    1.9970760732860704    1.3098964814811531    0.7958738559773673    0.3258273771481492    0.19642225312609157    
0.22152853740205303    0.6789982815680181    1.4798831909211776    2.532683010407357    3.432345733856807    3.9174770378831454    4.007190526050124    3.626978190624645    2.895893558831265    1.9843570298181514    1.2308797774659705    0.6139237854988773    0.24210175678656864    0.49112830078483605    1.3371688440909828    2.4644211172435493    3.143782009154467    3.2087082433802006    3.1656393153127134    3.295904108631792    2.9786925325195703    1.9566594370875798    1.0222659024671508    0.4191462002882213    0.11806302007940132    
0.2296908707665162    0.6907748188922472    1.519752699030091    2.6517811541327894    3.6554458535534136    4.173618568186945    4.24004055095207    3.8045376450717066    3.039158510425181    2.108928552352731    1.3226040927568463    0.6350119838133448    0.23246050639565144    0.5006472445080897    1.3936564116075654    2.5753226637416926    3.3502898678675317    3.4458408440250903    3.4032480674280206    3.500378016027616    3.0708428836612707    2.008006796763767    1.0561985967075322    0.4340165085958582    0.12445748663640108    
0.23402982899004607    0.6982073037519246    1.5384688678682772    2.708811214674535    3.772922557094981    4.333247993852974    4.401215834040482    3.949185382924438    3.1662215624482077    2.220473967492179    1.3992789803534238    0.6508736545547789    0.22594532221008665    0.5059934464057073    1.4271530975015279    2.6426034314420375    3.46176119017954    3.5914664497597095    3.555960997857982    3.627911647119988    3.1228078998173223    2.0479897031542467    1.0865822849822777    0.44561882448978596    0.12666971844284267    
0.24187480137285636    0.7067823448422587    1.552457253501342    2.749671491698896    3.855827211079621    4.453821784571128    4.536141557081406    4.062725764465355    3.262122046581711    2.3126520366827186    1.4591249846245378    0.6578623917677934    0.2168609759007904    0.5048646759456611    1.4455954747717907    2.6869905895153527    3.540190431863804    3.6825674264626147    3.6466898624987256    3.7006699119571946    3.1594799805284124    2.0762308777793623    1.1088829385719254    0.4560179004377968    0.1319847846471344    
0.2484344623691031    0.7130886737442117    1.562497852957571    2.7731601990269503    3.9130428171480953    4.541392386226969    4.641348376330491    4.158419992752325    3.338965319610232    2.3832582754629104    1.500738818614612    0.6591683854506334    0.20742029308328588    0.5038255854212035    1.4635052080551814    2.728768770571144    3.6199257454526554    3.785623945521357    3.752486535525815    3.785025032463708    3.19375509014461    2.099226083429307    1.1267594403812111    0.4640932868796381    0.13627302664183305    
0.25587136411787553    0.720025452010986    1.5730902832653624    2.797625713167289    3.967002187792977    4.627540024275076    4.732908998306632    4.234675672570173    3.403545887739882    2.4431756435415384    1.5360165652342048    0.6596999222830132    0.1985412508393931    0.5015504130379991    1.4790067216671565    2.7641973655611385    3.691353883890378    3.8822159664101363    3.8522771975815466    3.859816423973165    3.2167640779807067    2.114471313168414    1.1388141198054413    0.47062304396588583    0.14135070800723062    
0.26280065091350474    0.7273786918101536    1.5824883594247414    2.8167602517501455    4.005893083244175    4.687271879788524    4.802198975290003    4.2896531330328695    3.450171123313225    2.4879856963762306    1.561049360929992    0.6568969919516711    0.1892181689871578    0.49843525071187483    1.4917235130557474    2.794354560257099    3.7453574801823915    3.9583182917754973    3.931645383350116    3.918559239026435    3.2358056091641485    2.127137352906322    1.1496169701837753    0.47625083243670563    0.1460377568077129    
0.26956096375156463    0.7338225729546256    1.590273250097966    2.831762231924615    4.035674626882359    4.735436484698413    4.8604325651990505    4.3410269785958455    3.4956533437226143    2.529747855037771    1.5841491185386778    0.6537277014293459    0.17988364963126655    0.4938643233120004    1.5006832323381427    2.818363813228403    3.7918925087306254    4.023502416574358    3.9987331844332017    3.9691010665361643    3.251918468567287    2.1392731023785845    1.1598271864912408    0.48216818904339376    0.15079700390392348    
0.2769763160860427    0.7400271108093481    1.5966379847676395    2.843777966371326    4.063131740326602    4.780842450652674    4.915454753769041    4.3939556267919535    3.5376034709919053    2.564810049169481    1.6005205860131553    0.6494518911090268    0.17097008583604628    0.4892428723362214    1.5074544957693417    2.8395674856578226    3.8344172016460956    4.083204011407286    4.061649034239464    4.012850654432577    3.2666765452378224    2.1515514984179336    1.1699337904480753    0.48891423340436063    0.15682030889170057    
0.28451382843317846    0.7470002745501413    1.604134216225805    2.8575953227915445    4.090718077601706    4.824045775889988    4.95862918813441    4.432215227367178    3.5676653902682935    2.5917031565136432    1.612282101410374    0.6430570596006941    0.16139116097258727    0.48382771106463757    1.5127242820970983    2.8568057967286555    3.8700232451065224    4.13705222072862    4.118368766300651    4.051471616317125    3.278940227451775    2.162444342088735    1.1802825736333935    0.4958599846498761    0.16278278331717133    
0.29143951878675384    0.7519415120169725    1.6084009064644846    2.8656974672911453    4.10954437467542    4.853417007178897    4.998407776989751    4.470650910982366    3.601953910383244    2.621058161352095    1.6251323018648534    0.6377275579914912    0.15263779453430684    0.47875319526170607    1.518016983112637    2.8728400351624    3.895937826054807    4.173473888733503    4.155126765491337    4.077272922865267    3.2895787554447313    2.172428816804156    1.1891138144640623    0.502234201346018    0.16888033020162496    
0.29787457045787624    0.7579959773666471    1.6145689871052256    2.8762789815186647    4.131015925407129    4.882836914857367    5.037323257807877    4.505736305048023    3.6359153973241884    2.6510391751783557    1.6370493775139385    0.6322362130251323    0.14381723191087892    0.47335540028522444    1.5224271982861606    2.8888720756320243    3.926610721088682    4.212374201867634    4.193957485418472    4.104965954923166    3.299022120218633    2.1804204232452506    1.197207720383394    0.5077372614108489    0.1738495652819903    
0.30427957226048086    0.7630787571063183    1.619156335461129    2.8839115950864613    4.144860063188954    4.909843282102284    5.0734927762965265    4.5363256279672886    3.6651418909458435    2.677941970275597    1.6485124000003886    0.6273600152969214    0.13582565023771948    0.46835868814409143    1.5264461002830274    2.903891078863512    3.954277992571143    4.250149705736668    4.232366297116169    4.133887591716683    3.308524033279479    2.187423633418759    1.2044629034267524    0.5135929844184298    0.1795529354697845    
0.310957703179924    0.7688733191037164    1.6251195504337246    2.8930458515667055    4.159564737911547    4.93272737005692    5.102091392870169    4.565098039504695    3.688186705410919    2.6997555273493776    1.6566171286333493    0.6217529813975518    0.12792526579146551    0.463555250753875    1.5307443064003627    2.9179716526865924    3.977581971236728    4.283188611261999    4.2661516093560845    4.15731490645892    3.3175025903293793    2.195074294582131    1.2116733402629767    0.5191181228985149    0.18504320344195893    
0.3177104689754877    0.7751042741966442    1.6313753642295994    2.902654117862511    4.174748151184418    4.957079620349574    5.134075861901768    4.593277937913765    3.7126309258340715    2.7201461299623713    1.6636193563507107    0.6164146847141327    0.12060864523286903    0.4589800544389792    1.5344516394475245    2.9319421087154733    4.002502377149243    4.319589627842447    4.30278440669774    4.181736264998375    3.3243099731681474    2.2005996563751475    1.2175121101367101    0.5238532558829174    0.19031401356098543    
0.32521662688574693    0.7816641773351276    1.6375198599371883    2.911164582752996    4.18916395935961    4.981076158167476    5.161734843097996    4.621872225269708    3.7370202473106153    2.741120567097805    1.6710099033855375    0.6119181242505041    0.11432676162485336    0.45526015905091366    1.5378261580694919    2.9443383641847145    4.023014998703931    4.3505971781585995    4.337178154731347    4.203423950609484    3.3309554023393284    2.207932659121681    1.2249169546404168    0.529866600714207    0.1966486399600556    
0.3350598538578482    0.7903618851081836    1.645596442891364    2.9213941962941545    4.205156657936177    5.008134714698368    5.193410860094644    4.6505419603518705    3.7633402655265136    2.7643038339817623    1.6806190918540191    0.610073360197031    0.11116892037208871    0.4544935928617136    1.543367368696723    2.9585991341544364    4.047337818911725    4.383818078542167    4.371517382897737    4.225997518469663    3.338874811989649    2.216992545196633    1.2342214008309134    0.5379626186438538    0.2052836314751494    
0.34448094561468834    0.798391851374546    1.6524535447454862    2.9281755154568296    4.214055849373331    5.025348478244815    5.21847136017013    4.675637738637722    3.7867353610812224    2.785421307600414    1.6894873541987512    0.6084385257978838    0.10841608780052629    0.45412818120144277    1.5491372315350187    2.9726739100980892    4.070908411445321    4.415570377652005    4.404024103882261    4.246813625696482    3.347134643135595    2.224896047517186    1.242260481680218    0.5455577432340764    0.2137573621687997    
0.35386590753371955    0.8065918522727423    1.6600968043270836    2.9372663391258858    4.227280781882048    5.045788135950092    5.242855896335729    4.6997312527940505    3.8070039417691084    2.8034207706636747    1.6965530875439636    0.6066706404448963    0.10576206143630008    0.4535789211039022    1.55392857480539    2.984583416953679    4.088558327365446    4.436854310559513    4.423317033124933    4.261247528289246    3.354034992973791    2.2321478776518755    1.2500396802513467    0.5529168953437795    0.22209589941013508    
0.36270964733946204    0.814305252623468    1.6671552885897751    2.946452879026399    4.242482623726347    5.067717027751516    5.269438816165576    4.7220648521395026    3.8276827923568217    2.8212117017682985    1.703472326608697    0.6050363677815392    0.1032041067486901    0.45306969836683225    1.5587740938168841    2.9964129181644745    4.104741331485808    4.452619967382266    4.438227729450895    4.274684128608692    3.3614013539010124    2.2397985199569233    1.2580231131762372    0.5602855970776629    0.23012866426358403    
