0.032232704312271376    0.4273374136915155    1.1583324602095013    2.4103001293752837    9.37938538287258    9.37938538287258    9.37938538287258    3.4784503027052316    9.37938538287258    2.10576837476271    1.0681747063821558    0.27950040820362426    0.0    0.15432289968274582    0.9125688513460384    1.6634566518051048    3.0652387320106103    3.4784503027052316    9.37938538287258    2.652019670173369    2.823521688322821    2.318402389111722    1.342129146850969    0.576651190589742    0.10245021541030713    
0.0847705211988554    0.7581364562542757    2.0042514031901515    3.6459972269575993    5.3777853789389445    6.729967175548765    7.146339196678487    6.80163370628357    4.709519806084973    2.864579886804838    1.4735192333460168    0.4853929328301573    0.08844423958284538    0.3427196828515779    1.194698800338459    2.521979196342567    4.151233648795702    5.12735531716468    5.1503210612180785    5.011755360401946    4.6710601614323695    3.7201569987316896    2.1324707644907432    0.8152138093368223    0.09894638105867197    
0.08980903483780164    0.7911650458327596    2.0888445617656384    3.7804666717207587    5.571920302595081    6.95890865866716    7.440795429542003    6.996275571555268    4.7851055925831725    2.8979957488472663    1.4923746592299396    0.5002811654546947    0.10707773582757282    0.3744365565847513    1.250766285763692    2.6136524814144853    4.301430305884873    5.326088125098463    5.320359999979448    5.1901593370932195    4.853882850202874    3.8098202522687212    2.155046706831747    0.8202511208589165    0.09813981844960654    
0.0911726931133281    0.8091679250704504    2.1415790712980476    3.8725319439196535    5.69988054975448    7.0949333945918625    7.5472838754863245    7.044880594221982    4.784220260037085    2.897866774983741    1.5003926662494116    0.5118952049599662    0.12155072040704937    0.39596254878486914    1.288829161577647    2.676740209302952    4.403933653029738    5.442501188254184    5.428665947317064    5.304000038575817    4.977560784455136    3.8591769226160197    2.169835368190057    0.8246823729767928    0.09682775917984532    
0.09191860553560674    0.8208152584257163    2.1773081996157932    3.941618257197205    5.808804000262017    7.246211600790816    7.719277517214119    7.069697334985001    4.791964078489402    2.895680482541936    1.5042243407440072    0.519528960668967    0.13211350782934045    0.4118738036537539    1.3175030680572506    2.7253976502061095    4.476892415000859    5.544027327938856    5.5337309968466455    5.4103022842459065    5.0745108681386135    3.8859794982266953    2.1801106519483016    0.8298457256818128    0.09661612145569495    
0.09111422131823173    0.8282938227036103    2.203374364227227    3.9964672599671607    5.868770768651499    7.289144639633478    7.763583473838969    7.1193052321747885    4.7906861628053745    2.8992860860957377    1.509082461434855    0.5260675728461665    0.1403619239014688    0.4236272375301416    1.3364965512971965    2.7578041967181464    4.53008907718895    5.616041304252631    5.598969195882165    5.479127281720498    5.125324127395067    3.8968321751102324    2.1862131194339187    0.8325882949653907    0.09523539730091184    
0.09043183009726188    0.8340472238971498    2.2234015968222853    4.035459744698107    5.925187052889058    7.349059912429765    7.831948377426312    7.162696214397787    4.786425295252132    2.897364851453713    1.5126567160188393    0.5322854248092399    0.14802288264181876    0.433470104026759    1.3528189999037388    2.786866557229109    4.576494613541748    5.644949740849966    5.611051685839392    5.490325621440483    5.138878420745294    3.9012600756899034    2.1906458379629163    0.8345582087789858    0.09414287137727814    
0.08912254891928614    0.8378207677767151    2.2391205279225446    4.068384188955238    5.961263053369956    7.380021862162081    7.8931503753363526    7.189172041438267    4.785399292219567    2.895189125499796    1.5164095600099508    0.5378959072762138    0.15399348419869746    0.4404543981159927    1.363573719275464    2.8062387496460515    4.611543368674509    5.719504847854282    5.688113101200985    5.558994391417999    5.1933429593223215    3.9110273638423467    2.1939480930531143    0.8360417655956112    0.092763535993522    
0.08766106625192288    0.8404700722767187    2.2530502044786638    4.100372777215608    6.011122256472608    7.453950812039375    7.966126345350075    7.220259370899593    4.782282991947651    2.8941912701269024    1.5195214293783044    0.5427516937018384    0.15913243405633457    0.44635797972061364    1.3720582383151123    2.8213443073437663    4.641233807760873    5.7710619110729136    5.7451016642060315    5.618158089008125    5.241800134465804    3.9183246796155617    2.1973371908055905    0.8372322053378227    0.09148564115390795    
0.08669622684447766    0.842881702131705    2.2640806342945927    4.123783123615915    6.04643978653248    7.51541667819231    7.975106831626019    7.2193758439328    4.783858375570368    2.89476634173188    1.5229610009311405    0.5471383961653721    0.16401245702882686    0.45177763790329484    1.3795079803857528    2.8328104826874174    4.663278211504264    5.827695192931591    5.8106215140917445    5.681755650329989    5.286849017463216    3.9231400920708004    2.200137104564044    0.8386608833425553    0.09101912831037214    
0.08541351371532166    0.8443289763924116    2.274269757846365    4.147196368211946    6.080543893201189    7.569930496891229    8.035265998165084    7.244230991586987    4.782348558629761    2.894576739125137    1.5249899128738829    0.5508139315346255    0.168190343832195    0.456450403401821    1.3860538460900076    2.843709373540909    4.683169742741528    5.87245098227749    5.868871295095346    5.736658287054862    5.324589920666669    3.928150143122078    2.2021552178362076    0.8399764497942651    0.09033048313957905    
0.08436194409090988    0.8457174115887913    2.282929371079743    4.166936857052402    6.1169366941758145    7.615302619320404    8.089264344627892    7.2525546383375845    4.78449240620877    2.8957167281258025    1.5280355776321763    0.5545901395121374    0.17180095496502665    0.4600167793846101    1.3906130943878057    2.8510126837702368    4.6978921948923755    5.907075123523614    5.895769973996588    5.767960433644113    5.346292992189901    3.929563780260964    2.203626682681211    0.8412508832128464    0.08981278144253346    
0.08310998756681379    0.8465010770577559    2.290663658260877    4.1869415428782    6.151610728248913    7.666271387936603    8.137875032590351    7.252719557034726    4.787135879874744    2.896110083937791    1.5294204581346122    0.557491798225903    0.17495819359718334    0.46292404947301885    1.3945599896212106    2.8593058658237123    4.711655958928628    5.942146875009598    5.939106472745002    5.808449642077192    5.372259241197456    3.9297311128716252    2.204575104180657    0.8419391005999267    0.08904643196029635    
0.08236873866881299    0.8476206758502021    2.2974886012964606    4.202611625339594    6.167424295300605    7.6580494989222005    8.138448545295228    7.265456217574586    4.780702889705244    2.892236412853766    1.5305598244791292    0.560481471581955    0.1779790591695304    0.4659260785156611    1.3987486927293102    2.867139834931178    4.725141442856164    5.9784990846124035    5.986156273333507    5.852766704119524    5.39619709705682    3.9295567125986226    2.2051756965002434    0.8427384652751286    0.08864608158727245    
0.08164379593291805    0.8484471029253748    2.3035046221919906    4.219734595298348    6.193212003866463    7.701573187733995    8.165881448785964    7.275577140224466    4.7745704214347375    2.888239543273466    1.5310372150677414    0.5630104466169469    0.1808025522763501    0.46901168123449843    1.4028928690991262    2.8746263930159235    4.735882264573523    6.002097502204208    5.9985009779951435    5.863389921460758    5.400797734534053    3.925137308141188    2.2056812612122605    0.8434640475122562    0.08822523908362549    
0.08090937432577487    0.8491587374503371    2.3091395742634377    4.232040577723958    6.217749749347023    7.741988569334493    8.204228882438645    7.266324138964925    4.768722291969696    2.884641814455667    1.531940039145047    0.5658875207380707    0.18365560489051208    0.47168096720571695    1.4064891064675138    2.8808427012601086    4.747258757005888    6.0325724198535875    6.030311260374529    5.895705872122785    5.4207374588367    3.9252888167982367    2.2057968248222197    0.8437784588228086    0.08776599154682642    
0.08098851844788815    0.8503331000033229    2.3149109925969427    4.247055083110403    6.243183994837455    7.779189282330491    8.24077343960545    7.262537333039917    4.765430619668637    2.882857977226285    1.533405450360953    0.5695534863169974    0.1873183159061783    0.4751141982923764    1.4102964476395223    2.8868525436838803    4.756973260717825    6.058838827197397    6.067716055824832    5.933075299558314    5.439306109995961    3.9260123408541627    2.2072100567429294    0.8451770407070481    0.08836196295618465    
0.08367712810860929    0.8539539351690802    2.3231401064739705    4.263104131876501    6.265098780863313    7.81792020432582    8.277470539036235    7.276004003988629    4.767564772179306    2.8827120855215185    1.5376774005051035    0.5757684515884414    0.19329348202400484    0.48061593507242645    1.4160072541547029    2.894410792906399    4.771456642222764    6.088562762119516    6.093962511697246    5.956554007963973    5.454583640996656    3.928184140176616    2.2107378887164995    0.849238743392478    0.09158854727968667    
0.0863077493960155    0.857440042380966    2.330893031846446    4.27820037146199    6.288225452395338    7.849595528511617    8.311951075312159    7.285998067858267    4.768626626891205    2.8869399080822378    1.5427512716078289    0.5815415602532119    0.1988268426534401    0.4858460244132827    1.4214303619070634    2.901564931780674    4.780040377082794    6.112317098909845    6.120672828583327    5.979155705155109    5.4649634878119935    3.928269624729042    2.214364207967948    0.8532077366627859    0.09479277243679028    
0.08875780815037455    0.8605424130149453    2.337516756118599    4.291382464900303    6.311187746994711    7.876632337618419    8.315559989439732    7.289438097865517    4.77063535745782    2.8902283701428106    1.5474945369022421    0.5869976846831397    0.2042287453346401    0.4911242302895661    1.427138571912783    2.909332251719583    4.790859107994279    6.134557829852367    6.15466487276745    6.011192539346822    5.481690651630359    3.930969417012632    2.2179591691434686    0.8570903040787048    0.09783243145809638    
0.09118261756521726    0.8635529093486238    2.343834527435619    4.3032075915599926    6.324493984530015    7.864604052722384    8.316367775189786    7.294924362775685    4.775225453425528    2.8927946649328105    1.5521964492670133    0.5925108192619113    0.20950277241715137    0.4960176460321004    1.4324132389401707    2.916074518536424    4.803004556345771    6.161258744864991    6.187854896334345    6.04378851667811    5.494405050343607    3.931320904852875    2.2205061261766548    0.8603900341340495    0.10070503282272308    
