-3.141592653589793116e+00 -3.141592653589793116e+00 4.742778579562542340e+00
-3.141592653589793116e+00 -2.932153143350473723e+00 4.263878878815621221e+00
-3.141592653589793116e+00 -2.722713633111154330e+00 3.848504754881467704e+00
-3.141592653589793116e+00 -2.513274122871834493e+00 3.654457626040125362e+00
-3.141592653589793116e+00 -2.303834612632515100e+00 3.513394809601008362e+00
-3.141592653589793116e+00 -2.094395102393195707e+00 3.301558572607101283e+00
-3.141592653589793116e+00 -1.884955592153875870e+00 2.983891800723698307e+00
-3.141592653589793116e+00 -1.675516081914556921e+00 2.698576480353054752e+00
-3.141592653589793116e+00 -1.466076571675237084e+00 2.630580113006342202e+00
-3.141592653589793116e+00 -1.256637061435917246e+00 2.916792930732964084e+00
-3.141592653589793116e+00 -1.047197551196598297e+00 3.622373251791117799e+00
-3.141592653589793116e+00 -8.377580409572784603e-01 4.680703605364854525e+00
-3.141592653589793116e+00 -6.283185307179586232e-01 5.863864620130750716e+00
-3.141592653589793116e+00 -4.188790204786396743e-01 6.806040742032365642e+00
-3.141592653589793116e+00 -2.094395102393198371e-01 7.215833146167196510e+00
-3.141592653589793116e+00 0.000000000000000000e+00 7.154802795301160145e+00
-3.141592653589793116e+00 2.094395102393195318e-01 7.154802795301160145e+00
-3.141592653589793116e+00 4.188790204786390636e-01 7.159760404128401312e+00
-3.141592653589793116e+00 6.283185307179586232e-01 6.323747135765430016e+00
-3.141592653589793116e+00 8.377580409572781273e-01 4.640038668917751963e+00
-3.141592653589793116e+00 1.047197551196597631e+00 3.191010012923883199e+00
-3.141592653589793116e+00 1.256637061435917246e+00 2.546703128863179177e+00
-3.141592653589793116e+00 1.466076571675236861e+00 2.677144156278285170e+00
-3.141592653589793116e+00 1.675516081914556255e+00 3.232339327893163361e+00
-3.141592653589793116e+00 1.884955592153875870e+00 4.042473320911339485e+00
-3.141592653589793116e+00 2.094395102393195263e+00 5.188278416643776758e+00
-3.141592653589793116e+00 2.303834612632514656e+00 6.339571128008325118e+00
-3.141592653589793116e+00 2.513274122871834049e+00 6.577062047279904178e+00
-3.141592653589793116e+00 2.722713633111153886e+00 6.288668942704161324e+00
-3.141592653589793116e+00 2.932153143350473279e+00 5.850564767443633407e+00
-3.141592653589793116e+00 3.141592653589792672e+00 5.310320887101258158e+00
-2.932153143350473723e+00 -3.141592653589793116e+00 5.100562420667828611e+00
-2.932153143350473723e+00 -2.932153143350473723e+00 4.680159078417834628e+00
-2.932153143350473723e+00 -2.722713633111154330e+00 4.293383487035928425e+00
-2.932153143350473723e+00 -2.513274122871834493e+00 4.110891022900008629e+00
-2.932153143350473723e+00 -2.303834612632515100e+00 4.008660546689999826e+00
-2.932153143350473723e+00 -2.094395102393195707e+00 3.832416846129293564e+00
-2.932153143350473723e+00 -1.884955592153875870e+00 3.542393958722004133e+00
-2.932153143350473723e+00 -1.675516081914556921e+00 3.270047570298225459e+00
-2.932153143350473723e+00 -1.466076571675237084e+00 3.171127998201692666e+00
-2.932153143350473723e+00 -1.256637061435917246e+00 3.397933399582814928e+00
-2.932153143350473723e+00 -1.047197551196598297e+00 4.070431916081750146e+00
-2.932153143350473723e+00 -8.377580409572784603e-01 5.176497919730394415e+00
-2.932153143350473723e+00 -6.283185307179586232e-01 6.434463702464976897e+00
-2.932153143350473723e+00 -4.188790204786396743e-01 7.438707910273702595e+00
-2.932153143350473723e+00 -2.094395102393198371e-01 7.844021216327861090e+00
-2.932153143350473723e+00 0.000000000000000000e+00 7.989926000049925037e+00
-2.932153143350473723e+00 2.094395102393195318e-01 7.989926000049925037e+00
-2.932153143350473723e+00 4.188790204786390636e-01 7.557012575108548624e+00
-2.932153143350473723e+00 6.283185307179586232e-01 6.567768705188582246e+00
-2.932153143350473723e+00 8.377580409572781273e-01 4.979319577975068079e+00
-2.932153143350473723e+00 1.047197551196597631e+00 3.553932371291919523e+00
-2.932153143350473723e+00 1.256637061435917246e+00 2.895848145532592621e+00
-2.932153143350473723e+00 1.466076571675236861e+00 3.014933261302175982e+00
-2.932153143350473723e+00 1.675516081914556255e+00 3.589514325449661758e+00
-2.932153143350473723e+00 1.884955592153875870e+00 4.443702198154571903e+00
-2.932153143350473723e+00 2.094395102393195263e+00 5.667882461425150176e+00
-2.932153143350473723e+00 2.303834612632514656e+00 6.775874744699168062e+00
-2.932153143350473723e+00 2.513274122871834049e+00 7.149886073695319588e+00
-2.932153143350473723e+00 2.722713633111153886e+00 6.738503928620040995e+00
-2.932153143350473723e+00 2.932153143350473279e+00 6.080904340747656178e+00
-2.932153143350473723e+00 3.141592653589792672e+00 5.506553360706806899e+00
-2.722713633111154330e+00 -3.141592653589793116e+00 5.412459938335899778e+00
-2.722713633111154330e+00 -2.932153143350473723e+00 5.034094752492920932e+00
-2.722713633111154330e+00 -2.722713633111154330e+00 4.698236075193419126e+00
-2.722713633111154330e+00 -2.513274122871834493e+00 4.483155331362616458e+00
-2.722713633111154330e+00 -2.303834612632515100e+00 4.387534968533727486e+00
-2.722713633111154330e+00 -2.094395102393195707e+00 4.212128686331574556e+00
-2.722713633111154330e+00 -1.884955592153875870e+00 3.918662057618868655e+00
-2.722713633111154330e+00 -1.675516081914556921e+00 3.643410450760573127e+00
-2.722713633111154330e+00 -1.466076571675237084e+00 3.536373437857147195e+00
-2.722713633111154330e+00 -1.256637061435917246e+00 3.757979474139970577e+00
-2.722713633111154330e+00 -1.047197551196598297e+00 4.468638699608011855e+00
-2.722713633111154330e+00 -8.377580409572784603e-01 5.599048054385143303e+00
-2.722713633111154330e+00 -6.283185307179586232e-01 6.842182333438650232e+00
-2.722713633111154330e+00 -4.188790204786396743e-01 7.791498098382677817e+00
-2.722713633111154330e+00 -2.094395102393198371e-01 8.297779264067179028e+00
-2.722713633111154330e+00 0.000000000000000000e+00 8.000029895790877532e+00
-2.722713633111154330e+00 2.094395102393195318e-01 8.000029895790877532e+00
-2.722713633111154330e+00 4.188790204786390636e-01 7.910325431917097028e+00
-2.722713633111154330e+00 6.283185307179586232e-01 6.920119918611706389e+00
-2.722713633111154330e+00 8.377580409572781273e-01 5.235207020549745849e+00
-2.722713633111154330e+00 1.047197551196597631e+00 3.733964291789752199e+00
-2.722713633111154330e+00 1.256637061435917246e+00 3.099638537529038729e+00
-2.722713633111154330e+00 1.466076571675236861e+00 3.284901967335501993e+00
-2.722713633111154330e+00 1.675516081914556255e+00 3.988778653187920131e+00
-2.722713633111154330e+00 1.884955592153875870e+00 4.988867138866047490e+00
-2.722713633111154330e+00 2.094395102393195263e+00 6.230407329640959446e+00
-2.722713633111154330e+00 2.303834612632514656e+00 7.196991683399292405e+00
-2.722713633111154330e+00 2.513274122871834049e+00 7.398373677711688856e+00
-2.722713633111154330e+00 2.722713633111153886e+00 7.044673557409891984e+00
-2.722713633111154330e+00 2.932153143350473279e+00 6.417024602721838278e+00
-2.722713633111154330e+00 3.141592653589792672e+00 5.833774299811834041e+00
-2.513274122871834493e+00 -3.141592653589793116e+00 5.804232702376939557e+00
-2.513274122871834493e+00 -2.932153143350473723e+00 5.269096909394415107e+00
-2.513274122871834493e+00 -2.722713633111154330e+00 4.923048484032023886e+00
-2.513274122871834493e+00 -2.513274122871834493e+00 4.689958433265126736e+00
-2.513274122871834493e+00 -2.303834612632515100e+00 4.569409376139392798e+00
-2.513274122871834493e+00 -2.094395102393195707e+00 4.417448027299700541e+00
-2.513274122871834493e+00 -1.884955592153875870e+00 4.156182893688924018e+00
-2.513274122871834493e+00 -1.675516081914556921e+00 3.851092497201986209e+00
-2.513274122871834493e+00 -1.466076571675237084e+00 3.691935498643569513e+00
-2.513274122871834493e+00 -1.256637061435917246e+00 3.922740257790504170e+00
-2.513274122871834493e+00 -1.047197551196598297e+00 4.700142631957767492e+00
-2.513274122871834493e+00 -8.377580409572784603e-01 5.874145934238277356e+00
-2.513274122871834493e+00 -6.283185307179586232e-01 7.294656686917162958e+00
-2.513274122871834493e+00 -4.188790204786396743e-01 7.773807516636718873e+00
-2.513274122871834493e+00 -2.094395102393198371e-01 8.791717573870744928e+00
-2.513274122871834493e+00 0.000000000000000000e+00 8.169823634743188734e+00
-2.513274122871834493e+00 2.094395102393195318e-01 8.169823634743188734e+00
-2.513274122871834493e+00 4.188790204786390636e-01 7.951140463136930236e+00
-2.513274122871834493e+00 6.283185307179586232e-01 7.042624926827347309e+00
-2.513274122871834493e+00 8.377580409572781273e-01 5.339555863040059691e+00
-2.513274122871834493e+00 1.047197551196597631e+00 3.813090662688898735e+00
-2.513274122871834493e+00 1.256637061435917246e+00 3.227452960947139626e+00
-2.513274122871834493e+00 1.466076571675236861e+00 3.483903640234178756e+00
-2.513274122871834493e+00 1.675516081914556255e+00 4.343444869835278332e+00
-2.513274122871834493e+00 1.884955592153875870e+00 5.445985025860356821e+00
-2.513274122871834493e+00 2.094395102393195263e+00 6.778495206728640810e+00
-2.513274122871834493e+00 2.303834612632514656e+00 7.333339167392155744e+00
-2.513274122871834493e+00 2.513274122871834049e+00 7.717307197045004230e+00
-2.513274122871834493e+00 2.722713633111153886e+00 7.308870113537706992e+00
-2.513274122871834493e+00 2.932153143350473279e+00 6.731181569881231397e+00
-2.513274122871834493e+00 3.141592653589792672e+00 6.264067066602732936e+00
-2.303834612632515100e+00 -3.141592653589793116e+00 5.959146577070517203e+00
-2.303834612632515100e+00 -2.932153143350473723e+00 5.342205595508862537e+00
-2.303834612632515100e+00 -2.722713633111154330e+00 4.859903838174666646e+00
-2.303834612632515100e+00 -2.513274122871834493e+00 4.589302908500399347e+00
-2.303834612632515100e+00 -2.303834612632515100e+00 4.480465496477402887e+00
-2.303834612632515100e+00 -2.094395102393195707e+00 4.434903302429795247e+00
-2.303834612632515100e+00 -1.884955592153875870e+00 4.274503181806495355e+00
-2.303834612632515100e+00 -1.675516081914556921e+00 4.050876274052639836e+00
-2.303834612632515100e+00 -1.466076571675237084e+00 3.897846674368889097e+00
-2.303834612632515100e+00 -1.256637061435917246e+00 4.071460351087078600e+00
-2.303834612632515100e+00 -1.047197551196598297e+00 4.729941367983311551e+00
-2.303834612632515100e+00 -8.377580409572784603e-01 5.721815308511579268e+00
-2.303834612632515100e+00 -6.283185307179586232e-01 6.756580042588412383e+00
-2.303834612632515100e+00 -4.188790204786396743e-01 7.777303885753044099e+00
-2.303834612632515100e+00 -2.094395102393198371e-01 8.543676854180684899e+00
-2.303834612632515100e+00 0.000000000000000000e+00 8.020766401006198976e+00
-2.303834612632515100e+00 2.094395102393195318e-01 8.020766401006198976e+00
-2.303834612632515100e+00 4.188790204786390636e-01 7.910325431917077488e+00
-2.303834612632515100e+00 6.283185307179586232e-01 7.010769540833206470e+00
-2.303834612632515100e+00 8.377580409572781273e-01 5.364205705558553916e+00
-2.303834612632515100e+00 1.047197551196597631e+00 3.916989920309102313e+00
-2.303834612632515100e+00 1.256637061435917246e+00 3.356860840799502199e+00
-2.303834612632515100e+00 1.466076571675236861e+00 3.598913461822843107e+00
-2.303834612632515100e+00 1.675516081914556255e+00 4.415349926327119867e+00
-2.303834612632515100e+00 1.884955592153875870e+00 5.645285099314071076e+00
-2.303834612632515100e+00 2.094395102393195263e+00 6.810180715932593998e+00
-2.303834612632515100e+00 2.303834612632514656e+00 7.671545624432463129e+00
-2.303834612632515100e+00 2.513274122871834049e+00 7.726896656195576973e+00
-2.303834612632515100e+00 2.722713633111153886e+00 7.749890787921551727e+00
-2.303834612632515100e+00 2.932153143350473279e+00 7.350228259570426026e+00
-2.303834612632515100e+00 3.141592653589792672e+00 6.651273017900708240e+00
-2.094395102393195707e+00 -3.141592653589793116e+00 5.704661636408824066e+00
-2.094395102393195707e+00 -2.932153143350473723e+00 5.039824039834237546e+00
-2.094395102393195707e+00 -2.722713633111154330e+00 4.547724990918754706e+00
-2.094395102393195707e+00 -2.513274122871834493e+00 4.256135686120990691e+00
-2.094395102393195707e+00 -2.303834612632515100e+00 4.164145893792476905e+00
-2.094395102393195707e+00 -2.094395102393195707e+00 4.174334792704178732e+00
-2.094395102393195707e+00 -1.884955592153875870e+00 4.208663453412892608e+00
-2.094395102393195707e+00 -1.675516081914556921e+00 4.131873581189045908e+00
-2.094395102393195707e+00 -1.466076571675237084e+00 4.069391296141709802e+00
-2.094395102393195707e+00 -1.256637061435917246e+00 4.199366783687267457e+00
-2.094395102393195707e+00 -1.047197551196598297e+00 4.605082365262543220e+00
-2.094395102393195707e+00 -8.377580409572784603e-01 5.307196413225842235e+00
-2.094395102393195707e+00 -6.283185307179586232e-01 6.237518637682018863e+00
-2.094395102393195707e+00 -4.188790204786396743e-01 7.145009570399898813e+00
-2.094395102393195707e+00 -2.094395102393198371e-01 7.602310647344306282e+00
-2.094395102393195707e+00 0.000000000000000000e+00 7.723683000403636534e+00
-2.094395102393195707e+00 2.094395102393195318e-01 7.723683000403636534e+00
-2.094395102393195707e+00 4.188790204786390636e-01 7.481970335022806395e+00
-2.094395102393195707e+00 6.283185307179586232e-01 6.705657859230348627e+00
-2.094395102393195707e+00 8.377580409572781273e-01 5.369804064815866695e+00
-2.094395102393195707e+00 1.047197551196597631e+00 3.952865129604278938e+00
-2.094395102393195707e+00 1.256637061435917246e+00 3.333529467386767919e+00
-2.094395102393195707e+00 1.466076571675236861e+00 3.459132910516331982e+00
-2.094395102393195707e+00 1.675516081914556255e+00 4.201453114831088520e+00
-2.094395102393195707e+00 1.884955592153875870e+00 5.469187041739719035e+00
-2.094395102393195707e+00 2.094395102393195263e+00 6.845111840434444872e+00
-2.094395102393195707e+00 2.303834612632514656e+00 7.434746815808139786e+00
-2.094395102393195707e+00 2.513274122871834049e+00 7.946464996964401450e+00
-2.094395102393195707e+00 2.722713633111153886e+00 7.989926000049925037e+00
-2.094395102393195707e+00 2.932153143350473279e+00 7.450751598451905267e+00
-2.094395102393195707e+00 3.141592653589792672e+00 6.657671883137295410e+00
-1.884955592153875870e+00 -3.141592653589793116e+00 5.299730843665392932e+00
-1.884955592153875870e+00 -2.932153143350473723e+00 4.641512533538356244e+00
-1.884955592153875870e+00 -2.722713633111154330e+00 4.140687004182996844e+00
-1.884955592153875870e+00 -2.513274122871834493e+00 3.829073495952560524e+00
-1.884955592153875870e+00 -2.303834612632515100e+00 3.725866148637917874e+00
-1.884955592153875870e+00 -2.094395102393195707e+00 3.793145239996579043e+00
-1.884955592153875870e+00 -1.884955592153875870e+00 3.926001079319972664e+00
-1.884955592153875870e+00 -1.675516081914556921e+00 3.977218781007371806e+00
-1.884955592153875870e+00 -1.466076571675237084e+00 3.989193284020586372e+00
-1.884955592153875870e+00 -1.256637061435917246e+00 4.065718284901855384e+00
-1.884955592153875870e+00 -1.047197551196598297e+00 4.339930227714906330e+00
-1.884955592153875870e+00 -8.377580409572784603e-01 4.931848373903389593e+00
-1.884955592153875870e+00 -6.283185307179586232e-01 5.831356347652687511e+00
-1.884955592153875870e+00 -4.188790204786396743e-01 6.698151694366344167e+00
-1.884955592153875870e+00 -2.094395102393198371e-01 7.081713456732940948e+00
-1.884955592153875870e+00 0.000000000000000000e+00 7.296219325269691858e+00
-1.884955592153875870e+00 2.094395102393195318e-01 7.296219325269691858e+00
-1.884955592153875870e+00 4.188790204786390636e-01 7.181302661402960474e+00
-1.884955592153875870e+00 6.283185307179586232e-01 6.407787185285872766e+00
-1.884955592153875870e+00 8.377580409572781273e-01 5.201227394745014720e+00
-1.884955592153875870e+00 1.047197551196597631e+00 3.878928860085161023e+00
-1.884955592153875870e+00 1.256637061435917246e+00 3.206761379344446272e+00
-1.884955592153875870e+00 1.466076571675236861e+00 3.242767300625832405e+00
-1.884955592153875870e+00 1.675516081914556255e+00 3.933514905691186669e+00
-1.884955592153875870e+00 1.884955592153875870e+00 5.116351424934639347e+00
-1.884955592153875870e+00 2.094395102393195263e+00 6.365928455859194202e+00
-1.884955592153875870e+00 2.303834612632514656e+00 7.325070721512332739e+00
-1.884955592153875870e+00 2.513274122871834049e+00 7.419160495166980063e+00
-1.884955592153875870e+00 2.722713633111153886e+00 7.501517687647046628e+00
-1.884955592153875870e+00 2.932153143350473279e+00 7.162254754870622797e+00
-1.884955592153875870e+00 3.141592653589792672e+00 6.214136910686996806e+00
-1.675516081914556921e+00 -3.141592653589793116e+00 4.925448933662218032e+00
-1.675516081914556921e+00 -2.932153143350473723e+00 4.323291223017734275e+00
-1.675516081914556921e+00 -2.722713633111154330e+00 3.798392616541979017e+00
-1.675516081914556921e+00 -2.513274122871834493e+00 3.443317043793365340e+00
-1.675516081914556921e+00 -2.303834612632515100e+00 3.293869016760669233e+00
-1.675516081914556921e+00 -2.094395102393195707e+00 3.299493064226465489e+00
-1.675516081914556921e+00 -1.884955592153875870e+00 3.418211085573816810e+00
-1.675516081914556921e+00 -1.675516081914556921e+00 3.543146848014051997e+00
-1.675516081914556921e+00 -1.466076571675237084e+00 3.650667164762236183e+00
-1.675516081914556921e+00 -1.256637061435917246e+00 3.785234121800968854e+00
-1.675516081914556921e+00 -1.047197551196598297e+00 4.061489055963133588e+00
-1.675516081914556921e+00 -8.377580409572784603e-01 4.609900539258926955e+00
-1.675516081914556921e+00 -6.283185307179586232e-01 5.469041013751565039e+00
-1.675516081914556921e+00 -4.188790204786396743e-01 6.381915746258515654e+00
-1.675516081914556921e+00 -2.094395102393198371e-01 6.885351327043277792e+00
-1.675516081914556921e+00 0.000000000000000000e+00 7.050862030114637413e+00
-1.675516081914556921e+00 2.094395102393195318e-01 7.050862030114637413e+00
-1.675516081914556921e+00 4.188790204786390636e-01 6.695860990779197941e+00
-1.675516081914556921e+00 6.283185307179586232e-01 6.049938434828106892e+00
-1.675516081914556921e+00 8.377580409572781273e-01 4.902065998978342165e+00
-1.675516081914556921e+00 1.047197551196597631e+00 3.704034812875945715e+00
-1.675516081914556921e+00 1.256637061435917246e+00 3.040134355919552167e+00
-1.675516081914556921e+00 1.466076571675236861e+00 3.016619577048868184e+00
-1.675516081914556921e+00 1.675516081914556255e+00 3.578668910130558878e+00
-1.675516081914556921e+00 1.884955592153875870e+00 4.532555651390201668e+00
-1.675516081914556921e+00 2.094395102393195263e+00 5.587983599407276181e+00
-1.675516081914556921e+00 2.303834612632514656e+00 6.559981694766747751e+00
-1.675516081914556921e+00 2.513274122871834049e+00 7.171068098013714476e+00
-1.675516081914556921e+00 2.722713633111153886e+00 6.972294794087601666e+00
-1.675516081914556921e+00 2.932153143350473279e+00 6.295930388764366725e+00
-1.675516081914556921e+00 3.141592653589792672e+00 5.613476038350572850e+00
-1.466076571675237084e+00 -3.141592653589793116e+00 4.496818203831413285e+00
-1.466076571675237084e+00 -2.932153143350473723e+00 4.014448674769329095e+00
-1.466076571675237084e+00 -2.722713633111154330e+00 3.546704898541442663e+00
-1.466076571675237084e+00 -2.513274122871834493e+00 3.163574926600867254e+00
-1.466076571675237084e+00 -2.303834612632515100e+00 2.944056811588008138e+00
-1.466076571675237084e+00 -2.094395102393195707e+00 2.869043076920595681e+00
-1.466076571675237084e+00 -1.884955592153875870e+00 2.895352291760451280e+00
-1.466076571675237084e+00 -1.675516081914556921e+00 2.976029344821042866e+00
-1.466076571675237084e+00 -1.466076571675237084e+00 3.135061541674794228e+00
-1.466076571675237084e+00 -1.256637061435917246e+00 3.378940492002102225e+00
-1.466076571675237084e+00 -1.047197551196598297e+00 3.747977748551112320e+00
-1.466076571675237084e+00 -8.377580409572784603e-01 4.353316655830885118e+00
-1.466076571675237084e+00 -6.283185307179586232e-01 5.249330070639172341e+00
-1.466076571675237084e+00 -4.188790204786396743e-01 6.168303170908191468e+00
-1.466076571675237084e+00 -2.094395102393198371e-01 6.757847108615180787e+00
-1.466076571675237084e+00 0.000000000000000000e+00 6.854733395373293625e+00
-1.466076571675237084e+00 2.094395102393195318e-01 6.854733395373293625e+00
-1.466076571675237084e+00 4.188790204786390636e-01 6.403221602656382849e+00
-1.466076571675237084e+00 6.283185307179586232e-01 5.639329805117816896e+00
-1.466076571675237084e+00 8.377580409572781273e-01 4.478591193417604366e+00
-1.466076571675237084e+00 1.047197551196597631e+00 3.312349478004482872e+00
-1.466076571675237084e+00 1.256637061435917246e+00 2.621293824933826677e+00
-1.466076571675237084e+00 1.466076571675236861e+00 2.521936967377489403e+00
-1.466076571675237084e+00 1.675516081914556255e+00 2.956996627999699534e+00
-1.466076571675237084e+00 1.884955592153875870e+00 3.775343582311327939e+00
-1.466076571675237084e+00 2.094395102393195263e+00 4.755942456964585396e+00
-1.466076571675237084e+00 2.303834612632514656e+00 5.793316992788601461e+00
-1.466076571675237084e+00 2.513274122871834049e+00 6.579878536523172450e+00
-1.466076571675237084e+00 2.722713633111153886e+00 6.393849511499705152e+00
-1.466076571675237084e+00 2.932153143350473279e+00 5.716484492739683176e+00
-1.466076571675237084e+00 3.141592653589792672e+00 5.055668788419713344e+00
-1.256637061435917246e+00 -3.141592653589793116e+00 4.127980833506877723e+00
-1.256637061435917246e+00 -2.932153143350473723e+00 3.688507393571811122e+00
-1.256637061435917246e+00 -2.722713633111154330e+00 3.301652892108726256e+00
-1.256637061435917246e+00 -2.513274122871834493e+00 2.976754456395219073e+00
-1.256637061435917246e+00 -2.303834612632515100e+00 2.739033380784500427e+00
-1.256637061435917246e+00 -2.094395102393195707e+00 2.594029897741890967e+00
-1.256637061435917246e+00 -1.884955592153875870e+00 2.503442235434856222e+00
-1.256637061435917246e+00 -1.675516081914556921e+00 2.489185811671499771e+00
-1.256637061435917246e+00 -1.466076571675237084e+00 2.584996668016665389e+00
-1.256637061435917246e+00 -1.256637061435917246e+00 2.844193554162257609e+00
-1.256637061435917246e+00 -1.047197551196598297e+00 3.344506735170972078e+00
-1.256637061435917246e+00 -8.377580409572784603e-01 4.123524675533815298e+00
-1.256637061435917246e+00 -6.283185307179586232e-01 5.070260899758380901e+00
-1.256637061435917246e+00 -4.188790204786396743e-01 5.981313669474300987e+00
-1.256637061435917246e+00 -2.094395102393198371e-01 6.597547239643444250e+00
-1.256637061435917246e+00 0.000000000000000000e+00 6.526791899450670620e+00
-1.256637061435917246e+00 2.094395102393195318e-01 6.526791899450670620e+00
-1.256637061435917246e+00 4.188790204786390636e-01 6.035793587756921319e+00
-1.256637061435917246e+00 6.283185307179586232e-01 5.220447794590421964e+00
-1.256637061435917246e+00 8.377580409572781273e-01 4.086607856394232741e+00
-1.256637061435917246e+00 1.047197551196597631e+00 2.892081631285845056e+00
-1.256637061435917246e+00 1.256637061435917246e+00 2.140682090142498328e+00
-1.256637061435917246e+00 1.466076571675236861e+00 1.966438505045292828e+00
-1.256637061435917246e+00 1.675516081914556255e+00 2.332422972998199562e+00
-1.256637061435917246e+00 1.884955592153875870e+00 3.106966006713042017e+00
-1.256637061435917246e+00 2.094395102393195263e+00 4.089047672006107526e+00
-1.256637061435917246e+00 2.303834612632514656e+00 5.153656116458757985e+00
-1.256637061435917246e+00 2.513274122871834049e+00 6.104383891298164500e+00
-1.256637061435917246e+00 2.722713633111153886e+00 6.007751271497189904e+00
-1.256637061435917246e+00 2.932153143350473279e+00 5.304032873102079826e+00
-1.256637061435917246e+00 3.141592653589792672e+00 4.648771016943451073e+00
-1.047197551196598297e+00 -3.141592653589793116e+00 3.853152359327913334e+00
-1.047197551196598297e+00 -2.932153143350473723e+00 3.383476591879935658e+00
-1.047197551196598297e+00 -2.722713633111154330e+00 3.044596624317485567e+00
-1.047197551196598297e+00 -2.513274122871834493e+00 2.802834566692064655e+00
-1.047197551196598297e+00 -2.303834612632515100e+00 2.624215618159723373e+00
-1.047197551196598297e+00 -2.094395102393195707e+00 2.449283306054042875e+00
-1.047197551196598297e+00 -1.884955592153875870e+00 2.249280767811740134e+00
-1.047197551196598297e+00 -1.675516081914556921e+00 2.080880242093352539e+00
-1.047197551196598297e+00 -1.466076571675237084e+00 2.041573163810103786e+00
-1.047197551196598297e+00 -1.256637061435917246e+00 2.233288496132177947e+00
-1.047197551196598297e+00 -1.047197551196598297e+00 2.774314240921258889e+00
-1.047197551196598297e+00 -8.377580409572784603e-01 3.690278090054179838e+00
-1.047197551196598297e+00 -6.283185307179586232e-01 4.759729016617572306e+00
-1.047197551196598297e+00 -4.188790204786396743e-01 5.671870161926367615e+00
-1.047197551196598297e+00 -2.094395102393198371e-01 6.236988955216546948e+00
-1.047197551196598297e+00 0.000000000000000000e+00 6.347802849426279259e+00
-1.047197551196598297e+00 2.094395102393195318e-01 6.347802849426279259e+00
-1.047197551196598297e+00 4.188790204786390636e-01 5.825885126740898201e+00
-1.047197551196598297e+00 6.283185307179586232e-01 4.937688157168033776e+00
-1.047197551196598297e+00 8.377580409572781273e-01 3.808834153089336372e+00
-1.047197551196598297e+00 1.047197551196597631e+00 2.614870219796752604e+00
-1.047197551196598297e+00 1.256637061435917246e+00 1.819531519009751408e+00
-1.047197551196598297e+00 1.466076571675236861e+00 1.595235029227268342e+00
-1.047197551196598297e+00 1.675516081914556255e+00 1.936988499205727354e+00
-1.047197551196598297e+00 1.884955592153875870e+00 2.736946858666451821e+00
-1.047197551196598297e+00 2.094395102393195263e+00 3.810662401866224958e+00
-1.047197551196598297e+00 2.303834612632514656e+00 4.941081152241285857e+00
-1.047197551196598297e+00 2.513274122871834049e+00 5.884168084048708280e+00
-1.047197551196598297e+00 2.722713633111153886e+00 5.856967653925138073e+00
-1.047197551196598297e+00 2.932153143350473279e+00 5.054356464002238702e+00
-1.047197551196598297e+00 3.141592653589792672e+00 4.415138029308929291e+00
-8.377580409572784603e-01 -3.141592653589793116e+00 3.697810399551905380e+00
-8.377580409572784603e-01 -2.932153143350473723e+00 3.191320292123833724e+00
-8.377580409572784603e-01 -2.722713633111154330e+00 2.830362737737237122e+00
-8.377580409572784603e-01 -2.513274122871834493e+00 2.625641020208815846e+00
-8.377580409572784603e-01 -2.303834612632515100e+00 2.510334498391258329e+00
-8.377580409572784603e-01 -2.094395102393195707e+00 2.332139724763274025e+00
-8.377580409572784603e-01 -1.884955592153875870e+00 2.007643297845478791e+00
-8.377580409572784603e-01 -1.675516081914556921e+00 1.684261437779106974e+00
-8.377580409572784603e-01 -1.466076571675237084e+00 1.537041750230141890e+00
-8.377580409572784603e-01 -1.256637061435917246e+00 1.698214314965219796e+00
-8.377580409572784603e-01 -1.047197551196598297e+00 2.281200024510076751e+00
-8.377580409572784603e-01 -8.377580409572784603e-01 3.300358745831420748e+00
-8.377580409572784603e-01 -6.283185307179586232e-01 4.491652549205859657e+00
-8.377580409572784603e-01 -4.188790204786396743e-01 5.424261475300843571e+00
-8.377580409572784603e-01 -2.094395102393198371e-01 6.047814468125661591e+00
-8.377580409572784603e-01 0.000000000000000000e+00 6.274688061532067707e+00
-8.377580409572784603e-01 2.094395102393195318e-01 6.274688061532067707e+00
-8.377580409572784603e-01 4.188790204786390636e-01 5.767593693436486646e+00
-8.377580409572784603e-01 6.283185307179586232e-01 4.848323010274375733e+00
-8.377580409572784603e-01 8.377580409572781273e-01 3.660879517959988227e+00
-8.377580409572784603e-01 1.047197551196597631e+00 2.470128733719539671e+00
-8.377580409572784603e-01 1.256637061435917246e+00 1.677285663104584268e+00
-8.377580409572784603e-01 1.466076571675236861e+00 1.457191844768139344e+00
-8.377580409572784603e-01 1.675516081914556255e+00 1.832963682761774793e+00
-8.377580409572784603e-01 1.884955592153875870e+00 2.722559659699931967e+00
-8.377580409572784603e-01 2.094395102393195263e+00 3.907155392362584134e+00
-8.377580409572784603e-01 2.303834612632514656e+00 5.084414394148875083e+00
-8.377580409572784603e-01 2.513274122871834049e+00 5.943248075928245555e+00
-8.377580409572784603e-01 2.722713633111153886e+00 5.774256108810034149e+00
-8.377580409572784603e-01 2.932153143350473279e+00 5.038085291552234501e+00
-8.377580409572784603e-01 3.141592653589792672e+00 4.316535317341180011e+00
-6.283185307179586232e-01 -3.141592653589793116e+00 3.639791190024769030e+00
-6.283185307179586232e-01 -2.932153143350473723e+00 3.109445846606137653e+00
-6.283185307179586232e-01 -2.722713633111154330e+00 2.728780543056683161e+00
-6.283185307179586232e-01 -2.513274122871834493e+00 2.526078425109919312e+00
-6.283185307179586232e-01 -2.303834612632515100e+00 2.432294269991305935e+00
-6.283185307179586232e-01 -2.094395102393195707e+00 2.232598346472678852e+00
-6.283185307179586232e-01 -1.884955592153875870e+00 1.829899359732530595e+00
-6.283185307179586232e-01 -1.675516081914556921e+00 1.427169805785284185e+00
-6.283185307179586232e-01 -1.466076571675237084e+00 1.251274184572126913e+00
-6.283185307179586232e-01 -1.256637061435917246e+00 1.446652693844745707e+00
-6.283185307179586232e-01 -1.047197551196598297e+00 2.115803767662863155e+00
-6.283185307179586232e-01 -8.377580409572784603e-01 3.233790920542244152e+00
-6.283185307179586232e-01 -6.283185307179586232e-01 4.478854628174430808e+00
-6.283185307179586232e-01 -4.188790204786396743e-01 5.468238498565811234e+00
-6.283185307179586232e-01 -2.094395102393198371e-01 6.178294876503567679e+00
-6.283185307179586232e-01 0.000000000000000000e+00 6.489663495134639248e+00
-6.283185307179586232e-01 2.094395102393195318e-01 6.489663495134639248e+00
-6.283185307179586232e-01 4.188790204786390636e-01 6.039013512991120436e+00
-6.283185307179586232e-01 6.283185307179586232e-01 4.901614896832048984e+00
-6.283185307179586232e-01 8.377580409572781273e-01 3.462025523717786157e+00
-6.283185307179586232e-01 1.047197551196597631e+00 2.264133401788054556e+00
-6.283185307179586232e-01 1.256637061435917246e+00 1.565365008064431906e+00
-6.283185307179586232e-01 1.466076571675236861e+00 1.443026520274983904e+00
-6.283185307179586232e-01 1.675516081914556255e+00 1.925077045742759507e+00
-6.283185307179586232e-01 1.884955592153875870e+00 2.951697680772805921e+00
-6.283185307179586232e-01 2.094395102393195263e+00 4.297850346749115147e+00
-6.283185307179586232e-01 2.303834612632514656e+00 5.508266239350782634e+00
-6.283185307179586232e-01 2.513274122871834049e+00 6.010822862271100853e+00
-6.283185307179586232e-01 2.722713633111153886e+00 5.810413237417485277e+00
-6.283185307179586232e-01 2.932153143350473279e+00 5.102848976446101581e+00
-6.283185307179586232e-01 3.141592653589792672e+00 4.311057482633092519e+00
-4.188790204786396743e-01 -3.141592653589793116e+00 3.677818567638055480e+00
-4.188790204786396743e-01 -2.932153143350473723e+00 3.123673664373637582e+00
-4.188790204786396743e-01 -2.722713633111154330e+00 2.729561631655347931e+00
-4.188790204786396743e-01 -2.513274122871834493e+00 2.533738939316156902e+00
-4.188790204786396743e-01 -2.303834612632515100e+00 2.448956697737886490e+00
-4.188790204786396743e-01 -2.094395102393195707e+00 2.255423765449905193e+00
-4.188790204786396743e-01 -1.884955592153875870e+00 1.857904463970367459e+00
-4.188790204786396743e-01 -1.675516081914556921e+00 1.447197283150377212e+00
-4.188790204786396743e-01 -1.466076571675237084e+00 1.276875423940120324e+00
-4.188790204786396743e-01 -1.256637061435917246e+00 1.517364002797892741e+00
-4.188790204786396743e-01 -1.047197551196598297e+00 2.266261429300304275e+00
-4.188790204786396743e-01 -8.377580409572784603e-01 3.476437049442977045e+00
-4.188790204786396743e-01 -6.283185307179586232e-01 4.742692220280930293e+00
-4.188790204786396743e-01 -4.188790204786396743e-01 5.782227085011224510e+00
-4.188790204786396743e-01 -2.094395102393198371e-01 6.506064978061896653e+00
-4.188790204786396743e-01 0.000000000000000000e+00 6.728760634211346847e+00
-4.188790204786396743e-01 2.094395102393195318e-01 6.728760634211346847e+00
-4.188790204786396743e-01 4.188790204786390636e-01 6.091594358545796339e+00
-4.188790204786396743e-01 6.283185307179586232e-01 4.553748359221225783e+00
-4.188790204786396743e-01 8.377580409572781273e-01 2.819023674154477188e+00
-4.188790204786396743e-01 1.047197551196597631e+00 1.702729198832376944e+00
-4.188790204786396743e-01 1.256637061435917246e+00 1.196345244310179190e+00
-4.188790204786396743e-01 1.466076571675236861e+00 1.260062380031818030e+00
-4.188790204786396743e-01 1.675516081914556255e+00 1.903161806552375435e+00
-4.188790204786396743e-01 1.884955592153875870e+00 3.080719596280875994e+00
-4.188790204786396743e-01 2.094395102393195263e+00 4.658851072937144622e+00
-4.188790204786396743e-01 2.303834612632514656e+00 5.868983113644581806e+00
-4.188790204786396743e-01 2.513274122871834049e+00 6.176857196231941849e+00
-4.188790204786396743e-01 2.722713633111153886e+00 6.005413040056298613e+00
-4.188790204786396743e-01 2.932153143350473279e+00 5.292140527310626119e+00
-4.188790204786396743e-01 3.141592653589792672e+00 4.394355956303267696e+00
-2.094395102393198371e-01 -3.141592653589793116e+00 3.802124653521027131e+00
-2.094395102393198371e-01 -2.932153143350473723e+00 3.202980900451493085e+00
-2.094395102393198371e-01 -2.722713633111154330e+00 2.800954832690480512e+00
-2.094395102393198371e-01 -2.513274122871834493e+00 2.612916478544795140e+00
-2.094395102393198371e-01 -2.303834612632515100e+00 2.551081017157126318e+00
-2.094395102393198371e-01 -2.094395102393195707e+00 2.402839711086385499e+00
-2.094395102393198371e-01 -1.884955592153875870e+00 2.076885486515357204e+00
-2.094395102393198371e-01 -1.675516081914556921e+00 1.717510435533669444e+00
-2.094395102393198371e-01 -1.466076571675237084e+00 1.575406713818531257e+00
-2.094395102393198371e-01 -1.256637061435917246e+00 1.851173747855433982e+00
-2.094395102393198371e-01 -1.047197551196598297e+00 2.647607840289811332e+00
-2.094395102393198371e-01 -8.377580409572784603e-01 3.861079834840874359e+00
-2.094395102393198371e-01 -6.283185307179586232e-01 5.061131285638762023e+00
-2.094395102393198371e-01 -4.188790204786396743e-01 6.109705815871059542e+00
-2.094395102393198371e-01 -2.094395102393198371e-01 6.706821088470922732e+00
-2.094395102393198371e-01 0.000000000000000000e+00 6.698725748202732255e+00
-2.094395102393198371e-01 2.094395102393195318e-01 6.698725748202732255e+00
-2.094395102393198371e-01 4.188790204786390636e-01 5.797481980647718025e+00
-2.094395102393198371e-01 6.283185307179586232e-01 3.880248427148170531e+00
-2.094395102393198371e-01 8.377580409572781273e-01 2.162636638726408211e+00
-2.094395102393198371e-01 1.047197551196597631e+00 1.122811686987373880e+00
-2.094395102393198371e-01 1.256637061435917246e+00 7.024582129955045939e-01
-2.094395102393198371e-01 1.466076571675236861e+00 8.670864529084914007e-01
-2.094395102393198371e-01 1.675516081914556255e+00 1.619897951808064285e+00
-2.094395102393198371e-01 1.884955592153875870e+00 2.908397373767244165e+00
-2.094395102393198371e-01 2.094395102393195263e+00 4.657128012593844346e+00
-2.094395102393198371e-01 2.303834612632514656e+00 6.322218134628835529e+00
-2.094395102393198371e-01 2.513274122871834049e+00 6.668491692886504119e+00
-2.094395102393198371e-01 2.722713633111153886e+00 6.339256782026153836e+00
-2.094395102393198371e-01 2.932153143350473279e+00 5.552098622921030291e+00
-2.094395102393198371e-01 3.141592653589792672e+00 4.601732664311823484e+00
0.000000000000000000e+00 -3.141592653589793116e+00 3.988321673954788427e+00
0.000000000000000000e+00 -2.932153143350473723e+00 3.322001260212458451e+00
0.000000000000000000e+00 -2.722713633111154330e+00 2.890286911290720795e+00
0.000000000000000000e+00 -2.513274122871834493e+00 2.704332392021416620e+00
0.000000000000000000e+00 -2.303834612632515100e+00 2.648542347576373412e+00
0.000000000000000000e+00 -2.094395102393195707e+00 2.535142204419017720e+00
0.000000000000000000e+00 -1.884955592153875870e+00 2.296736609205183299e+00
0.000000000000000000e+00 -1.675516081914556921e+00 2.045887147077384505e+00
0.000000000000000000e+00 -1.466076571675237084e+00 1.988971782428619495e+00
0.000000000000000000e+00 -1.256637061435917246e+00 2.306544161246991020e+00
0.000000000000000000e+00 -1.047197551196598297e+00 3.105774292804031944e+00
0.000000000000000000e+00 -8.377580409572784603e-01 4.250871169986611520e+00
0.000000000000000000e+00 -6.283185307179586232e-01 5.328784586404245793e+00
0.000000000000000000e+00 -4.188790204786396743e-01 6.211594656647469570e+00
0.000000000000000000e+00 -2.094395102393198371e-01 6.779152125953246788e+00
0.000000000000000000e+00 0.000000000000000000e+00 1.366255123898628909e+01
0.000000000000000000e+00 2.094395102393195318e-01 6.649683975860974705e+00
0.000000000000000000e+00 4.188790204786390636e-01 5.447250608017641937e+00
0.000000000000000000e+00 6.283185307179586232e-01 3.366852795219259953e+00
0.000000000000000000e+00 8.377580409572781273e-01 1.734907532821298837e+00
0.000000000000000000e+00 1.047197551196597631e+00 7.417773779810690193e-01
0.000000000000000000e+00 1.256637061435917246e+00 3.484691596082900578e-01
0.000000000000000000e+00 1.466076571675236861e+00 5.490300914876364846e-01
0.000000000000000000e+00 1.675516081914556255e+00 1.339313880222461339e+00
0.000000000000000000e+00 1.884955592153875870e+00 2.696190712829291236e+00
0.000000000000000000e+00 2.094395102393195263e+00 4.525180758115681989e+00
0.000000000000000000e+00 2.303834612632514656e+00 6.516126925287305305e+00
0.000000000000000000e+00 2.513274122871834049e+00 7.019558171728242257e+00
0.000000000000000000e+00 2.722713633111153886e+00 6.645467121675609157e+00
0.000000000000000000e+00 2.932153143350473279e+00 5.919779231901156180e+00
0.000000000000000000e+00 3.141592653589792672e+00 4.859719915315480421e+00
2.094395102393195318e-01 -3.141592653589793116e+00 3.988321673954788427e+00
2.094395102393195318e-01 -2.932153143350473723e+00 3.322001260212458451e+00
2.094395102393195318e-01 -2.722713633111154330e+00 2.890286911290720795e+00
2.094395102393195318e-01 -2.513274122871834493e+00 2.704332392021416620e+00
2.094395102393195318e-01 -2.303834612632515100e+00 2.648542347576373412e+00
2.094395102393195318e-01 -2.094395102393195707e+00 2.535142204419017720e+00
2.094395102393195318e-01 -1.884955592153875870e+00 2.296736609205183299e+00
2.094395102393195318e-01 -1.675516081914556921e+00 2.045887147077384505e+00
2.094395102393195318e-01 -1.466076571675237084e+00 1.988971782428619495e+00
2.094395102393195318e-01 -1.256637061435917246e+00 2.306544161246991020e+00
2.094395102393195318e-01 -1.047197551196598297e+00 3.105774292804031944e+00
2.094395102393195318e-01 -8.377580409572784603e-01 4.250871169986611520e+00
2.094395102393195318e-01 -6.283185307179586232e-01 5.328784586404245793e+00
2.094395102393195318e-01 -4.188790204786396743e-01 6.211594656647469570e+00
2.094395102393195318e-01 -2.094395102393198371e-01 6.779152125953246788e+00
2.094395102393195318e-01 0.000000000000000000e+00 6.649683975860974705e+00
2.094395102393195318e-01 2.094395102393195318e-01 6.649683975860974705e+00
2.094395102393195318e-01 4.188790204786390636e-01 5.447250608017641937e+00
2.094395102393195318e-01 6.283185307179586232e-01 3.366852795219259953e+00
2.094395102393195318e-01 8.377580409572781273e-01 1.734907532821298837e+00
2.094395102393195318e-01 1.047197551196597631e+00 7.417773779810690193e-01
2.094395102393195318e-01 1.256637061435917246e+00 3.484691596082900578e-01
2.094395102393195318e-01 1.466076571675236861e+00 5.490300914876364846e-01
2.094395102393195318e-01 1.675516081914556255e+00 1.339313880222461339e+00
2.094395102393195318e-01 1.884955592153875870e+00 2.696190712829291236e+00
2.094395102393195318e-01 2.094395102393195263e+00 4.525180758115681989e+00
2.094395102393195318e-01 2.303834612632514656e+00 6.516126925287305305e+00
2.094395102393195318e-01 2.513274122871834049e+00 7.019558171728242257e+00
2.094395102393195318e-01 2.722713633111153886e+00 6.645467121675609157e+00
2.094395102393195318e-01 2.932153143350473279e+00 5.919779231901156180e+00
2.094395102393195318e-01 3.141592653589792672e+00 4.859719915315480421e+00
4.188790204786390636e-01 -3.141592653589793116e+00 4.263965911563182942e+00
4.188790204786390636e-01 -2.932153143350473723e+00 3.516489262478874167e+00
4.188790204786390636e-01 -2.722713633111154330e+00 3.033224948715064428e+00
4.188790204786390636e-01 -2.513274122871834493e+00 2.812967377821931514e+00
4.188790204786390636e-01 -2.303834612632515100e+00 2.708661706639281519e+00
4.188790204786390636e-01 -2.094395102393195707e+00 2.549928289980890384e+00
4.188790204786390636e-01 -1.884955592153875870e+00 2.333069494967646929e+00
4.188790204786390636e-01 -1.675516081914556921e+00 2.174316683127735406e+00
4.188790204786390636e-01 -1.466076571675237084e+00 2.233701750101970251e+00
4.188790204786390636e-01 -1.256637061435917246e+00 2.630010164756299229e+00
4.188790204786390636e-01 -1.047197551196598297e+00 3.462133860765735704e+00
4.188790204786390636e-01 -8.377580409572784603e-01 4.616729556626925302e+00
4.188790204786390636e-01 -6.283185307179586232e-01 5.573282437457556249e+00
4.188790204786390636e-01 -4.188790204786396743e-01 6.399038028711488302e+00
4.188790204786390636e-01 -2.094395102393198371e-01 6.775874744699191154e+00
4.188790204786390636e-01 0.000000000000000000e+00 6.616755896388325731e+00
4.188790204786390636e-01 2.094395102393195318e-01 6.616755896388325731e+00
4.188790204786390636e-01 4.188790204786390636e-01 5.085027451147929867e+00
4.188790204786390636e-01 6.283185307179586232e-01 2.941487273347939801e+00
4.188790204786390636e-01 8.377580409572781273e-01 1.397163907387975579e+00
4.188790204786390636e-01 1.047197551196597631e+00 4.624165428543909884e-01
4.188790204786390636e-01 1.256637061435917246e+00 1.162867346543280389e-01
4.188790204786390636e-01 1.466076571675236861e+00 3.553230701915063294e-01
4.188790204786390636e-01 1.675516081914556255e+00 1.159198975926134301e+00
4.188790204786390636e-01 1.884955592153875870e+00 2.487054825292421167e+00
4.188790204786390636e-01 2.094395102393195263e+00 4.274355548063892840e+00
4.188790204786390636e-01 2.303834612632514656e+00 6.354213202451203912e+00
4.188790204786390636e-01 2.513274122871834049e+00 7.680421231711174634e+00
4.188790204786390636e-01 2.722713633111153886e+00 7.199647136569450545e+00
4.188790204786390636e-01 2.932153143350473279e+00 6.342091880748509602e+00
4.188790204786390636e-01 3.141592653589792672e+00 5.246207227544445573e+00
6.283185307179586232e-01 -3.141592653589793116e+00 4.640020495809178414e+00
6.283185307179586232e-01 -2.932153143350473723e+00 3.826013158550280124e+00
6.283185307179586232e-01 -2.722713633111154330e+00 3.290619272294624587e+00
6.283185307179586232e-01 -2.513274122871834493e+00 2.997133006963180968e+00
6.283185307179586232e-01 -2.303834612632515100e+00 2.798904550265897129e+00
6.283185307179586232e-01 -2.094395102393195707e+00 2.552466580948074437e+00
6.283185307179586232e-01 -1.884955592153875870e+00 2.279546453417560237e+00
6.283185307179586232e-01 -1.675516081914556921e+00 2.097058178078906376e+00
6.283185307179586232e-01 -1.466076571675237084e+00 2.161110143967599928e+00
6.283185307179586232e-01 -1.256637061435917246e+00 2.624323764855258201e+00
6.283185307179586232e-01 -1.047197551196598297e+00 3.566991946294792548e+00
6.283185307179586232e-01 -8.377580409572784603e-01 4.823956687030125146e+00
6.283185307179586232e-01 -6.283185307179586232e-01 5.786563705697784776e+00
6.283185307179586232e-01 -4.188790204786396743e-01 6.652334737223049466e+00
6.283185307179586232e-01 -2.094395102393198371e-01 6.990752980670187355e+00
6.283185307179586232e-01 0.000000000000000000e+00 6.522075788903752169e+00
6.283185307179586232e-01 2.094395102393195318e-01 6.522075788903752169e+00
6.283185307179586232e-01 4.188790204786390636e-01 4.639838795186094877e+00
6.283185307179586232e-01 6.283185307179586232e-01 2.593469765906013969e+00
6.283185307179586232e-01 8.377580409572781273e-01 1.145470580084816170e+00
6.283185307179586232e-01 1.047197551196597631e+00 2.895453251906235370e-01
6.283185307179586232e-01 1.256637061435917246e+00 0.000000000000000000e+00
6.283185307179586232e-01 1.466076571675236861e+00 2.561383065295596562e-01
6.283185307179586232e-01 1.675516081914556255e+00 1.026606263754451298e+00
6.283185307179586232e-01 1.884955592153875870e+00 2.268424636510080639e+00
6.283185307179586232e-01 2.094395102393195263e+00 3.945110688757115458e+00
6.283185307179586232e-01 2.303834612632514656e+00 6.034284325573481489e+00
6.283185307179586232e-01 2.513274122871834049e+00 7.677447989563367159e+00
6.283185307179586232e-01 2.722713633111153886e+00 7.806038526716940318e+00
6.283185307179586232e-01 2.932153143350473279e+00 6.651803641205893847e+00
6.283185307179586232e-01 3.141592653589792672e+00 5.616366625309413330e+00
8.377580409572781273e-01 -3.141592653589793116e+00 4.994307665658419992e+00
8.377580409572781273e-01 -2.932153143350473723e+00 4.160199852791864217e+00
8.377580409572781273e-01 -2.722713633111154330e+00 3.574650690419214349e+00
8.377580409572781273e-01 -2.513274122871834493e+00 3.189041746554006185e+00
8.377580409572781273e-01 -2.303834612632515100e+00 2.939428682759716693e+00
8.377580409572781273e-01 -2.094395102393195707e+00 2.653712707990703468e+00
8.377580409572781273e-01 -1.884955592153875870e+00 2.294653228963162039e+00
8.377580409572781273e-01 -1.675516081914556921e+00 2.002442075938854593e+00
8.377580409572781273e-01 -1.466076571675237084e+00 2.001856148609313824e+00
8.377580409572781273e-01 -1.256637061435917246e+00 2.528211277261657397e+00
8.377580409572781273e-01 -1.047197551196598297e+00 3.596645254122494695e+00
8.377580409572781273e-01 -8.377580409572784603e-01 4.926799771317679877e+00
8.377580409572781273e-01 -6.283185307179586232e-01 5.943733481149517495e+00
8.377580409572781273e-01 -4.188790204786396743e-01 6.606335933687397244e+00
8.377580409572781273e-01 -2.094395102393198371e-01 6.909393006946323190e+00
8.377580409572781273e-01 0.000000000000000000e+00 6.254721852381154967e+00
8.377580409572781273e-01 2.094395102393195318e-01 6.254721852381154967e+00
8.377580409572781273e-01 4.188790204786390636e-01 4.213246802458229467e+00
8.377580409572781273e-01 6.283185307179586232e-01 2.368249537858212683e+00
8.377580409572781273e-01 8.377580409572781273e-01 1.038433572404902971e+00
8.377580409572781273e-01 1.047197551196597631e+00 2.581106167118439876e-01
8.377580409572781273e-01 1.256637061435917246e+00 8.912560298945187975e-03
8.377580409572781273e-01 1.466076571675236861e+00 2.662150299787923169e-01
8.377580409572781273e-01 1.675516081914556255e+00 1.002768160166809475e+00
8.377580409572781273e-01 1.884955592153875870e+00 2.199172049342416280e+00
8.377580409572781273e-01 2.094395102393195263e+00 3.867545352008878279e+00
8.377580409572781273e-01 2.303834612632514656e+00 5.901556966210866229e+00
8.377580409572781273e-01 2.513274122871834049e+00 7.872126573993638132e+00
8.377580409572781273e-01 2.722713633111153886e+00 7.695514023069391030e+00
8.377580409572781273e-01 2.932153143350473279e+00 6.920119918611720600e+00
8.377580409572781273e-01 3.141592653589792672e+00 5.934577694582870322e+00
1.047197551196597631e+00 -3.141592653589793116e+00 5.222375399459116885e+00
1.047197551196597631e+00 -2.932153143350473723e+00 4.393922840515540607e+00
1.047197551196597631e+00 -2.722713633111154330e+00 3.776546412272637099e+00
1.047197551196597631e+00 -2.513274122871834493e+00 3.350328978037965033e+00
1.047197551196597631e+00 -2.303834612632515100e+00 3.074155215469910996e+00
1.047197551196597631e+00 -2.094395102393195707e+00 2.786604314671700777e+00
1.047197551196597631e+00 -1.884955592153875870e+00 2.391018792204704368e+00
1.047197551196597631e+00 -1.675516081914556921e+00 2.031810099415782389e+00
1.047197551196597631e+00 -1.466076571675237084e+00 1.991817329140325832e+00
1.047197551196597631e+00 -1.256637061435917246e+00 2.521008584312677492e+00
1.047197551196597631e+00 -1.047197551196598297e+00 3.591023152830364218e+00
1.047197551196597631e+00 -8.377580409572784603e-01 4.906851726185211149e+00
1.047197551196597631e+00 -6.283185307179586232e-01 6.102057211574029694e+00
1.047197551196597631e+00 -4.188790204786396743e-01 6.736664890078284174e+00
1.047197551196597631e+00 -2.094395102393198371e-01 6.693579055383231946e+00
1.047197551196597631e+00 0.000000000000000000e+00 6.017929831266870977e+00
1.047197551196597631e+00 2.094395102393195318e-01 6.017929831266870977e+00
1.047197551196597631e+00 4.188790204786390636e-01 4.057973782363663240e+00
1.047197551196597631e+00 6.283185307179586232e-01 2.344653637649446232e+00
1.047197551196597631e+00 8.377580409572781273e-01 1.103690255802256992e+00
1.047197551196597631e+00 1.047197551196597631e+00 3.650576088471761405e-01
1.047197551196597631e+00 1.256637061435917246e+00 1.151715384451974244e-01
1.047197551196597631e+00 1.466076571675236861e+00 3.454494837698637855e-01
1.047197551196597631e+00 1.675516081914556255e+00 1.074355573634133476e+00
1.047197551196597631e+00 1.884955592153875870e+00 2.328517855434840467e+00
1.047197551196597631e+00 2.094395102393195263e+00 4.049734159731737115e+00
1.047197551196597631e+00 2.303834612632514656e+00 6.052652655704003237e+00
1.047197551196597631e+00 2.513274122871834049e+00 7.937222651258274198e+00
1.047197551196597631e+00 2.722713633111153886e+00 7.868029486008335738e+00
1.047197551196597631e+00 2.932153143350473279e+00 7.140172632785926510e+00
1.047197551196597631e+00 3.141592653589792672e+00 6.176378738902602805e+00
1.256637061435917246e+00 -3.141592653589793116e+00 5.303313708872497756e+00
1.256637061435917246e+00 -2.932153143350473723e+00 4.560087432907082849e+00
1.256637061435917246e+00 -2.722713633111154330e+00 3.985405272643224084e+00
1.256637061435917246e+00 -2.513274122871834493e+00 3.576369469305969773e+00
1.256637061435917246e+00 -2.303834612632515100e+00 3.290621162037077774e+00
1.256637061435917246e+00 -2.094395102393195707e+00 3.001462807373959318e+00
1.256637061435917246e+00 -1.884955592153875870e+00 2.603652059527759910e+00
1.256637061435917246e+00 -1.675516081914556921e+00 2.219264958077020289e+00
1.256637061435917246e+00 -1.466076571675237084e+00 2.150421085438611435e+00
1.256637061435917246e+00 -1.256637061435917246e+00 2.587026315212677563e+00
1.256637061435917246e+00 -1.047197551196598297e+00 3.426301451847665103e+00
1.256637061435917246e+00 -8.377580409572784603e-01 4.501092591472146687e+00
1.256637061435917246e+00 -6.283185307179586232e-01 5.669310876631320717e+00
1.256637061435917246e+00 -4.188790204786396743e-01 6.630426302039896136e+00
1.256637061435917246e+00 -2.094395102393198371e-01 6.522075788903761939e+00
1.256637061435917246e+00 0.000000000000000000e+00 5.858930087244770490e+00
1.256637061435917246e+00 2.094395102393195318e-01 5.858930087244770490e+00
1.256637061435917246e+00 4.188790204786390636e-01 4.057426388438841514e+00
1.256637061435917246e+00 6.283185307179586232e-01 2.424568242070127777e+00
1.256637061435917246e+00 8.377580409572781273e-01 1.263412799669421771e+00
1.256637061435917246e+00 1.047197551196597631e+00 5.481776354726988210e-01
1.256637061435917246e+00 1.256637061435917246e+00 2.876634114763602645e-01
1.256637061435917246e+00 1.466076571675236861e+00 5.318281158547866205e-01
1.256637061435917246e+00 1.675516081914556255e+00 1.338943188375092630e+00
1.256637061435917246e+00 1.884955592153875870e+00 2.687371615602268893e+00
1.256637061435917246e+00 2.094395102393195263e+00 4.378267101165146613e+00
1.256637061435917246e+00 2.303834612632514656e+00 6.217458131855340575e+00
1.256637061435917246e+00 2.513274122871834049e+00 7.615529297683360177e+00
1.256637061435917246e+00 2.722713633111153886e+00 7.569254040554223906e+00
1.256637061435917246e+00 2.932153143350473279e+00 7.235289576703250347e+00
1.256637061435917246e+00 3.141592653589792672e+00 6.307140010375587025e+00
1.466076571675236861e+00 -3.141592653589793116e+00 5.254096126701264247e+00
1.466076571675236861e+00 -2.932153143350473723e+00 4.602978058509477499e+00
1.466076571675236861e+00 -2.722713633111154330e+00 4.137072501435067551e+00
1.466076571675236861e+00 -2.513274122871834493e+00 3.799629596545404553e+00
1.466076571675236861e+00 -2.303834612632515100e+00 3.549662416479998583e+00
1.466076571675236861e+00 -2.094395102393195707e+00 3.262832651303683829e+00
1.466076571675236861e+00 -1.884955592153875870e+00 2.850932383912490486e+00
1.466076571675236861e+00 -1.675516081914556921e+00 2.443658376696181911e+00
1.466076571675236861e+00 -1.466076571675237084e+00 2.328043917066766610e+00
1.466076571675236861e+00 -1.256637061435917246e+00 2.565028340071004109e+00
1.466076571675236861e+00 -1.047197551196598297e+00 3.048980394195210053e+00
1.466076571675236861e+00 -8.377580409572784603e-01 3.874237665778875517e+00
1.466076571675236861e+00 -6.283185307179586232e-01 5.055486348298684263e+00
1.466076571675236861e+00 -4.188790204786396743e-01 6.305355997201950835e+00
1.466076571675236861e+00 -2.094395102393198371e-01 6.435201520210990900e+00
1.466076571675236861e+00 0.000000000000000000e+00 5.853757614677219223e+00
1.466076571675236861e+00 2.094395102393195318e-01 5.853757614677219223e+00
1.466076571675236861e+00 4.188790204786390636e-01 4.196820938549086222e+00
1.466076571675236861e+00 6.283185307179586232e-01 2.594448284856993414e+00
1.466076571675236861e+00 8.377580409572781273e-01 1.488779723778081099e+00
1.466076571675236861e+00 1.047197551196597631e+00 8.071412510641424731e-01
1.466076571675236861e+00 1.256637061435917246e+00 5.964132289284469479e-01
1.466076571675236861e+00 1.466076571675236861e+00 9.221825754526018493e-01
1.466076571675236861e+00 1.675516081914556255e+00 1.787766576357458392e+00
1.466076571675236861e+00 1.884955592153875870e+00 3.077891766504268656e+00
1.466076571675236861e+00 2.094395102393195263e+00 4.631289098937345194e+00
1.466076571675236861e+00 2.303834612632514656e+00 6.449018483831871151e+00
1.466076571675236861e+00 2.513274122871834049e+00 7.514914662895443520e+00
1.466076571675236861e+00 2.722713633111153886e+00 7.390990998753830254e+00
1.466076571675236861e+00 2.932153143350473279e+00 7.012711403726647141e+00
1.466076571675236861e+00 3.141592653589792672e+00 6.114859951852103848e+00
1.675516081914556255e+00 -3.141592653589793116e+00 4.976085575821247886e+00
1.675516081914556255e+00 -2.932153143350473723e+00 4.405765654399966813e+00
1.675516081914556255e+00 -2.722713633111154330e+00 4.025171725120715749e+00
1.675516081914556255e+00 -2.513274122871834493e+00 3.789783057053691451e+00
1.675516081914556255e+00 -2.303834612632515100e+00 3.592639297970855239e+00
1.675516081914556255e+00 -2.094395102393195707e+00 3.316894106323194258e+00
1.675516081914556255e+00 -1.884955592153875870e+00 2.919985191701792271e+00
1.675516081914556255e+00 -1.675516081914556921e+00 2.543342613264745644e+00
1.675516081914556255e+00 -1.466076571675237084e+00 2.397186366893498732e+00
1.675516081914556255e+00 -1.256637061435917246e+00 2.465638211394543422e+00
1.675516081914556255e+00 -1.047197551196598297e+00 2.763773786060334636e+00
1.675516081914556255e+00 -8.377580409572784603e-01 3.497618549839173863e+00
1.675516081914556255e+00 -6.283185307179586232e-01 4.645882702863795011e+00
1.675516081914556255e+00 -4.188790204786396743e-01 6.064228906384386164e+00
1.675516081914556255e+00 -2.094395102393198371e-01 6.465489002120006212e+00
1.675516081914556255e+00 0.000000000000000000e+00 6.110775925692739641e+00
1.675516081914556255e+00 2.094395102393195318e-01 6.110775925692739641e+00
1.675516081914556255e+00 4.188790204786390636e-01 4.722027580798562774e+00
1.675516081914556255e+00 6.283185307179586232e-01 3.122412484293799029e+00
1.675516081914556255e+00 8.377580409572781273e-01 1.963924567079068151e+00
1.675516081914556255e+00 1.047197551196597631e+00 1.213974065098341715e+00
1.675516081914556255e+00 1.256637061435917246e+00 9.276368270683006401e-01
1.675516081914556255e+00 1.466076571675236861e+00 1.145578278635732694e+00
1.675516081914556255e+00 1.675516081914556255e+00 1.860016676053677598e+00
1.675516081914556255e+00 1.884955592153875870e+00 3.041892346803673153e+00
1.675516081914556255e+00 2.094395102393195263e+00 4.622048606731647524e+00
1.675516081914556255e+00 2.303834612632514656e+00 6.252544105627124260e+00
1.675516081914556255e+00 2.513274122871834049e+00 7.090512882162877339e+00
1.675516081914556255e+00 2.722713633111153886e+00 6.894054444500126166e+00
1.675516081914556255e+00 2.932153143350473279e+00 6.474095084827323987e+00
1.675516081914556255e+00 3.141592653589792672e+00 5.710434299401549119e+00
1.884955592153875870e+00 -3.141592653589793116e+00 4.548581755073401567e+00
1.884955592153875870e+00 -2.932153143350473723e+00 4.033582312815898518e+00
1.884955592153875870e+00 -2.722713633111154330e+00 3.718829190714104005e+00
1.884955592153875870e+00 -2.513274122871834493e+00 3.508200222295937643e+00
1.884955592153875870e+00 -2.303834612632515100e+00 3.357336190989307134e+00
1.884955592153875870e+00 -2.094395102393195707e+00 3.141248351179964260e+00
1.884955592153875870e+00 -1.884955592153875870e+00 2.783661348451498707e+00
1.884955592153875870e+00 -1.675516081914556921e+00 2.448832366424675833e+00
1.884955592153875870e+00 -1.466076571675237084e+00 2.323743078894717762e+00
1.884955592153875870e+00 -1.256637061435917246e+00 2.381924332928964994e+00
1.884955592153875870e+00 -1.047197551196598297e+00 2.666225296694743285e+00
1.884955592153875870e+00 -8.377580409572784603e-01 3.378127997031206586e+00
1.884955592153875870e+00 -6.283185307179586232e-01 4.477732373012287326e+00
1.884955592153875870e+00 -4.188790204786396743e-01 5.770733921489085816e+00
1.884955592153875870e+00 -2.094395102393198371e-01 6.411677869375675520e+00
1.884955592153875870e+00 0.000000000000000000e+00 6.229622395223763931e+00
1.884955592153875870e+00 2.094395102393195318e-01 6.229622395223763931e+00
1.884955592153875870e+00 4.188790204786390636e-01 5.446547175154899278e+00
1.884955592153875870e+00 6.283185307179586232e-01 4.061495942053590547e+00
1.884955592153875870e+00 8.377580409572781273e-01 2.710949335689056383e+00
1.884955592153875870e+00 1.047197551196597631e+00 1.542117998215424723e+00
1.884955592153875870e+00 1.256637061435917246e+00 8.256074749068456065e-01
1.884955592153875870e+00 1.466076571675236861e+00 7.735567874445339331e-01
1.884955592153875870e+00 1.675516081914556255e+00 1.370001634151156944e+00
1.884955592153875870e+00 1.884955592153875870e+00 2.553727437712923987e+00
1.884955592153875870e+00 2.094395102393195263e+00 4.246741630454695660e+00
1.884955592153875870e+00 2.303834612632514656e+00 5.913130267290372721e+00
1.884955592153875870e+00 2.513274122871834049e+00 6.535900318154333810e+00
1.884955592153875870e+00 2.722713633111153886e+00 6.384622479311854448e+00
1.884955592153875870e+00 2.932153143350473279e+00 5.834717269395237160e+00
1.884955592153875870e+00 3.141592653589792672e+00 5.215799073785485795e+00
2.094395102393195263e+00 -3.141592653589793116e+00 4.129437636783539034e+00
2.094395102393195263e+00 -2.932153143350473723e+00 3.650304296400666004e+00
2.094395102393195263e+00 -2.722713633111154330e+00 3.349688056965369753e+00
2.094395102393195263e+00 -2.513274122871834493e+00 3.154557551495098089e+00
2.094395102393195263e+00 -2.303834612632515100e+00 3.040275897303502006e+00
2.094395102393195263e+00 -2.094395102393195707e+00 2.876206207594666164e+00
2.094395102393195263e+00 -1.884955592153875870e+00 2.546003602809858268e+00
2.094395102393195263e+00 -1.675516081914556921e+00 2.222602585838150624e+00
2.094395102393195263e+00 -1.466076571675237084e+00 2.104461076859821755e+00
2.094395102393195263e+00 -1.256637061435917246e+00 2.242565815401770024e+00
2.094395102393195263e+00 -1.047197551196598297e+00 2.641706102120103150e+00
2.094395102393195263e+00 -8.377580409572784603e-01 3.384632624095420983e+00
2.094395102393195263e+00 -6.283185307179586232e-01 4.372983730063767283e+00
2.094395102393195263e+00 -4.188790204786396743e-01 5.402909593059844084e+00
2.094395102393195263e+00 -2.094395102393198371e-01 6.131925455597026620e+00
2.094395102393195263e+00 0.000000000000000000e+00 6.019582003101188405e+00
2.094395102393195263e+00 2.094395102393195318e-01 6.019582003101188405e+00
2.094395102393195263e+00 4.188790204786390636e-01 5.584252039827965142e+00
2.094395102393195263e+00 6.283185307179586232e-01 4.779375478217061435e+00
2.094395102393195263e+00 8.377580409572781273e-01 3.139768978052370318e+00
2.094395102393195263e+00 1.047197551196597631e+00 1.428186932531403386e+00
2.094395102393195263e+00 1.256637061435917246e+00 4.751566271999193014e-01
2.094395102393195263e+00 1.466076571675236861e+00 3.408676939865465938e-01
2.094395102393195263e+00 1.675516081914556255e+00 9.132838903948441445e-01
2.094395102393195263e+00 1.884955592153875870e+00 2.092713926827057147e+00
2.094395102393195263e+00 2.094395102393195263e+00 3.838184173726852055e+00
2.094395102393195263e+00 2.303834612632514656e+00 5.700664542301073112e+00
2.094395102393195263e+00 2.513274122871834049e+00 6.358417202409784252e+00
2.094395102393195263e+00 2.722713633111153886e+00 5.998098122099697171e+00
2.094395102393195263e+00 2.932153143350473279e+00 5.507097833902368400e+00
2.094395102393195263e+00 3.141592653589792672e+00 4.788001045831443037e+00
2.303834612632514656e+00 -3.141592653589793116e+00 3.830315126573212492e+00
2.303834612632514656e+00 -2.932153143350473723e+00 3.343392848010848351e+00
2.303834612632514656e+00 -2.722713633111154330e+00 3.055395435957410921e+00
2.303834612632514656e+00 -2.513274122871834493e+00 2.880798297839019639e+00
2.303834612632514656e+00 -2.303834612632515100e+00 2.780489444617830319e+00
2.303834612632514656e+00 -2.094395102393195707e+00 2.617749620990231119e+00
2.303834612632514656e+00 -1.884955592153875870e+00 2.295642728046512815e+00
2.303834612632514656e+00 -1.675516081914556921e+00 1.964866793119603550e+00
2.303834612632514656e+00 -1.466076571675237084e+00 1.842653921066460532e+00
2.303834612632514656e+00 -1.256637061435917246e+00 2.022195118808389314e+00
2.303834612632514656e+00 -1.047197551196598297e+00 2.522564509374653152e+00
2.303834612632514656e+00 -8.377580409572784603e-01 3.304054397480643335e+00
2.303834612632514656e+00 -6.283185307179586232e-01 4.209695612290787814e+00
2.303834612632514656e+00 -4.188790204786396743e-01 5.083878485939738567e+00
2.303834612632514656e+00 -2.094395102393198371e-01 5.838639825273969741e+00
2.303834612632514656e+00 0.000000000000000000e+00 5.935056088483213976e+00
2.303834612632514656e+00 2.094395102393195318e-01 5.935056088483213976e+00
2.303834612632514656e+00 4.188790204786390636e-01 5.616273161473057662e+00
2.303834612632514656e+00 6.283185307179586232e-01 4.965922168755962041e+00
2.303834612632514656e+00 8.377580409572781273e-01 3.205346211968883363e+00
2.303834612632514656e+00 1.047197551196597631e+00 1.391089416536432477e+00
2.303834612632514656e+00 1.256637061435917246e+00 4.397214360179174109e-01
2.303834612632514656e+00 1.466076571675236861e+00 3.014009696501959157e-01
2.303834612632514656e+00 1.675516081914556255e+00 8.582163782861418344e-01
2.303834612632514656e+00 1.884955592153875870e+00 2.004115746595623193e+00
2.303834612632514656e+00 2.094395102393195263e+00 3.668043647773094662e+00
2.303834612632514656e+00 2.303834612632514656e+00 5.404152341568646989e+00
2.303834612632514656e+00 2.513274122871834049e+00 5.949752870113178105e+00
2.303834612632514656e+00 2.722713633111153886e+00 5.747342830896339017e+00
2.303834612632514656e+00 2.932153143350473279e+00 5.216181104865654561e+00
2.303834612632514656e+00 3.141592653589792672e+00 4.493852796124296667e+00
2.513274122871834049e+00 -3.141592653589793116e+00 3.666341231387811650e+00
2.513274122871834049e+00 -2.932153143350473723e+00 3.192675256137260664e+00
2.513274122871834049e+00 -2.722713633111154330e+00 2.905634831654629213e+00
2.513274122871834049e+00 -2.513274122871834493e+00 2.739158504911094472e+00
2.513274122871834049e+00 -2.303834612632515100e+00 2.629123552608370495e+00
2.513274122871834049e+00 -2.094395102393195707e+00 2.429203238641964635e+00
2.513274122871834049e+00 -1.884955592153875870e+00 2.080681568151813821e+00
2.513274122871834049e+00 -1.675516081914556921e+00 1.743154860836747755e+00
2.513274122871834049e+00 -1.466076571675237084e+00 1.633774315354423967e+00
2.513274122871834049e+00 -1.256637061435917246e+00 1.859318453587160969e+00
2.513274122871834049e+00 -1.047197551196598297e+00 2.417223950858902626e+00
2.513274122871834049e+00 -8.377580409572784603e-01 3.230233433729883696e+00
2.513274122871834049e+00 -6.283185307179586232e-01 4.120316373101283958e+00
2.513274122871834049e+00 -4.188790204786396743e-01 4.986750266036101387e+00
2.513274122871834049e+00 -2.094395102393198371e-01 5.659684576553023483e+00
2.513274122871834049e+00 0.000000000000000000e+00 5.951062389504305550e+00
2.513274122871834049e+00 2.094395102393195318e-01 5.951062389504305550e+00
2.513274122871834049e+00 4.188790204786390636e-01 5.694665407809750057e+00
2.513274122871834049e+00 6.283185307179586232e-01 5.108324921365946736e+00
2.513274122871834049e+00 8.377580409572781273e-01 3.341099308321147987e+00
2.513274122871834049e+00 1.047197551196597631e+00 1.649865952590754636e+00
2.513274122871834049e+00 1.256637061435917246e+00 8.151142121738066404e-01
2.513274122871834049e+00 1.466076571675236861e+00 7.371577268366171776e-01
2.513274122871834049e+00 1.675516081914556255e+00 1.290211117389526763e+00
2.513274122871834049e+00 1.884955592153875870e+00 2.348795493691691050e+00
2.513274122871834049e+00 2.094395102393195263e+00 3.772898497012655561e+00
2.513274122871834049e+00 2.303834612632514656e+00 5.263795831556847382e+00
2.513274122871834049e+00 2.513274122871834049e+00 5.816920164681040895e+00
2.513274122871834049e+00 2.722713633111153886e+00 5.661194222880745031e+00
2.513274122871834049e+00 2.932153143350473279e+00 5.119714416292362458e+00
2.513274122871834049e+00 3.141592653589792672e+00 4.347558665446400461e+00
2.722713633111153886e+00 -3.141592653589793116e+00 3.678680279772147177e+00
2.722713633111153886e+00 -2.932153143350473723e+00 3.213283564225977607e+00
2.722713633111153886e+00 -2.722713633111154330e+00 2.915857926496640662e+00
2.722713633111153886e+00 -2.513274122871834493e+00 2.751663852532057586e+00
2.722713633111153886e+00 -2.303834612632515100e+00 2.612255951770739326e+00
2.722713633111153886e+00 -2.094395102393195707e+00 2.351970192827447015e+00
2.722713633111153886e+00 -1.884955592153875870e+00 1.970408193813760533e+00
2.722713633111153886e+00 -1.675516081914556921e+00 1.635138674485002053e+00
2.722713633111153886e+00 -1.466076571675237084e+00 1.567124019282484237e+00
2.722713633111153886e+00 -1.256637061435917246e+00 1.870572242132811480e+00
2.722713633111153886e+00 -1.047197551196598297e+00 2.503488156520374375e+00
2.722713633111153886e+00 -8.377580409572784603e-01 3.370739562331640293e+00
2.722713633111153886e+00 -6.283185307179586232e-01 4.290838716246516249e+00
2.722713633111153886e+00 -4.188790204786396743e-01 5.163500897753808161e+00
2.722713633111153886e+00 -2.094395102393198371e-01 5.791809637251953191e+00
2.722713633111153886e+00 0.000000000000000000e+00 6.055379290534568248e+00
2.722713633111153886e+00 2.094395102393195318e-01 6.055379290534568248e+00
2.722713633111153886e+00 4.188790204786390636e-01 5.996504351624165174e+00
2.722713633111153886e+00 6.283185307179586232e-01 5.292249058063380751e+00
2.722713633111153886e+00 8.377580409572781273e-01 3.605696591135531648e+00
2.722713633111153886e+00 1.047197551196597631e+00 2.081892022300396938e+00
2.722713633111153886e+00 1.256637061435917246e+00 1.376783660637647566e+00
2.722713633111153886e+00 1.466076571675236861e+00 1.399056978408970586e+00
2.722713633111153886e+00 1.675516081914556255e+00 1.972900149373495005e+00
2.722713633111153886e+00 1.884955592153875870e+00 2.920133377575986788e+00
2.722713633111153886e+00 2.094395102393195263e+00 4.074725295671357550e+00
2.722713633111153886e+00 2.303834612632514656e+00 5.276080668769460580e+00
2.722713633111153886e+00 2.513274122871834049e+00 5.891833928423444888e+00
2.722713633111153886e+00 2.722713633111153886e+00 5.738214529296125299e+00
2.722713633111153886e+00 2.932153143350473279e+00 5.169212965094835077e+00
2.722713633111153886e+00 3.141592653589792672e+00 4.367700732798164509e+00
2.932153143350473279e+00 -3.141592653589793116e+00 3.928502526039947984e+00
2.932153143350473279e+00 -2.932153143350473723e+00 3.429689801054360387e+00
2.932153143350473279e+00 -2.722713633111154330e+00 3.106058478498945785e+00
2.932153143350473279e+00 -2.513274122871834493e+00 2.924897949106506356e+00
2.932153143350473279e+00 -2.303834612632515100e+00 2.754364260626543270e+00
2.932153143350473279e+00 -2.094395102393195707e+00 2.460132974838026954e+00
2.932153143350473279e+00 -1.884955592153875870e+00 2.059662629311995730e+00
2.932153143350473279e+00 -1.675516081914556921e+00 1.741564984169729158e+00
2.932153143350473279e+00 -1.466076571675237084e+00 1.710584760079009614e+00
2.932153143350473279e+00 -1.256637061435917246e+00 2.078672477315683942e+00
2.932153143350473279e+00 -1.047197551196598297e+00 2.793085157659635609e+00
2.932153143350473279e+00 -8.377580409572784603e-01 3.734879318787964753e+00
2.932153143350473279e+00 -6.283185307179586232e-01 4.741204488447166021e+00
2.932153143350473279e+00 -4.188790204786396743e-01 5.575024066318778004e+00
2.932153143350473279e+00 -2.094395102393198371e-01 6.132369521130581980e+00
2.932153143350473279e+00 0.000000000000000000e+00 6.353891042447200377e+00
2.932153143350473279e+00 2.094395102393195318e-01 6.353891042447200377e+00
2.932153143350473279e+00 4.188790204786390636e-01 6.289535660614876456e+00
2.932153143350473279e+00 6.283185307179586232e-01 5.621907089766606802e+00
2.932153143350473279e+00 8.377580409572781273e-01 3.950431014216479131e+00
2.932153143350473279e+00 1.047197551196597631e+00 2.507195694093046878e+00
2.932153143350473279e+00 1.256637061435917246e+00 1.865507813176572549e+00
2.932153143350473279e+00 1.466076571675236861e+00 1.938661846582115267e+00
2.932153143350473279e+00 1.675516081914556255e+00 2.519943635880763200e+00
2.932153143350473279e+00 1.884955592153875870e+00 3.413427158734529954e+00
2.932153143350473279e+00 2.094395102393195263e+00 4.446716819615692984e+00
2.932153143350473279e+00 2.303834612632514656e+00 5.502833166299352818e+00
2.932153143350473279e+00 2.513274122871834049e+00 6.087254134901415092e+00
2.932153143350473279e+00 2.722713633111153886e+00 5.919934744758368339e+00
2.932153143350473279e+00 2.932153143350473279e+00 5.310768580285281537e+00
2.932153143350473279e+00 3.141592653589792672e+00 4.605493829172362830e+00
3.141592653589792672e+00 -3.141592653589793116e+00 4.328118020026998636e+00
3.141592653589792672e+00 -2.932153143350473723e+00 3.799230290236434104e+00
3.141592653589792672e+00 -2.722713633111154330e+00 3.433789094293468569e+00
3.141592653589792672e+00 -2.513274122871834493e+00 3.222678821298734064e+00
3.141592653589792672e+00 -2.303834612632515100e+00 3.067116532094968928e+00
3.141592653589792672e+00 -2.094395102393195707e+00 2.787703147882810928e+00
3.141592653589792672e+00 -1.884955592153875870e+00 2.415277872553811545e+00
3.141592653589792672e+00 -1.675516081914556921e+00 2.120073748772109745e+00
3.141592653589792672e+00 -1.466076571675237084e+00 2.090923564735880369e+00
3.141592653589792672e+00 -1.256637061435917246e+00 2.444696355863988035e+00
3.141592653589792672e+00 -1.047197551196598297e+00 3.191350688976968275e+00
3.141592653589792672e+00 -8.377580409572784603e-01 4.202045571846591443e+00
3.141592653589792672e+00 -6.283185307179586232e-01 5.272342319575949787e+00
3.141592653589792672e+00 -4.188790204786396743e-01 6.183838328229818160e+00
3.141592653589792672e+00 -2.094395102393198371e-01 6.621277957194288355e+00
3.141592653589792672e+00 0.000000000000000000e+00 6.808107135284378941e+00
3.141592653589792672e+00 2.094395102393195318e-01 6.808107135284378941e+00
3.141592653589792672e+00 4.188790204786390636e-01 6.722153311237052620e+00
3.141592653589792672e+00 6.283185307179586232e-01 5.984598296970796483e+00
3.141592653589792672e+00 8.377580409572781273e-01 4.297072871425890561e+00
3.141592653589792672e+00 1.047197551196597631e+00 2.840244045237058312e+00
3.141592653589792672e+00 1.256637061435917246e+00 2.223585691650823204e+00
3.141592653589792672e+00 1.466076571675236861e+00 2.344020698442735195e+00
3.141592653589792672e+00 1.675516081914556255e+00 2.911366799576363906e+00
3.141592653589792672e+00 1.884955592153875870e+00 3.753230616487853055e+00
3.141592653589792672e+00 2.094395102393195263e+00 4.814238877603317590e+00
3.141592653589792672e+00 2.303834612632514656e+00 5.859491971043967240e+00
3.141592653589792672e+00 2.513274122871834049e+00 6.343989464710005244e+00
3.141592653589792672e+00 2.722713633111153886e+00 6.065220355406435004e+00
3.141592653589792672e+00 2.932153143350473279e+00 5.590573852092748375e+00
3.141592653589792672e+00 3.141592653589792672e+00 4.957227143581412143e+00
