-3.141592653589793116e+00 -3.141592653589793116e+00 3.400309263302195628e+00
-3.141592653589793116e+00 -2.932153143350473723e+00 4.328484335730949262e+00
-3.141592653589793116e+00 -2.722713633111154330e+00 5.149150564700692101e+00
-3.141592653589793116e+00 -2.513274122871834493e+00 5.987322342719958890e+00
-3.141592653589793116e+00 -2.303834612632515100e+00 6.806089095382461984e+00
-3.141592653589793116e+00 -2.094395102393195707e+00 7.825701510194294386e+00
-3.141592653589793116e+00 -1.884955592153875870e+00 8.233630052503652763e+00
-3.141592653589793116e+00 -1.675516081914556921e+00 7.825701510194317478e+00
-3.141592653589793116e+00 -1.466076571675237084e+00 6.562148348165464995e+00
-3.141592653589793116e+00 -1.256637061435917246e+00 5.997309284441739941e+00
-3.141592653589793116e+00 -1.047197551196598297e+00 5.534497954004225839e+00
-3.141592653589793116e+00 -8.377580409572784603e-01 5.213886465538078774e+00
-3.141592653589793116e+00 -6.283185307179586232e-01 5.001614480146017172e+00
-3.141592653589793116e+00 -4.188790204786396743e-01 5.034106635194767421e+00
-3.141592653589793116e+00 -2.094395102393198371e-01 4.810811952020308091e+00
-3.141592653589793116e+00 0.000000000000000000e+00 3.890495257959371234e+00
-3.141592653589793116e+00 2.094395102393195318e-01 3.890495257959371234e+00
-3.141592653589793116e+00 4.188790204786390636e-01 3.005968049765773031e+00
-3.141592653589793116e+00 6.283185307179586232e-01 2.425143387666162553e+00
-3.141592653589793116e+00 8.377580409572781273e-01 2.166727844250670998e+00
-3.141592653589793116e+00 1.047197551196597631e+00 2.199804148512451984e+00
-3.141592653589793116e+00 1.256637061435917246e+00 2.460734316171278913e+00
-3.141592653589793116e+00 1.466076571675236861e+00 2.789552605386355300e+00
-3.141592653589793116e+00 1.675516081914556255e+00 2.952607598679664491e+00
-3.141592653589793116e+00 1.884955592153875870e+00 2.768075218522379810e+00
-3.141592653589793116e+00 2.094395102393195263e+00 2.280125282314640511e+00
-3.141592653589793116e+00 2.303834612632514656e+00 1.758865450452694823e+00
-3.141592653589793116e+00 2.513274122871834049e+00 1.369408139195800844e+00
-3.141592653589793116e+00 2.722713633111153886e+00 1.270017739454515793e+00
-3.141592653589793116e+00 2.932153143350473279e+00 1.607297237692319802e+00
-3.141592653589793116e+00 3.141592653589792672e+00 2.385931600484664017e+00
-2.932153143350473723e+00 -3.141592653589793116e+00 3.775761570661439581e+00
-2.932153143350473723e+00 -2.932153143350473723e+00 4.546505795730790389e+00
-2.932153143350473723e+00 -2.722713633111154330e+00 5.270845141917585686e+00
-2.932153143350473723e+00 -2.513274122871834493e+00 6.241985178649844812e+00
-2.932153143350473723e+00 -2.303834612632515100e+00 7.208906419855035885e+00
-2.932153143350473723e+00 -2.094395102393195707e+00 8.401628538164930049e+00
-2.932153143350473723e+00 -1.884955592153875870e+00 9.214022559168663307e+00
-2.932153143350473723e+00 -1.675516081914556921e+00 8.559390775574957644e+00
-2.932153143350473723e+00 -1.466076571675237084e+00 7.681187123221346447e+00
-2.932153143350473723e+00 -1.256637061435917246e+00 6.959737904489304405e+00
-2.932153143350473723e+00 -1.047197551196598297e+00 6.475614529670798980e+00
-2.932153143350473723e+00 -8.377580409572784603e-01 6.034819034402801208e+00
-2.932153143350473723e+00 -6.283185307179586232e-01 5.648754215033163106e+00
-2.932153143350473723e+00 -4.188790204786396743e-01 5.673632706234019274e+00
-2.932153143350473723e+00 -2.094395102393198371e-01 5.604447000411249213e+00
-2.932153143350473723e+00 0.000000000000000000e+00 4.763153117178801743e+00
-2.932153143350473723e+00 2.094395102393195318e-01 4.763153117178801743e+00
-2.932153143350473723e+00 4.188790204786390636e-01 3.957328403984215814e+00
-2.932153143350473723e+00 6.283185307179586232e-01 3.424151893988286233e+00
-2.932153143350473723e+00 8.377580409572781273e-01 3.223562989914756649e+00
-2.932153143350473723e+00 1.047197551196597631e+00 3.312365469778252969e+00
-2.932153143350473723e+00 1.256637061435917246e+00 3.584593673630325217e+00
-2.932153143350473723e+00 1.466076571675236861e+00 3.881635053013485770e+00
-2.932153143350473723e+00 1.675516081914556255e+00 3.946550834018729415e+00
-2.932153143350473723e+00 1.884955592153875870e+00 3.624975356606936039e+00
-2.932153143350473723e+00 2.094395102393195263e+00 3.052568747942099314e+00
-2.932153143350473723e+00 2.303834612632514656e+00 2.483507874190670872e+00
-2.932153143350473723e+00 2.513274122871834049e+00 2.035728679156209253e+00
-2.932153143350473723e+00 2.722713633111153886e+00 1.858915747229482829e+00
-2.932153143350473723e+00 2.932153143350473279e+00 2.132296239779315261e+00
-2.932153143350473723e+00 3.141592653589792672e+00 2.858710140069764094e+00
-2.722713633111154330e+00 -3.141592653589793116e+00 4.429280446082086264e+00
-2.722713633111154330e+00 -2.932153143350473723e+00 5.092535094856691202e+00
-2.722713633111154330e+00 -2.722713633111154330e+00 5.753870987991230201e+00
-2.722713633111154330e+00 -2.513274122871834493e+00 6.682483274389148242e+00
-2.722713633111154330e+00 -2.303834612632515100e+00 8.062148473170696050e+00
-2.722713633111154330e+00 -2.094395102393195707e+00 9.483206549495660553e+00
-2.722713633111154330e+00 -1.884955592153875870e+00 1.346748634817442536e+01
-2.722713633111154330e+00 -1.675516081914556921e+00 8.990793832749744752e+00
-2.722713633111154330e+00 -1.466076571675237084e+00 8.265857664921654191e+00
-2.722713633111154330e+00 -1.256637061435917246e+00 7.528618109591787011e+00
-2.722713633111154330e+00 -1.047197551196598297e+00 7.218354213820456167e+00
-2.722713633111154330e+00 -8.377580409572784603e-01 6.729232708308975575e+00
-2.722713633111154330e+00 -6.283185307179586232e-01 6.374088613720725327e+00
-2.722713633111154330e+00 -4.188790204786396743e-01 6.354988163662231848e+00
-2.722713633111154330e+00 -2.094395102393198371e-01 6.480014218085345945e+00
-2.722713633111154330e+00 0.000000000000000000e+00 5.726895221351409049e+00
-2.722713633111154330e+00 2.094395102393195318e-01 5.726895221351409049e+00
-2.722713633111154330e+00 4.188790204786390636e-01 4.930529502866047409e+00
-2.722713633111154330e+00 6.283185307179586232e-01 4.428431391916348048e+00
-2.722713633111154330e+00 8.377580409572781273e-01 4.272497818451522100e+00
-2.722713633111154330e+00 1.047197551196597631e+00 4.326872164205715521e+00
-2.722713633111154330e+00 1.256637061435917246e+00 4.552809379898002717e+00
-2.722713633111154330e+00 1.466076571675236861e+00 4.749216720938317593e+00
-2.722713633111154330e+00 1.675516081914556255e+00 4.815056777258177156e+00
-2.722713633111154330e+00 1.884955592153875870e+00 4.554619593868152627e+00
-2.722713633111154330e+00 2.094395102393195263e+00 3.986730422498361737e+00
-2.722713633111154330e+00 2.303834612632514656e+00 3.427364407619641451e+00
-2.722713633111154330e+00 2.513274122871834049e+00 2.992569695097344606e+00
-2.722713633111154330e+00 2.722713633111153886e+00 2.821489051218650346e+00
-2.722713633111154330e+00 2.932153143350473279e+00 3.046644750499220677e+00
-2.722713633111154330e+00 3.141592653589792672e+00 3.663638354353817128e+00
-2.513274122871834493e+00 -3.141592653589793116e+00 5.152892722239544199e+00
-2.513274122871834493e+00 -2.932153143350473723e+00 5.799144844046531411e+00
-2.513274122871834493e+00 -2.722713633111154330e+00 6.489472778888760729e+00
-2.513274122871834493e+00 -2.513274122871834493e+00 7.235746975802165970e+00
-2.513274122871834493e+00 -2.303834612632515100e+00 8.616195038375002113e+00
-2.513274122871834493e+00 -2.094395102393195707e+00 1.346748634817442536e+01
-2.513274122871834493e+00 -1.884955592153875870e+00 1.346748634817442536e+01
-2.513274122871834493e+00 -1.675516081914556921e+00 1.063881954120363282e+01
-2.513274122871834493e+00 -1.466076571675237084e+00 8.920612611466417263e+00
-2.513274122871834493e+00 -1.256637061435917246e+00 8.039071046507675788e+00
-2.513274122871834493e+00 -1.047197551196598297e+00 7.571810809436826162e+00
-2.513274122871834493e+00 -8.377580409572784603e-01 7.564958666846571589e+00
-2.513274122871834493e+00 -6.283185307179586232e-01 7.284772557544519245e+00
-2.513274122871834493e+00 -4.188790204786396743e-01 6.945107741974057447e+00
-2.513274122871834493e+00 -2.094395102393198371e-01 7.037406016172022660e+00
-2.513274122871834493e+00 0.000000000000000000e+00 6.557101508588446315e+00
-2.513274122871834493e+00 2.094395102393195318e-01 6.557101508588446315e+00
-2.513274122871834493e+00 4.188790204786390636e-01 5.770763274088834827e+00
-2.513274122871834493e+00 6.283185307179586232e-01 5.305685823145823932e+00
-2.513274122871834493e+00 8.377580409572781273e-01 5.108635952533004954e+00
-2.513274122871834493e+00 1.047197551196597631e+00 5.077224943009962743e+00
-2.513274122871834493e+00 1.256637061435917246e+00 5.099849361387716051e+00
-2.513274122871834493e+00 1.466076571675236861e+00 5.178708209649098393e+00
-2.513274122871834493e+00 1.675516081914556255e+00 5.360653205833641799e+00
-2.513274122871834493e+00 1.884955592153875870e+00 5.274999070808552126e+00
-2.513274122871834493e+00 2.094395102393195263e+00 4.901184900824632429e+00
-2.513274122871834493e+00 2.303834612632514656e+00 4.397333828330606487e+00
-2.513274122871834493e+00 2.513274122871834049e+00 4.004536240960863580e+00
-2.513274122871834493e+00 2.722713633111153886e+00 3.866575677518091947e+00
-2.513274122871834493e+00 2.932153143350473279e+00 4.031265904198209959e+00
-2.513274122871834493e+00 3.141592653589792672e+00 4.503933075568991029e+00
-2.303834612632515100e+00 -3.141592653589793116e+00 5.481543256280235532e+00
-2.303834612632515100e+00 -2.932153143350473723e+00 6.188879752240674215e+00
-2.303834612632515100e+00 -2.722713633111154330e+00 7.060337586549909616e+00
-2.303834612632515100e+00 -2.513274122871834493e+00 7.531831765383754096e+00
-2.303834612632515100e+00 -2.303834612632515100e+00 8.801033595843554380e+00
-2.303834612632515100e+00 -2.094395102393195707e+00 1.346748634817442536e+01
-2.303834612632515100e+00 -1.884955592153875870e+00 1.346748634817442536e+01
-2.303834612632515100e+00 -1.675516081914556921e+00 1.346748634817442536e+01
-2.303834612632515100e+00 -1.466076571675237084e+00 8.954671082421352679e+00
-2.303834612632515100e+00 -1.256637061435917246e+00 9.333548815597143999e+00
-2.303834612632515100e+00 -1.047197551196598297e+00 9.162189457185066388e+00
-2.303834612632515100e+00 -8.377580409572784603e-01 8.173973045351049294e+00
-2.303834612632515100e+00 -6.283185307179586232e-01 7.710893330470173446e+00
-2.303834612632515100e+00 -4.188790204786396743e-01 7.596433207570814083e+00
-2.303834612632515100e+00 -2.094395102393198371e-01 7.916713686004774431e+00
-2.303834612632515100e+00 0.000000000000000000e+00 7.267978729216530986e+00
-2.303834612632515100e+00 2.094395102393195318e-01 7.267978729216530986e+00
-2.303834612632515100e+00 4.188790204786390636e-01 6.495107555769615182e+00
-2.303834612632515100e+00 6.283185307179586232e-01 5.967369382140692124e+00
-2.303834612632515100e+00 8.377580409572781273e-01 5.654116998057716614e+00
-2.303834612632515100e+00 1.047197551196597631e+00 5.429394941715213641e+00
-2.303834612632515100e+00 1.256637061435917246e+00 5.275804048753053088e+00
-2.303834612632515100e+00 1.466076571675236861e+00 5.245814862738112261e+00
-2.303834612632515100e+00 1.675516081914556255e+00 5.360653205833621371e+00
-2.303834612632515100e+00 1.884955592153875870e+00 5.546599641690493243e+00
-2.303834612632515100e+00 2.094395102393195263e+00 5.458320588414805385e+00
-2.303834612632515100e+00 2.303834612632514656e+00 5.101487013054575748e+00
-2.303834612632515100e+00 2.513274122871834049e+00 4.714579691268308004e+00
-2.303834612632515100e+00 2.722713633111153886e+00 4.553157909406922776e+00
-2.303834612632515100e+00 2.932153143350473279e+00 4.595036214825533705e+00
-2.303834612632515100e+00 3.141592653589792672e+00 4.930324362112083136e+00
-2.094395102393195707e+00 -3.141592653589793116e+00 5.276390170718804562e+00
-2.094395102393195707e+00 -2.932153143350473723e+00 5.940645707315447943e+00
-2.094395102393195707e+00 -2.722713633111154330e+00 6.870491738315351427e+00
-2.094395102393195707e+00 -2.513274122871834493e+00 7.715260541105190661e+00
-2.094395102393195707e+00 -2.303834612632515100e+00 8.002489281906262519e+00
-2.094395102393195707e+00 -2.094395102393195707e+00 8.801033595843540169e+00
-2.094395102393195707e+00 -1.884955592153875870e+00 1.346748634817442536e+01
-2.094395102393195707e+00 -1.675516081914556921e+00 1.346748634817442536e+01
-2.094395102393195707e+00 -1.466076571675237084e+00 8.541598296266217361e+00
-2.094395102393195707e+00 -1.256637061435917246e+00 8.828755647719278343e+00
-2.094395102393195707e+00 -1.047197551196598297e+00 9.214022559168663307e+00
-2.094395102393195707e+00 -8.377580409572784603e-01 9.029247331238282825e+00
-2.094395102393195707e+00 -6.283185307179586232e-01 8.701479210281023668e+00
-2.094395102393195707e+00 -4.188790204786396743e-01 9.683499389790608092e+00
-2.094395102393195707e+00 -2.094395102393198371e-01 7.910599722039856729e+00
-2.094395102393195707e+00 0.000000000000000000e+00 7.450620234663573704e+00
-2.094395102393195707e+00 2.094395102393195318e-01 7.450620234663573704e+00
-2.094395102393195707e+00 4.188790204786390636e-01 6.754932911230835835e+00
-2.094395102393195707e+00 6.283185307179586232e-01 6.164001720213886593e+00
-2.094395102393195707e+00 8.377580409572781273e-01 5.845469919925664115e+00
-2.094395102393195707e+00 1.047197551196597631e+00 5.489349901913923802e+00
-2.094395102393195707e+00 1.256637061435917246e+00 5.187483713375349303e+00
-2.094395102393195707e+00 1.466076571675236861e+00 5.064400465673009499e+00
-2.094395102393195707e+00 1.675516081914556255e+00 5.186474235990496062e+00
-2.094395102393195707e+00 1.884955592153875870e+00 5.431768378508390782e+00
-2.094395102393195707e+00 2.094395102393195263e+00 5.514494473279868636e+00
-2.094395102393195707e+00 2.303834612632514656e+00 5.199732682868645206e+00
-2.094395102393195707e+00 2.513274122871834049e+00 4.760277967291018264e+00
-2.094395102393195707e+00 2.722713633111153886e+00 4.485424733932549479e+00
-2.094395102393195707e+00 2.932153143350473279e+00 4.421350171055959066e+00
-2.094395102393195707e+00 3.141592653589792672e+00 4.717586627535307997e+00
-1.884955592153875870e+00 -3.141592653589793116e+00 4.735007170590716186e+00
-1.884955592153875870e+00 -2.932153143350473723e+00 5.525190666313868348e+00
-1.884955592153875870e+00 -2.722713633111154330e+00 6.412255610531739869e+00
-1.884955592153875870e+00 -2.513274122871834493e+00 7.156878894687267234e+00
-1.884955592153875870e+00 -2.303834612632515100e+00 8.062148473170696050e+00
-1.884955592153875870e+00 -2.094395102393195707e+00 8.888395187737426539e+00
-1.884955592153875870e+00 -1.884955592153875870e+00 1.346748634817442536e+01
-1.884955592153875870e+00 -1.675516081914556921e+00 1.346748634817442536e+01
-1.884955592153875870e+00 -1.466076571675237084e+00 1.346748634817442536e+01
-1.884955592153875870e+00 -1.256637061435917246e+00 9.214022559168663307e+00
-1.884955592153875870e+00 -1.047197551196598297e+00 8.415653581765097258e+00
-1.884955592153875870e+00 -8.377580409572784603e-01 8.701479210281023668e+00
-1.884955592153875870e+00 -6.283185307179586232e-01 8.774543569697556222e+00
-1.884955592153875870e+00 -4.188790204786396743e-01 8.828755647719317423e+00
-1.884955592153875870e+00 -2.094395102393198371e-01 7.929132998126904752e+00
-1.884955592153875870e+00 0.000000000000000000e+00 7.450620234663567487e+00
-1.884955592153875870e+00 2.094395102393195318e-01 7.450620234663567487e+00
-1.884955592153875870e+00 4.188790204786390636e-01 6.564051982563071874e+00
-1.884955592153875870e+00 6.283185307179586232e-01 6.151464118161142913e+00
-1.884955592153875870e+00 8.377580409572781273e-01 5.759613579825474616e+00
-1.884955592153875870e+00 1.047197551196597631e+00 5.300473133716727681e+00
-1.884955592153875870e+00 1.256637061435917246e+00 4.856748071396753907e+00
-1.884955592153875870e+00 1.466076571675236861e+00 4.681196469991982134e+00
-1.884955592153875870e+00 1.675516081914556255e+00 4.829463171563149082e+00
-1.884955592153875870e+00 1.884955592153875870e+00 5.052147919256691821e+00
-1.884955592153875870e+00 2.094395102393195263e+00 5.159363011090766449e+00
-1.884955592153875870e+00 2.303834612632514656e+00 4.673254711661141592e+00
-1.884955592153875870e+00 2.513274122871834049e+00 4.160717262424636687e+00
-1.884955592153875870e+00 2.722713633111153886e+00 3.884495764676298979e+00
-1.884955592153875870e+00 2.932153143350473279e+00 3.851390272121316460e+00
-1.884955592153875870e+00 3.141592653589792672e+00 4.148578916316735921e+00
-1.675516081914556921e+00 -3.141592653589793116e+00 4.037995229186321922e+00
-1.675516081914556921e+00 -2.932153143350473723e+00 4.892613614218715767e+00
-1.675516081914556921e+00 -2.722713633111154330e+00 5.870552506339210552e+00
-1.675516081914556921e+00 -2.513274122871834493e+00 7.003253040662795748e+00
-1.675516081914556921e+00 -2.303834612632515100e+00 8.054356315968798086e+00
-1.675516081914556921e+00 -2.094395102393195707e+00 8.577730653088407209e+00
-1.675516081914556921e+00 -1.884955592153875870e+00 9.483206549495664106e+00
-1.675516081914556921e+00 -1.675516081914556921e+00 9.574980645766794751e+00
-1.675516081914556921e+00 -1.466076571675237084e+00 8.920612611466404829e+00
-1.675516081914556921e+00 -1.256637061435917246e+00 7.961362649056230367e+00
-1.675516081914556921e+00 -1.047197551196598297e+00 7.968023069931076563e+00
-1.675516081914556921e+00 -8.377580409572784603e-01 7.618379040639158717e+00
-1.675516081914556921e+00 -6.283185307179586232e-01 8.475306221174150778e+00
-1.675516081914556921e+00 -4.188790204786396743e-01 8.444734096133307943e+00
-1.675516081914556921e+00 -2.094395102393198371e-01 7.988462790774118361e+00
-1.675516081914556921e+00 0.000000000000000000e+00 7.439477191370840181e+00
-1.675516081914556921e+00 2.094395102393195318e-01 7.439477191370840181e+00
-1.675516081914556921e+00 4.188790204786390636e-01 6.606181939992198160e+00
-1.675516081914556921e+00 6.283185307179586232e-01 6.008466647980066355e+00
-1.675516081914556921e+00 8.377580409572781273e-01 5.731281063176525414e+00
-1.675516081914556921e+00 1.047197551196597631e+00 5.100886018308385950e+00
-1.675516081914556921e+00 1.256637061435917246e+00 4.567246546126926710e+00
-1.675516081914556921e+00 1.466076571675236861e+00 4.293168588789157525e+00
-1.675516081914556921e+00 1.675516081914556255e+00 4.363895240528865571e+00
-1.675516081914556921e+00 1.884955592153875870e+00 4.598740975285692478e+00
-1.675516081914556921e+00 2.094395102393195263e+00 4.438916570178924381e+00
-1.675516081914556921e+00 2.303834612632514656e+00 3.890810811671232106e+00
-1.675516081914556921e+00 2.513274122871834049e+00 3.349848195382698179e+00
-1.675516081914556921e+00 2.722713633111153886e+00 3.029267006776739102e+00
-1.675516081914556921e+00 2.932153143350473279e+00 3.031644042281889995e+00
-1.675516081914556921e+00 3.141592653589792672e+00 3.383781738763210978e+00
-1.466076571675237084e+00 -3.141592653589793116e+00 3.011568444146598189e+00
-1.466076571675237084e+00 -2.932153143350473723e+00 3.894466170635043856e+00
-1.466076571675237084e+00 -2.722713633111154330e+00 5.165173931231177740e+00
-1.466076571675237084e+00 -2.513274122871834493e+00 6.558989070205338834e+00
-1.466076571675237084e+00 -2.303834612632515100e+00 7.789872660585341890e+00
-1.466076571675237084e+00 -2.094395102393195707e+00 9.403693773063137584e+00
-1.466076571675237084e+00 -1.884955592153875870e+00 9.162189457185089481e+00
-1.466076571675237084e+00 -1.675516081914556921e+00 8.039071046507748619e+00
-1.466076571675237084e+00 -1.466076571675237084e+00 8.223263374685030769e+00
-1.466076571675237084e+00 -1.256637061435917246e+00 7.765537967692274890e+00
-1.466076571675237084e+00 -1.047197551196598297e+00 7.799891651884971466e+00
-1.466076571675237084e+00 -8.377580409572784603e-01 8.102714373255333058e+00
-1.466076571675237084e+00 -6.283185307179586232e-01 7.910599722039798110e+00
-1.466076571675237084e+00 -4.188790204786396743e-01 8.024167907190250304e+00
-1.466076571675237084e+00 -2.094395102393198371e-01 7.431254497517162605e+00
-1.466076571675237084e+00 0.000000000000000000e+00 6.754058146253847816e+00
-1.466076571675237084e+00 2.094395102393195318e-01 6.754058146253847816e+00
-1.466076571675237084e+00 4.188790204786390636e-01 6.123196096802249855e+00
-1.466076571675237084e+00 6.283185307179586232e-01 5.750939055179205006e+00
-1.466076571675237084e+00 8.377580409572781273e-01 5.390694729597832691e+00
-1.466076571675237084e+00 1.047197551196597631e+00 4.878721815095484082e+00
-1.466076571675237084e+00 1.256637061435917246e+00 4.297097959965747727e+00
-1.466076571675237084e+00 1.466076571675236861e+00 3.988899798207099945e+00
-1.466076571675237084e+00 1.675516081914556255e+00 3.969252808145434575e+00
-1.466076571675237084e+00 1.884955592153875870e+00 3.936274250559456345e+00
-1.466076571675237084e+00 2.094395102393195263e+00 3.554004584170763703e+00
-1.466076571675237084e+00 2.303834612632514656e+00 2.960322007992047588e+00
-1.466076571675237084e+00 2.513274122871834049e+00 2.408663586306278415e+00
-1.466076571675237084e+00 2.722713633111153886e+00 2.091653736593465318e+00
-1.466076571675237084e+00 2.932153143350473279e+00 2.094208550018616055e+00
-1.466076571675237084e+00 3.141592653589792672e+00 2.423662935771897953e+00
-1.256637061435917246e+00 -3.141592653589793116e+00 2.002562863026017048e+00
-1.256637061435917246e+00 -2.932153143350473723e+00 2.860044046428508402e+00
-1.256637061435917246e+00 -2.722713633111154330e+00 4.262686100028622249e+00
-1.256637061435917246e+00 -2.513274122871834493e+00 5.958788085956211233e+00
-1.256637061435917246e+00 -2.303834612632515100e+00 7.150046213435123477e+00
-1.256637061435917246e+00 -2.094395102393195707e+00 9.162189457185084152e+00
-1.256637061435917246e+00 -1.884955592153875870e+00 9.683499389790608092e+00
-1.256637061435917246e+00 -1.675516081914556921e+00 8.336063082945416980e+00
-1.256637061435917246e+00 -1.466076571675237084e+00 8.701479210281023668e+00
-1.256637061435917246e+00 -1.256637061435917246e+00 7.399453003601971446e+00
-1.256637061435917246e+00 -1.047197551196598297e+00 7.399453003601971446e+00
-1.256637061435917246e+00 -8.377580409572784603e-01 7.076630814216531284e+00
-1.256637061435917246e+00 -6.283185307179586232e-01 7.199606019362726705e+00
-1.256637061435917246e+00 -4.188790204786396743e-01 6.914589485248129996e+00
-1.256637061435917246e+00 -2.094395102393198371e-01 6.405397541127875627e+00
-1.256637061435917246e+00 0.000000000000000000e+00 5.667385690091793826e+00
-1.256637061435917246e+00 2.094395102393195318e-01 5.667385690091793826e+00
-1.256637061435917246e+00 4.188790204786390636e-01 5.123876947891287337e+00
-1.256637061435917246e+00 6.283185307179586232e-01 4.822644334575083569e+00
-1.256637061435917246e+00 8.377580409572781273e-01 4.644025854542379150e+00
-1.256637061435917246e+00 1.047197551196597631e+00 4.386889498237890983e+00
-1.256637061435917246e+00 1.256637061435917246e+00 3.965175593634723494e+00
-1.256637061435917246e+00 1.466076571675236861e+00 3.632546241152875943e+00
-1.256637061435917246e+00 1.675516081914556255e+00 3.399773878961488638e+00
-1.256637061435917246e+00 1.884955592153875870e+00 3.063368620129862663e+00
-1.256637061435917246e+00 2.094395102393195263e+00 2.569700697054795757e+00
-1.256637061435917246e+00 2.303834612632514656e+00 2.031421216848120270e+00
-1.256637061435917246e+00 2.513274122871834049e+00 1.549523843276122026e+00
-1.256637061435917246e+00 2.722713633111153886e+00 1.244877684444413379e+00
-1.256637061435917246e+00 2.932153143350473279e+00 1.224063581328698413e+00
-1.256637061435917246e+00 3.141592653589792672e+00 1.499519044535834622e+00
-1.047197551196598297e+00 -3.141592653589793116e+00 1.252242485541852579e+00
-1.047197551196598297e+00 -2.932153143350473723e+00 2.064562508256183815e+00
-1.047197551196598297e+00 -2.722713633111154330e+00 3.495468169762407484e+00
-1.047197551196598297e+00 -2.513274122871834493e+00 5.342034704790168398e+00
-1.047197551196598297e+00 -2.303834612632515100e+00 6.779050215878931418e+00
-1.047197551196598297e+00 -2.094395102393195707e+00 7.815243101201327036e+00
-1.047197551196598297e+00 -1.884955592153875870e+00 8.507531285815673527e+00
-1.047197551196598297e+00 -1.675516081914556921e+00 8.415653581765097258e+00
-1.047197551196598297e+00 -1.466076571675237084e+00 8.070043828758567628e+00
-1.047197551196598297e+00 -1.256637061435917246e+00 7.247630608962196241e+00
-1.047197551196598297e+00 -1.047197551196598297e+00 6.773605868098774963e+00
-1.047197551196598297e+00 -8.377580409572784603e-01 6.443093755382109933e+00
-1.047197551196598297e+00 -6.283185307179586232e-01 6.261175214465771077e+00
-1.047197551196598297e+00 -4.188790204786396743e-01 6.137007306145573438e+00
-1.047197551196598297e+00 -2.094395102393198371e-01 5.621724436877314268e+00
-1.047197551196598297e+00 0.000000000000000000e+00 4.844972405897269851e+00
-1.047197551196598297e+00 2.094395102393195318e-01 4.844972405897269851e+00
-1.047197551196598297e+00 4.188790204786390636e-01 4.304374555299493643e+00
-1.047197551196598297e+00 6.283185307179586232e-01 3.947709827090255086e+00
-1.047197551196598297e+00 8.377580409572781273e-01 3.639348182780218988e+00
-1.047197551196598297e+00 1.047197551196597631e+00 3.428007672694474817e+00
-1.047197551196598297e+00 1.256637061435917246e+00 3.310088913599285032e+00
-1.047197551196598297e+00 1.466076571675236861e+00 3.049492678458262329e+00
-1.047197551196598297e+00 1.675516081914556255e+00 2.652398689238573581e+00
-1.047197551196598297e+00 1.884955592153875870e+00 2.187802240918442109e+00
-1.047197551196598297e+00 2.094395102393195263e+00 1.715908157447076920e+00
-1.047197551196598297e+00 2.303834612632514656e+00 1.283758699612409515e+00
-1.047197551196598297e+00 2.513274122871834049e+00 9.009403959111259574e-01
-1.047197551196598297e+00 2.722713633111153886e+00 6.269169534529472898e-01
-1.047197551196598297e+00 2.932153143350473279e+00 5.856492167384892422e-01
-1.047197551196598297e+00 3.141592653589792672e+00 8.192248903752104017e-01
-8.377580409572784603e-01 -3.141592653589793116e+00 9.685653985759277163e-01
-8.377580409572784603e-01 -2.932153143350473723e+00 1.785612701570479466e+00
-8.377580409572784603e-01 -2.722713633111154330e+00 3.170145170188569228e+00
-8.377580409572784603e-01 -2.513274122871834493e+00 4.839065059295312388e+00
-8.377580409572784603e-01 -2.303834612632515100e+00 6.249062410153208624e+00
-8.377580409572784603e-01 -2.094395102393195707e+00 7.409866142775721976e+00
-8.377580409572784603e-01 -1.884955592153875870e+00 7.910599722039801662e+00
-8.377580409572784603e-01 -1.675516081914556921e+00 7.780019268044423342e+00
-8.377580409572784603e-01 -1.466076571675237084e+00 7.120232732988693414e+00
-8.377580409572784603e-01 -1.256637061435917246e+00 6.539766616362460816e+00
-8.377580409572784603e-01 -1.047197551196598297e+00 6.072893194010312357e+00
-8.377580409572784603e-01 -8.377580409572784603e-01 5.773625782956008479e+00
-8.377580409572784603e-01 -6.283185307179586232e-01 5.572890293596040046e+00
-8.377580409572784603e-01 -4.188790204786396743e-01 5.539719485775708385e+00
-8.377580409572784603e-01 -2.094395102393198371e-01 5.052399580139998569e+00
-8.377580409572784603e-01 0.000000000000000000e+00 4.344082780918695263e+00
-8.377580409572784603e-01 2.094395102393195318e-01 4.344082780918695263e+00
-8.377580409572784603e-01 4.188790204786390636e-01 3.796744769073180148e+00
-8.377580409572784603e-01 6.283185307179586232e-01 3.335153294479106467e+00
-8.377580409572784603e-01 8.377580409572781273e-01 2.874265212636955891e+00
-8.377580409572784603e-01 1.047197551196597631e+00 2.581370577761520568e+00
-8.377580409572784603e-01 1.256637061435917246e+00 2.532226317255401149e+00
-8.377580409572784603e-01 1.466076571675236861e+00 2.367328885709566233e+00
-8.377580409572784603e-01 1.675516081914556255e+00 1.952778011875666131e+00
-8.377580409572784603e-01 1.884955592153875870e+00 1.478765829828998513e+00
-8.377580409572784603e-01 2.094395102393195263e+00 1.036507520855094899e+00
-8.377580409572784603e-01 2.303834612632514656e+00 6.910316694940585869e-01
-8.377580409572784603e-01 2.513274122871834049e+00 4.104941121533916548e-01
-8.377580409572784603e-01 2.722713633111153886e+00 2.006070919331889302e-01
-8.377580409572784603e-01 2.932153143350473279e+00 1.931658692686277767e-01
-8.377580409572784603e-01 3.141592653589792672e+00 4.771150217442308716e-01
-6.283185307179586232e-01 -3.141592653589793116e+00 1.107206137413246250e+00
-6.283185307179586232e-01 -2.932153143350473723e+00 1.999614273758173688e+00
-6.283185307179586232e-01 -2.722713633111154330e+00 3.223874605823235484e+00
-6.283185307179586232e-01 -2.513274122871834493e+00 4.495743857489336470e+00
-6.283185307179586232e-01 -2.303834612632515100e+00 5.641137208030749584e+00
-6.283185307179586232e-01 -2.094395102393195707e+00 6.675546701964759855e+00
-6.283185307179586232e-01 -1.884955592153875870e+00 7.319849772083554029e+00
-6.283185307179586232e-01 -1.675516081914556921e+00 7.407245756532431002e+00
-6.283185307179586232e-01 -1.466076571675237084e+00 6.752312457622219100e+00
-6.283185307179586232e-01 -1.256637061435917246e+00 6.154334096377938934e+00
-6.283185307179586232e-01 -1.047197551196598297e+00 5.533481677562202883e+00
-6.283185307179586232e-01 -8.377580409572784603e-01 5.225416148178264386e+00
-6.283185307179586232e-01 -6.283185307179586232e-01 5.148026572482590879e+00
-6.283185307179586232e-01 -4.188790204786396743e-01 5.160508602141999468e+00
-6.283185307179586232e-01 -2.094395102393198371e-01 4.682169615570941801e+00
-6.283185307179586232e-01 0.000000000000000000e+00 4.046876180231448572e+00
-6.283185307179586232e-01 2.094395102393195318e-01 4.046876180231448572e+00
-6.283185307179586232e-01 4.188790204786390636e-01 3.513840371918080852e+00
-6.283185307179586232e-01 6.283185307179586232e-01 3.078522132554353252e+00
-6.283185307179586232e-01 8.377580409572781273e-01 2.631421267801417052e+00
-6.283185307179586232e-01 1.047197551196597631e+00 2.289232408482203773e+00
-6.283185307179586232e-01 1.256637061435917246e+00 2.146673463935043547e+00
-6.283185307179586232e-01 1.466076571675236861e+00 1.950790656396374168e+00
-6.283185307179586232e-01 1.675516081914556255e+00 1.542414826561662178e+00
-6.283185307179586232e-01 1.884955592153875870e+00 1.058883182366485265e+00
-6.283185307179586232e-01 2.094395102393195263e+00 6.442210000008410375e-01
-6.283185307179586232e-01 2.303834612632514656e+00 3.530954432272007115e-01
-6.283185307179586232e-01 2.513274122871834049e+00 1.341767822379295594e-01
-6.283185307179586232e-01 2.722713633111153886e+00 0.000000000000000000e+00
-6.283185307179586232e-01 2.932153143350473279e+00 7.327261776960541928e-02
-6.283185307179586232e-01 3.141592653589792672e+00 4.583831401175723630e-01
-4.188790204786396743e-01 -3.141592653589793116e+00 1.406639067988771252e+00
-4.188790204786396743e-01 -2.932153143350473723e+00 2.335625380953847419e+00
-4.188790204786396743e-01 -2.722713633111154330e+00 3.327614469379754691e+00
-4.188790204786396743e-01 -2.513274122871834493e+00 4.248650381452249825e+00
-4.188790204786396743e-01 -2.303834612632515100e+00 5.187483713375363514e+00
-4.188790204786396743e-01 -2.094395102393195707e+00 6.306444511817403509e+00
-4.188790204786396743e-01 -1.884955592153875870e+00 6.934366020223602156e+00
-4.188790204786396743e-01 -1.675516081914556921e+00 7.093381882878860623e+00
-4.188790204786396743e-01 -1.466076571675237084e+00 6.573016877535167168e+00
-4.188790204786396743e-01 -1.256637061435917246e+00 5.772445437799166079e+00
-4.188790204786396743e-01 -1.047197551196598297e+00 5.203872245690711829e+00
-4.188790204786396743e-01 -8.377580409572784603e-01 4.908732817964738260e+00
-4.188790204786396743e-01 -6.283185307179586232e-01 4.894001466901563013e+00
-4.188790204786396743e-01 -4.188790204786396743e-01 4.878947576106383188e+00
-4.188790204786396743e-01 -2.094395102393198371e-01 4.394354864299372387e+00
-4.188790204786396743e-01 0.000000000000000000e+00 3.826714983150212301e+00
-4.188790204786396743e-01 2.094395102393195318e-01 3.826714983150212301e+00
-4.188790204786396743e-01 4.188790204786390636e-01 3.346418794438062783e+00
-4.188790204786396743e-01 6.283185307179586232e-01 3.018490947884931330e+00
-4.188790204786396743e-01 8.377580409572781273e-01 2.757957140239329252e+00
-4.188790204786396743e-01 1.047197551196597631e+00 2.482721817178183965e+00
-4.188790204786396743e-01 1.256637061435917246e+00 2.242315646887135916e+00
-4.188790204786396743e-01 1.466076571675236861e+00 1.950025836459792217e+00
-4.188790204786396743e-01 1.675516081914556255e+00 1.511366519896193417e+00
-4.188790204786396743e-01 1.884955592153875870e+00 1.039871948863102302e+00
-4.188790204786396743e-01 2.094395102393195263e+00 6.640117357316706048e-01
-4.188790204786396743e-01 2.303834612632514656e+00 3.880507277258677390e-01
-4.188790204786396743e-01 2.513274122871834049e+00 1.717641051182950407e-01
-4.188790204786396743e-01 2.722713633111153886e+00 7.793382244157937011e-02
-4.188790204786396743e-01 2.932153143350473279e+00 2.223855914519065058e-01
-4.188790204786396743e-01 3.141592653589792672e+00 6.736428501467384145e-01
-2.094395102393198371e-01 -3.141592653589793116e+00 1.732639528436908272e+00
-2.094395102393198371e-01 -2.932153143350473723e+00 2.593079822374942278e+00
-2.094395102393198371e-01 -2.722713633111154330e+00 3.416242461130091446e+00
-2.094395102393198371e-01 -2.513274122871834493e+00 4.204124754704620770e+00
-2.094395102393198371e-01 -2.303834612632515100e+00 5.112743967344467677e+00
-2.094395102393198371e-01 -2.094395102393195707e+00 6.037966376151230108e+00
-2.094395102393198371e-01 -1.884955592153875870e+00 6.849608666598047790e+00
-2.094395102393198371e-01 -1.675516081914556921e+00 6.847560036015518214e+00
-2.094395102393198371e-01 -1.466076571675237084e+00 6.361287228549355355e+00
-2.094395102393198371e-01 -1.256637061435917246e+00 5.596493890640616087e+00
-2.094395102393198371e-01 -1.047197551196598297e+00 5.051594638977628726e+00
-2.094395102393198371e-01 -8.377580409572784603e-01 4.744002155912168561e+00
-2.094395102393198371e-01 -6.283185307179586232e-01 4.762038510435565364e+00
-2.094395102393198371e-01 -4.188790204786396743e-01 4.724546161857298365e+00
-2.094395102393198371e-01 -2.094395102393198371e-01 4.251244720307128411e+00
-2.094395102393198371e-01 0.000000000000000000e+00 3.696053497850811720e+00
-2.094395102393198371e-01 2.094395102393195318e-01 3.696053497850811720e+00
-2.094395102393198371e-01 4.188790204786390636e-01 3.256329084684100650e+00
-2.094395102393198371e-01 6.283185307179586232e-01 3.022772338875588272e+00
-2.094395102393198371e-01 8.377580409572781273e-01 2.959434002847967982e+00
-2.094395102393198371e-01 1.047197551196597631e+00 2.889506317577281713e+00
-2.094395102393198371e-01 1.256637061435917246e+00 2.684358035052540448e+00
-2.094395102393198371e-01 1.466076571675236861e+00 2.313079102463690084e+00
-2.094395102393198371e-01 1.675516081914556255e+00 1.854910096395761876e+00
-2.094395102393198371e-01 1.884955592153875870e+00 1.415747489467692022e+00
-2.094395102393198371e-01 2.094395102393195263e+00 1.055127660672254608e+00
-2.094395102393198371e-01 2.303834612632514656e+00 7.423784184874913095e-01
-2.094395102393198371e-01 2.513274122871834049e+00 4.809472393902490261e-01
-2.094395102393198371e-01 2.722713633111153886e+00 3.808015888283092232e-01
-2.094395102393198371e-01 2.932153143350473279e+00 5.551671951058516630e-01
-2.094395102393198371e-01 3.141592653589792672e+00 1.019700657333532101e+00
0.000000000000000000e+00 -3.141592653589793116e+00 2.065268242126604648e+00
0.000000000000000000e+00 -2.932153143350473723e+00 2.852761199728418795e+00
0.000000000000000000e+00 -2.722713633111154330e+00 3.601271778966768977e+00
0.000000000000000000e+00 -2.513274122871834493e+00 4.388325531288566062e+00
0.000000000000000000e+00 -2.303834612632515100e+00 5.302843855342014301e+00
0.000000000000000000e+00 -2.094395102393195707e+00 6.128070173837902423e+00
0.000000000000000000e+00 -1.884955592153875870e+00 6.725888225125557618e+00
0.000000000000000000e+00 -1.675516081914556921e+00 6.850635627902165403e+00
0.000000000000000000e+00 -1.466076571675237084e+00 6.277849296080640684e+00
0.000000000000000000e+00 -1.256637061435917246e+00 5.526081453065057048e+00
0.000000000000000000e+00 -1.047197551196598297e+00 4.880605774344392245e+00
0.000000000000000000e+00 -8.377580409572784603e-01 4.617302670124064257e+00
0.000000000000000000e+00 -6.283185307179586232e-01 4.726524633940908160e+00
0.000000000000000000e+00 -4.188790204786396743e-01 4.705339357652899679e+00
0.000000000000000000e+00 -2.094395102393198371e-01 4.236741804439562387e+00
0.000000000000000000e+00 0.000000000000000000e+00 1.346748634817442536e+01
0.000000000000000000e+00 2.094395102393195318e-01 3.692462970579272419e+00
0.000000000000000000e+00 4.188790204786390636e-01 3.267716883565193964e+00
0.000000000000000000e+00 6.283185307179586232e-01 3.054340204612327359e+00
0.000000000000000000e+00 8.377580409572781273e-01 3.018017867671128229e+00
0.000000000000000000e+00 1.047197551196597631e+00 3.099212780768170639e+00
0.000000000000000000e+00 1.256637061435917246e+00 3.158993817887956190e+00
0.000000000000000000e+00 1.466076571675236861e+00 2.894435318088776743e+00
0.000000000000000000e+00 1.675516081914556255e+00 2.440279595557040437e+00
0.000000000000000000e+00 1.884955592153875870e+00 2.017298480187831977e+00
0.000000000000000000e+00 2.094395102393195263e+00 1.629776072414832244e+00
0.000000000000000000e+00 2.303834612632514656e+00 1.245093616143489790e+00
0.000000000000000000e+00 2.513274122871834049e+00 9.303977265798659690e-01
0.000000000000000000e+00 2.722713633111153886e+00 8.180929357830175608e-01
0.000000000000000000e+00 2.932153143350473279e+00 9.920036211377978308e-01
0.000000000000000000e+00 3.141592653589792672e+00 1.418663191828006598e+00
2.094395102393195318e-01 -3.141592653589793116e+00 2.065268242126604648e+00
2.094395102393195318e-01 -2.932153143350473723e+00 2.852761199728418795e+00
2.094395102393195318e-01 -2.722713633111154330e+00 3.601271778966768977e+00
2.094395102393195318e-01 -2.513274122871834493e+00 4.388325531288566062e+00
2.094395102393195318e-01 -2.303834612632515100e+00 5.302843855342014301e+00
2.094395102393195318e-01 -2.094395102393195707e+00 6.128070173837902423e+00
2.094395102393195318e-01 -1.884955592153875870e+00 6.725888225125557618e+00
2.094395102393195318e-01 -1.675516081914556921e+00 6.850635627902165403e+00
2.094395102393195318e-01 -1.466076571675237084e+00 6.277849296080640684e+00
2.094395102393195318e-01 -1.256637061435917246e+00 5.526081453065057048e+00
2.094395102393195318e-01 -1.047197551196598297e+00 4.880605774344392245e+00
2.094395102393195318e-01 -8.377580409572784603e-01 4.617302670124064257e+00
2.094395102393195318e-01 -6.283185307179586232e-01 4.726524633940908160e+00
2.094395102393195318e-01 -4.188790204786396743e-01 4.705339357652899679e+00
2.094395102393195318e-01 -2.094395102393198371e-01 4.236741804439562387e+00
2.094395102393195318e-01 0.000000000000000000e+00 3.692462970579272419e+00
2.094395102393195318e-01 2.094395102393195318e-01 3.692462970579272419e+00
2.094395102393195318e-01 4.188790204786390636e-01 3.267716883565193964e+00
2.094395102393195318e-01 6.283185307179586232e-01 3.054340204612327359e+00
2.094395102393195318e-01 8.377580409572781273e-01 3.018017867671128229e+00
2.094395102393195318e-01 1.047197551196597631e+00 3.099212780768170639e+00
2.094395102393195318e-01 1.256637061435917246e+00 3.158993817887956190e+00
2.094395102393195318e-01 1.466076571675236861e+00 2.894435318088776743e+00
2.094395102393195318e-01 1.675516081914556255e+00 2.440279595557040437e+00
2.094395102393195318e-01 1.884955592153875870e+00 2.017298480187831977e+00
2.094395102393195318e-01 2.094395102393195263e+00 1.629776072414832244e+00
2.094395102393195318e-01 2.303834612632514656e+00 1.245093616143489790e+00
2.094395102393195318e-01 2.513274122871834049e+00 9.303977265798659690e-01
2.094395102393195318e-01 2.722713633111153886e+00 8.180929357830175608e-01
2.094395102393195318e-01 2.932153143350473279e+00 9.920036211377978308e-01
2.094395102393195318e-01 3.141592653589792672e+00 1.418663191828006598e+00
4.188790204786390636e-01 -3.141592653589793116e+00 2.441185603274352189e+00
4.188790204786390636e-01 -2.932153143350473723e+00 3.155550323368295107e+00
4.188790204786390636e-01 -2.722713633111154330e+00 3.885454763697200331e+00
4.188790204786390636e-01 -2.513274122871834493e+00 4.674268362058577431e+00
4.188790204786390636e-01 -2.303834612632515100e+00 5.582244378557319919e+00
4.188790204786390636e-01 -2.094395102393195707e+00 6.259266290165038882e+00
4.188790204786390636e-01 -1.884955592153875870e+00 6.936736399097949146e+00
4.188790204786390636e-01 -1.675516081914556921e+00 7.144972607814033871e+00
4.188790204786390636e-01 -1.466076571675237084e+00 6.546516765340767208e+00
4.188790204786390636e-01 -1.256637061435917246e+00 5.648070154488944894e+00
4.188790204786390636e-01 -1.047197551196598297e+00 5.010229315136466965e+00
4.188790204786390636e-01 -8.377580409572784603e-01 4.781659689967765026e+00
4.188790204786390636e-01 -6.283185307179586232e-01 4.879098130957617130e+00
4.188790204786390636e-01 -4.188790204786396743e-01 4.762967204611665117e+00
4.188790204786390636e-01 -2.094395102393198371e-01 4.259974972989974518e+00
4.188790204786390636e-01 0.000000000000000000e+00 3.687734506736143558e+00
4.188790204786390636e-01 2.094395102393195318e-01 3.687734506736143558e+00
4.188790204786390636e-01 4.188790204786390636e-01 3.272007816316856221e+00
4.188790204786390636e-01 6.283185307179586232e-01 2.987837802698876111e+00
4.188790204786390636e-01 8.377580409572781273e-01 2.845105468062813170e+00
4.188790204786390636e-01 1.047197551196597631e+00 2.927027017274445253e+00
4.188790204786390636e-01 1.256637061435917246e+00 3.222470108033526515e+00
4.188790204786390636e-01 1.466076571675236861e+00 3.405607062343762870e+00
4.188790204786390636e-01 1.675516081914556255e+00 3.104541350785514187e+00
4.188790204786390636e-01 1.884955592153875870e+00 2.667654659302646891e+00
4.188790204786390636e-01 2.094395102393195263e+00 2.226255012784740472e+00
4.188790204786390636e-01 2.303834612632514656e+00 1.778574506314520409e+00
4.188790204786390636e-01 2.513274122871834049e+00 1.427915892843545587e+00
4.188790204786390636e-01 2.722713633111153886e+00 1.309967800616759881e+00
4.188790204786390636e-01 2.932153143350473279e+00 1.477358291773737786e+00
4.188790204786390636e-01 3.141592653589792672e+00 1.857393657923303465e+00
6.283185307179586232e-01 -3.141592653589793116e+00 2.846001275726550261e+00
6.283185307179586232e-01 -2.932153143350473723e+00 3.518704823059771503e+00
6.283185307179586232e-01 -2.722713633111154330e+00 4.260161551958900006e+00
6.283185307179586232e-01 -2.513274122871834493e+00 5.033472293156239452e+00
6.283185307179586232e-01 -2.303834612632515100e+00 5.900692599686953699e+00
6.283185307179586232e-01 -2.094395102393195707e+00 6.624889056700208556e+00
6.283185307179586232e-01 -1.884955592153875870e+00 7.130005830700474334e+00
6.283185307179586232e-01 -1.675516081914556921e+00 7.404636837659079873e+00
6.283185307179586232e-01 -1.466076571675237084e+00 6.852694873011123455e+00
6.283185307179586232e-01 -1.256637061435917246e+00 6.156575893071144279e+00
6.283185307179586232e-01 -1.047197551196598297e+00 5.475063762356963792e+00
6.283185307179586232e-01 -8.377580409572784603e-01 5.205952856213472479e+00
6.283185307179586232e-01 -6.283185307179586232e-01 5.096153921959363231e+00
6.283185307179586232e-01 -4.188790204786396743e-01 4.788507924821916006e+00
6.283185307179586232e-01 -2.094395102393198371e-01 4.232642100168266808e+00
6.283185307179586232e-01 0.000000000000000000e+00 3.692987818101179709e+00
6.283185307179586232e-01 2.094395102393195318e-01 3.692987818101179709e+00
6.283185307179586232e-01 4.188790204786390636e-01 3.319594390862234068e+00
6.283185307179586232e-01 6.283185307179586232e-01 2.992328074172065477e+00
6.283185307179586232e-01 8.377580409572781273e-01 2.772647770935102507e+00
6.283185307179586232e-01 1.047197551196597631e+00 2.804462719258995484e+00
6.283185307179586232e-01 1.256637061435917246e+00 3.124918031134919616e+00
6.283185307179586232e-01 1.466076571675236861e+00 3.629386953700188823e+00
6.283185307179586232e-01 1.675516081914556255e+00 3.711299024803465851e+00
6.283185307179586232e-01 1.884955592153875870e+00 3.288318908206867341e+00
6.283185307179586232e-01 2.094395102393195263e+00 2.764569150213678217e+00
6.283185307179586232e-01 2.303834612632514656e+00 2.255685982739687567e+00
6.283185307179586232e-01 2.513274122871834049e+00 1.894728334194270225e+00
6.283185307179586232e-01 2.722713633111153886e+00 1.777584765156147384e+00
6.283185307179586232e-01 2.932153143350473279e+00 1.940771992871298757e+00
6.283185307179586232e-01 3.141592653589792672e+00 2.314247491282696245e+00
8.377580409572781273e-01 -3.141592653589793116e+00 3.231799158573226638e+00
8.377580409572781273e-01 -2.932153143350473723e+00 3.938352734689348100e+00
8.377580409572781273e-01 -2.722713633111154330e+00 4.737762715689300741e+00
8.377580409572781273e-01 -2.513274122871834493e+00 5.611220878677087853e+00
8.377580409572781273e-01 -2.303834612632515100e+00 6.414229637400445050e+00
8.377580409572781273e-01 -2.094395102393195707e+00 6.834412830850232545e+00
8.377580409572781273e-01 -1.884955592153875870e+00 7.453438845926099177e+00
8.377580409572781273e-01 -1.675516081914556921e+00 7.648956325515997356e+00
8.377580409572781273e-01 -1.466076571675237084e+00 7.282647274530421377e+00
8.377580409572781273e-01 -1.256637061435917246e+00 6.655949507012160815e+00
8.377580409572781273e-01 -1.047197551196598297e+00 5.956948800634145336e+00
8.377580409572781273e-01 -8.377580409572784603e-01 5.551812372799581397e+00
8.377580409572781273e-01 -6.283185307179586232e-01 5.225618064965454224e+00
8.377580409572781273e-01 -4.188790204786396743e-01 4.851190274880625708e+00
8.377580409572781273e-01 -2.094395102393198371e-01 4.352644533968249796e+00
8.377580409572781273e-01 0.000000000000000000e+00 3.924218749860926447e+00
8.377580409572781273e-01 2.094395102393195318e-01 3.924218749860926447e+00
8.377580409572781273e-01 4.188790204786390636e-01 3.640440715073961719e+00
8.377580409572781273e-01 6.283185307179586232e-01 3.306207126978887523e+00
8.377580409572781273e-01 8.377580409572781273e-01 3.019855853032464399e+00
8.377580409572781273e-01 1.047197551196597631e+00 3.014167542703741987e+00
8.377580409572781273e-01 1.256637061435917246e+00 3.333407467872978369e+00
8.377580409572781273e-01 1.466076571675236861e+00 3.880555238403316398e+00
8.377580409572781273e-01 1.675516081914556255e+00 4.199038376376489801e+00
8.377580409572781273e-01 1.884955592153875870e+00 3.803912764241051736e+00
8.377580409572781273e-01 2.094395102393195263e+00 3.181572399732651490e+00
8.377580409572781273e-01 2.303834612632514656e+00 2.618377603397632036e+00
8.377580409572781273e-01 2.513274122871834049e+00 2.247761484524271047e+00
8.377580409572781273e-01 2.722713633111153886e+00 2.137065748000408938e+00
8.377580409572781273e-01 2.932153143350473279e+00 2.310648363347264755e+00
8.377580409572781273e-01 3.141592653589792672e+00 2.703904210868980584e+00
1.047197551196597631e+00 -3.141592653589793116e+00 3.444210566470266688e+00
1.047197551196597631e+00 -2.932153143350473723e+00 4.275553795453170380e+00
1.047197551196597631e+00 -2.722713633111154330e+00 5.277637596534504816e+00
1.047197551196597631e+00 -2.513274122871834493e+00 6.186513376276342235e+00
1.047197551196597631e+00 -2.303834612632515100e+00 6.935550031559821527e+00
1.047197551196597631e+00 -2.094395102393195707e+00 7.369262358991846895e+00
1.047197551196597631e+00 -1.884955592153875870e+00 8.137279653669985180e+00
1.047197551196597631e+00 -1.675516081914556921e+00 7.715260541105185332e+00
1.047197551196597631e+00 -1.466076571675237084e+00 7.436723672653124062e+00
1.047197551196597631e+00 -1.256637061435917246e+00 6.970951068333996581e+00
1.047197551196597631e+00 -1.047197551196598297e+00 6.280608372138448914e+00
1.047197551196597631e+00 -8.377580409572784603e-01 5.591498814885916602e+00
1.047197551196597631e+00 -6.283185307179586232e-01 5.165965199073853320e+00
1.047197551196597631e+00 -4.188790204786396743e-01 4.977601770947227777e+00
1.047197551196597631e+00 -2.094395102393198371e-01 4.726408071296383184e+00
1.047197551196597631e+00 0.000000000000000000e+00 4.445955949543763275e+00
1.047197551196597631e+00 2.094395102393195318e-01 4.445955949543763275e+00
1.047197551196597631e+00 4.188790204786390636e-01 4.217747228645370328e+00
1.047197551196597631e+00 6.283185307179586232e-01 3.874521819520869048e+00
1.047197551196597631e+00 8.377580409572781273e-01 3.521231123781492389e+00
1.047197551196597631e+00 1.047197551196597631e+00 3.485466119877324243e+00
1.047197551196597631e+00 1.256637061435917246e+00 3.797830140180868508e+00
1.047197551196597631e+00 1.466076571675236861e+00 4.264831671434621718e+00
1.047197551196597631e+00 1.675516081914556255e+00 4.543496727097678267e+00
1.047197551196597631e+00 1.884955592153875870e+00 4.147606964445180289e+00
1.047197551196597631e+00 2.094395102393195263e+00 3.497856878779898704e+00
1.047197551196597631e+00 2.303834612632514656e+00 2.917749814736250169e+00
1.047197551196597631e+00 2.513274122871834049e+00 2.508935395231180809e+00
1.047197551196597631e+00 2.722713633111153886e+00 2.364474685656773545e+00
1.047197551196597631e+00 2.932153143350473279e+00 2.538427257711016960e+00
1.047197551196597631e+00 3.141592653589792672e+00 2.920631700986775048e+00
1.256637061435917246e+00 -3.141592653589793116e+00 3.363215608105143417e+00
1.256637061435917246e+00 -2.932153143350473723e+00 4.311799203577026063e+00
1.256637061435917246e+00 -2.722713633111154330e+00 5.580776909936221664e+00
1.256637061435917246e+00 -2.513274122871834493e+00 6.723392118479484481e+00
1.256637061435917246e+00 -2.303834612632515100e+00 7.500449132257526408e+00
1.256637061435917246e+00 -2.094395102393195707e+00 8.164585803418958676e+00
1.256637061435917246e+00 -1.884955592153875870e+00 9.214022559168654425e+00
1.256637061435917246e+00 -1.675516081914556921e+00 7.968023069931149394e+00
1.256637061435917246e+00 -1.466076571675237084e+00 7.981571391011428318e+00
1.256637061435917246e+00 -1.256637061435917246e+00 7.088766532840622858e+00
1.256637061435917246e+00 -1.047197551196598297e+00 6.442056963205606834e+00
1.256637061435917246e+00 -8.377580409572784603e-01 5.751752035630733673e+00
1.256637061435917246e+00 -6.283185307179586232e-01 5.193768153712420066e+00
1.256637061435917246e+00 -4.188790204786396743e-01 5.084140227182571969e+00
1.256637061435917246e+00 -2.094395102393198371e-01 5.100831412453485036e+00
1.256637061435917246e+00 0.000000000000000000e+00 4.931350772508156233e+00
1.256637061435917246e+00 2.094395102393195318e-01 4.931350772508156233e+00
1.256637061435917246e+00 4.188790204786390636e-01 4.636085176094184135e+00
1.256637061435917246e+00 6.283185307179586232e-01 4.265396165813845286e+00
1.256637061435917246e+00 8.377580409572781273e-01 3.964111957407445264e+00
1.256637061435917246e+00 1.047197551196597631e+00 3.883680054608312116e+00
1.256637061435917246e+00 1.256637061435917246e+00 4.061844427354445841e+00
1.256637061435917246e+00 1.466076571675236861e+00 4.386675215334952860e+00
1.256637061435917246e+00 1.675516081914556255e+00 4.563133320223073497e+00
1.256637061435917246e+00 1.884955592153875870e+00 4.247957848446257678e+00
1.256637061435917246e+00 2.094395102393195263e+00 3.651885866346841869e+00
1.256637061435917246e+00 2.303834612632514656e+00 3.098424233256950266e+00
1.256637061435917246e+00 2.513274122871834049e+00 2.680408120788927206e+00
1.256637061435917246e+00 2.722713633111153886e+00 2.519062569209585156e+00
1.256637061435917246e+00 2.932153143350473279e+00 2.647968889186389507e+00
1.256637061435917246e+00 3.141592653589792672e+00 2.903600498782028083e+00
1.466076571675236861e+00 -3.141592653589793116e+00 3.163941196151421664e+00
1.466076571675236861e+00 -2.932153143350473723e+00 4.154611613266284031e+00
1.466076571675236861e+00 -2.722713633111154330e+00 5.669649765569759303e+00
1.466076571675236861e+00 -2.513274122871834493e+00 7.036001663157979813e+00
1.466076571675236861e+00 -2.303834612632515100e+00 7.794861109238068408e+00
1.466076571675236861e+00 -2.094395102393195707e+00 8.657313372822340369e+00
1.466076571675236861e+00 -1.884955592153875870e+00 1.346748634817442536e+01
1.466076571675236861e+00 -1.675516081914556921e+00 9.816267636753789105e+00
1.466076571675236861e+00 -1.466076571675237084e+00 8.254920404958355107e+00
1.466076571675236861e+00 -1.256637061435917246e+00 7.672964595196478221e+00
1.466076571675236861e+00 -1.047197551196598297e+00 6.782707600832440953e+00
1.466076571675236861e+00 -8.377580409572784603e-01 5.982750373602055305e+00
1.466076571675236861e+00 -6.283185307179586232e-01 5.416924697439343461e+00
1.466076571675236861e+00 -4.188790204786396743e-01 5.190268622477431038e+00
1.466076571675236861e+00 -2.094395102393198371e-01 5.195941820195741023e+00
1.466076571675236861e+00 0.000000000000000000e+00 4.989487232806807171e+00
1.466076571675236861e+00 2.094395102393195318e-01 4.989487232806807171e+00
1.466076571675236861e+00 4.188790204786390636e-01 4.574451590977803406e+00
1.466076571675236861e+00 6.283185307179586232e-01 4.309087305317735428e+00
1.466076571675236861e+00 8.377580409572781273e-01 4.143143138933461422e+00
1.466076571675236861e+00 1.047197551196597631e+00 4.113684098552283785e+00
1.466076571675236861e+00 1.256637061435917246e+00 4.242731080393730814e+00
1.466076571675236861e+00 1.466076571675236861e+00 4.412955370480668549e+00
1.466076571675236861e+00 1.675516081914556255e+00 4.433847108373287327e+00
1.466076571675236861e+00 1.884955592153875870e+00 4.128440028706230613e+00
1.466076571675236861e+00 2.094395102393195263e+00 3.588875267593817586e+00
1.466076571675236861e+00 2.303834612632514656e+00 3.081822282494220300e+00
1.466076571675236861e+00 2.513274122871834049e+00 2.709516757723439362e+00
1.466076571675236861e+00 2.722713633111153886e+00 2.577834622144474341e+00
1.466076571675236861e+00 2.932153143350473279e+00 2.648177642702660872e+00
1.466076571675236861e+00 3.141592653589792672e+00 2.754535501091162963e+00
1.675516081914556255e+00 -3.141592653589793116e+00 2.871014704666355666e+00
1.675516081914556255e+00 -2.932153143350473723e+00 3.943134300928821556e+00
1.675516081914556255e+00 -2.722713633111154330e+00 5.533933142111505887e+00
1.675516081914556255e+00 -2.513274122871834493e+00 7.094928307435711012e+00
1.675516081914556255e+00 -2.303834612632515100e+00 7.482383098751448358e+00
1.675516081914556255e+00 -2.094395102393195707e+00 8.311731004449335103e+00
1.675516081914556255e+00 -1.884955592153875870e+00 8.857829939769100491e+00
1.675516081914556255e+00 -1.675516081914556921e+00 8.374531098535177520e+00
1.675516081914556255e+00 -1.466076571675237084e+00 7.389218632892461613e+00
1.675516081914556255e+00 -1.256637061435917246e+00 6.934366020223583504e+00
1.675516081914556255e+00 -1.047197551196598297e+00 6.716786481309150680e+00
1.675516081914556255e+00 -8.377580409572784603e-01 6.003482022680850072e+00
1.675516081914556255e+00 -6.283185307179586232e-01 5.347790769153852430e+00
1.675516081914556255e+00 -4.188790204786396743e-01 5.039895589282503252e+00
1.675516081914556255e+00 -2.094395102393198371e-01 4.937463588393045555e+00
1.675516081914556255e+00 0.000000000000000000e+00 4.622934334769029263e+00
1.675516081914556255e+00 2.094395102393195318e-01 4.622934334769029263e+00
1.675516081914556255e+00 4.188790204786390636e-01 4.196026401324678190e+00
1.675516081914556255e+00 6.283185307179586232e-01 3.900297624245844919e+00
1.675516081914556255e+00 8.377580409572781273e-01 3.805987359611533005e+00
1.675516081914556255e+00 1.047197551196597631e+00 3.875856534964698508e+00
1.675516081914556255e+00 1.256637061435917246e+00 4.049950452200545392e+00
1.675516081914556255e+00 1.466076571675236861e+00 4.213085504272902959e+00
1.675516081914556255e+00 1.675516081914556255e+00 4.181727956690218129e+00
1.675516081914556255e+00 1.884955592153875870e+00 3.878998951023232333e+00
1.675516081914556255e+00 2.094395102393195263e+00 3.339815004154612854e+00
1.675516081914556255e+00 2.303834612632514656e+00 2.839120453463069627e+00
1.675516081914556255e+00 2.513274122871834049e+00 2.514953211540703837e+00
1.675516081914556255e+00 2.722713633111153886e+00 2.420666106117990601e+00
1.675516081914556255e+00 2.932153143350473279e+00 2.433609624024556162e+00
1.675516081914556255e+00 3.141592653589792672e+00 2.452356609149365152e+00
1.884955592153875870e+00 -3.141592653589793116e+00 2.614610004141619370e+00
1.884955592153875870e+00 -2.932153143350473723e+00 3.729423926025782876e+00
1.884955592153875870e+00 -2.722713633111154330e+00 5.335604636908628962e+00
1.884955592153875870e+00 -2.513274122871834493e+00 6.777229903275763689e+00
1.884955592153875870e+00 -2.303834612632515100e+00 7.648956325516020449e+00
1.884955592153875870e+00 -2.094395102393195707e+00 8.164585803418951571e+00
1.884955592153875870e+00 -1.884955592153875870e+00 7.622116526926520308e+00
1.884955592153875870e+00 -1.675516081914556921e+00 6.880133196452061561e+00
1.884955592153875870e+00 -1.466076571675237084e+00 6.266552951582401221e+00
1.884955592153875870e+00 -1.256637061435917246e+00 5.894045472127077190e+00
1.884955592153875870e+00 -1.047197551196598297e+00 5.782982149169589192e+00
1.884955592153875870e+00 -8.377580409572784603e-01 5.453171009954323800e+00
1.884955592153875870e+00 -6.283185307179586232e-01 5.160568957431363124e+00
1.884955592153875870e+00 -4.188790204786396743e-01 4.880832250059882860e+00
1.884955592153875870e+00 -2.094395102393198371e-01 4.683550963397724587e+00
1.884955592153875870e+00 0.000000000000000000e+00 4.241282991542735026e+00
1.884955592153875870e+00 2.094395102393195318e-01 4.241282991542735026e+00
1.884955592153875870e+00 4.188790204786390636e-01 3.482044965589249585e+00
1.884955592153875870e+00 6.283185307179586232e-01 2.919298678582778361e+00
1.884955592153875870e+00 8.377580409572781273e-01 2.719234931034274272e+00
1.884955592153875870e+00 1.047197551196597631e+00 2.785276753149969142e+00
1.884955592153875870e+00 1.256637061435917246e+00 3.023458482359470345e+00
1.884955592153875870e+00 1.466076571675236861e+00 3.301749259904021461e+00
1.884955592153875870e+00 1.675516081914556255e+00 3.417878924170520971e+00
1.884955592153875870e+00 1.884955592153875870e+00 3.193570333590591837e+00
1.884955592153875870e+00 2.094395102393195263e+00 2.718125203743808616e+00
1.884955592153875870e+00 2.303834612632514656e+00 2.300392652303711039e+00
1.884955592153875870e+00 2.513274122871834049e+00 2.043641360964010723e+00
1.884955592153875870e+00 2.722713633111153886e+00 2.005126981241938111e+00
1.884955592153875870e+00 2.932153143350473279e+00 2.064658390712262648e+00
1.884955592153875870e+00 3.141592653589792672e+00 2.137586520690206715e+00
2.094395102393195263e+00 -3.141592653589793116e+00 2.627021786234648992e+00
2.094395102393195263e+00 -2.932153143350473723e+00 3.734722670997850713e+00
2.094395102393195263e+00 -2.722713633111154330e+00 5.157018409117688051e+00
2.094395102393195263e+00 -2.513274122871834493e+00 6.255466681600189816e+00
2.094395102393195263e+00 -2.303834612632515100e+00 6.970951068333961942e+00
2.094395102393195263e+00 -2.094395102393195707e+00 7.512804658464607321e+00
2.094395102393195263e+00 -1.884955592153875870e+00 6.976003207201831202e+00
2.094395102393195263e+00 -1.675516081914556921e+00 5.733801821760902584e+00
2.094395102393195263e+00 -1.466076571675237084e+00 5.114752742995241519e+00
2.094395102393195263e+00 -1.256637061435917246e+00 4.862907439585066882e+00
2.094395102393195263e+00 -1.047197551196598297e+00 4.737703322449920762e+00
2.094395102393195263e+00 -8.377580409572784603e-01 4.665312152575046056e+00
2.094395102393195263e+00 -6.283185307179586232e-01 4.729036259136933040e+00
2.094395102393195263e+00 -4.188790204786396743e-01 4.801056365036015627e+00
2.094395102393195263e+00 -2.094395102393198371e-01 4.594522183311386954e+00
2.094395102393195263e+00 0.000000000000000000e+00 3.714081802644033647e+00
2.094395102393195263e+00 2.094395102393195318e-01 3.714081802644033647e+00
2.094395102393195263e+00 4.188790204786390636e-01 2.697901582300536116e+00
2.094395102393195263e+00 6.283185307179586232e-01 2.015993388420696419e+00
2.094395102393195263e+00 8.377580409572781273e-01 1.748343918540997688e+00
2.094395102393195263e+00 1.047197551196597631e+00 1.757384798238067258e+00
2.094395102393195263e+00 1.256637061435917246e+00 1.971047870445280736e+00
2.094395102393195263e+00 1.466076571675236861e+00 2.280123357308665888e+00
2.094395102393195263e+00 1.675516081914556255e+00 2.389230369344049532e+00
2.094395102393195263e+00 1.884955592153875870e+00 2.132005250483465453e+00
2.094395102393195263e+00 2.094395102393195263e+00 1.704634639641655403e+00
2.094395102393195263e+00 2.303834612632514656e+00 1.389479367782853414e+00
2.094395102393195263e+00 2.513274122871834049e+00 1.279931663241288708e+00
2.094395102393195263e+00 2.722713633111153886e+00 1.396941679037337458e+00
2.094395102393195263e+00 2.932153143350473279e+00 1.687898153444183480e+00
2.094395102393195263e+00 3.141592653589792672e+00 2.028487352391044496e+00
2.303834612632514656e+00 -3.141592653589793116e+00 2.738394318866064214e+00
2.303834612632514656e+00 -2.932153143350473723e+00 3.775010892130506779e+00
2.303834612632514656e+00 -2.722713633111154330e+00 4.856313130048773630e+00
2.303834612632514656e+00 -2.513274122871834493e+00 5.682258252959229594e+00
2.303834612632514656e+00 -2.303834612632515100e+00 6.375940030856399154e+00
2.303834612632514656e+00 -2.094395102393195707e+00 6.794751480581217251e+00
2.303834612632514656e+00 -1.884955592153875870e+00 6.291774169587635690e+00
2.303834612632514656e+00 -1.675516081914556921e+00 5.098379311382066348e+00
2.303834612632514656e+00 -1.466076571675237084e+00 4.481953436403184554e+00
2.303834612632514656e+00 -1.256637061435917246e+00 4.179523389437646230e+00
2.303834612632514656e+00 -1.047197551196598297e+00 3.936669225097568781e+00
2.303834612632514656e+00 -8.377580409572784603e-01 3.795728642920083384e+00
2.303834612632514656e+00 -6.283185307179586232e-01 3.961917615829788186e+00
2.303834612632514656e+00 -4.188790204786396743e-01 4.410823524605492096e+00
2.303834612632514656e+00 -2.094395102393198371e-01 4.196505379211012077e+00
2.303834612632514656e+00 0.000000000000000000e+00 3.154907007093413540e+00
2.303834612632514656e+00 2.094395102393195318e-01 3.154907007093413540e+00
2.303834612632514656e+00 4.188790204786390636e-01 2.121902073534918998e+00
2.303834612632514656e+00 6.283185307179586232e-01 1.417498165719877301e+00
2.303834612632514656e+00 8.377580409572781273e-01 1.069480786564985797e+00
2.303834612632514656e+00 1.047197551196597631e+00 9.963376989197434419e-01
2.303834612632514656e+00 1.256637061435917246e+00 1.177621871896440853e+00
2.303834612632514656e+00 1.466076571675236861e+00 1.505933150835835788e+00
2.303834612632514656e+00 1.675516081914556255e+00 1.619914712004507873e+00
2.303834612632514656e+00 1.884955592153875870e+00 1.306219943184697030e+00
2.303834612632514656e+00 2.094395102393195263e+00 8.139979627717282007e-01
2.303834612632514656e+00 2.303834612632514656e+00 4.760711512573500559e-01
2.303834612632514656e+00 2.513274122871834049e+00 4.262117279497107947e-01
2.303834612632514656e+00 2.722713633111153886e+00 6.900595029977394379e-01
2.303834612632514656e+00 2.932153143350473279e+00 1.232826581443051239e+00
2.303834612632514656e+00 3.141592653589792672e+00 1.927148317653997633e+00
2.513274122871834049e+00 -3.141592653589793116e+00 2.685227121355675095e+00
2.513274122871834049e+00 -2.932153143350473723e+00 3.684619825367282608e+00
2.513274122871834049e+00 -2.722713633111154330e+00 4.720839697879395835e+00
2.513274122871834049e+00 -2.513274122871834493e+00 5.503021198206936582e+00
2.513274122871834049e+00 -2.303834612632515100e+00 6.236089885450411430e+00
2.513274122871834049e+00 -2.094395102393195707e+00 6.655949507012159927e+00
2.513274122871834049e+00 -1.884955592153875870e+00 5.981074763346500234e+00
2.513274122871834049e+00 -1.675516081914556921e+00 4.892382619229250551e+00
2.513274122871834049e+00 -1.466076571675237084e+00 4.252269840445481286e+00
2.513274122871834049e+00 -1.256637061435917246e+00 3.834352759526424403e+00
2.513274122871834049e+00 -1.047197551196598297e+00 3.453976274116521417e+00
2.513274122871834049e+00 -8.377580409572784603e-01 3.265257544220522945e+00
2.513274122871834049e+00 -6.283185307179586232e-01 3.456491370478601777e+00
2.513274122871834049e+00 -4.188790204786396743e-01 3.996782427219805367e+00
2.513274122871834049e+00 -2.094395102393198371e-01 3.780255803596486164e+00
2.513274122871834049e+00 0.000000000000000000e+00 2.751678716051856544e+00
2.513274122871834049e+00 2.094395102393195318e-01 2.751678716051856544e+00
2.513274122871834049e+00 4.188790204786390636e-01 1.767318391375967579e+00
2.513274122871834049e+00 6.283185307179586232e-01 1.046782629533235642e+00
2.513274122871834049e+00 8.377580409572781273e-01 6.272770067823891793e-01
2.513274122871834049e+00 1.047197551196597631e+00 4.976734084244335832e-01
2.513274122871834049e+00 1.256637061435917246e+00 6.733279691153852831e-01
2.513274122871834049e+00 1.466076571675236861e+00 1.049542124182222480e+00
2.513274122871834049e+00 1.675516081914556255e+00 1.292741352282577028e+00
2.513274122871834049e+00 1.884955592153875870e+00 1.078499284091960497e+00
2.513274122871834049e+00 2.094395102393195263e+00 5.799501279100760520e-01
2.513274122871834049e+00 2.303834612632514656e+00 1.984484542529909579e-01
2.513274122871834049e+00 2.513274122871834049e+00 1.150730326681422833e-01
2.513274122871834049e+00 2.722713633111153886e+00 3.779936260269288195e-01
2.513274122871834049e+00 2.932153143350473279e+00 9.694720546893544899e-01
2.513274122871834049e+00 3.141592653589792672e+00 1.778205493622962319e+00
2.722713633111153886e+00 -3.141592653589793116e+00 2.717979736618838515e+00
2.722713633111153886e+00 -2.932153143350473723e+00 3.730936188508151119e+00
2.722713633111153886e+00 -2.722713633111154330e+00 4.774636432424342658e+00
2.722713633111153886e+00 -2.513274122871834493e+00 5.638574820734704396e+00
2.722713633111153886e+00 -2.303834612632515100e+00 6.185165366786996799e+00
2.722713633111153886e+00 -2.094395102393195707e+00 6.784544742010607976e+00
2.722713633111153886e+00 -1.884955592153875870e+00 6.249812292780156930e+00
2.722713633111153886e+00 -1.675516081914556921e+00 5.133085330035515703e+00
2.722713633111153886e+00 -1.466076571675237084e+00 4.433169674305424302e+00
2.722713633111153886e+00 -1.256637061435917246e+00 3.872647090546238235e+00
2.722713633111153886e+00 -1.047197551196598297e+00 3.423191833310478938e+00
2.722713633111153886e+00 -8.377580409572784603e-01 3.222619763579077201e+00
2.722713633111153886e+00 -6.283185307179586232e-01 3.404133893850948667e+00
2.722713633111153886e+00 -4.188790204786396743e-01 3.909338144343578403e+00
2.722713633111153886e+00 -2.094395102393198371e-01 3.599346072517417117e+00
2.722713633111153886e+00 0.000000000000000000e+00 2.607533759648414939e+00
2.722713633111153886e+00 2.094395102393195318e-01 2.607533759648414939e+00
2.722713633111153886e+00 4.188790204786390636e-01 1.658282266858062570e+00
2.722713633111153886e+00 6.283185307179586232e-01 9.253387637629491014e-01
2.722713633111153886e+00 8.377580409572781273e-01 4.669289193469123300e-01
2.722713633111153886e+00 1.047197551196597631e+00 3.203340475364799267e-01
2.722713633111153886e+00 1.256637061435917246e+00 5.091761488730421892e-01
2.722713633111153886e+00 1.466076571675236861e+00 9.349941725005583848e-01
2.722713633111153886e+00 1.675516081914556255e+00 1.304813859003899790e+00
2.722713633111153886e+00 1.884955592153875870e+00 1.266517101672951506e+00
2.722713633111153886e+00 2.094395102393195263e+00 8.662785669291048762e-01
2.722713633111153886e+00 2.303834612632514656e+00 4.992802242085237485e-01
2.722713633111153886e+00 2.513274122871834049e+00 3.784231537983228644e-01
2.722713633111153886e+00 2.722713633111153886e+00 5.706425622876034609e-01
2.722713633111153886e+00 2.932153143350473279e+00 1.080256044661035864e+00
2.722713633111153886e+00 3.141592653589792672e+00 1.824394145251944543e+00
2.932153143350473279e+00 -3.141592653589793116e+00 2.925988110932993269e+00
2.932153143350473279e+00 -2.932153143350473723e+00 3.956262652065787311e+00
2.932153143350473279e+00 -2.722713633111154330e+00 4.988581903092936365e+00
2.932153143350473279e+00 -2.513274122871834493e+00 5.841106610264467314e+00
2.932153143350473279e+00 -2.303834612632515100e+00 6.427222644050723410e+00
2.932153143350473279e+00 -2.094395102393195707e+00 7.076630814216551713e+00
2.932153143350473279e+00 -1.884955592153875870e+00 6.886648565921039022e+00
2.932153143350473279e+00 -1.675516081914556921e+00 5.717911628302230653e+00
2.932153143350473279e+00 -1.466076571675237084e+00 4.929955286547111903e+00
2.932153143350473279e+00 -1.256637061435917246e+00 4.297395837727948198e+00
2.932153143350473279e+00 -1.047197551196598297e+00 3.822964487658709221e+00
2.932153143350473279e+00 -8.377580409572784603e-01 3.598967831969922759e+00
2.932153143350473279e+00 -6.283185307179586232e-01 3.731550956109950246e+00
2.932153143350473279e+00 -4.188790204786396743e-01 4.111405280960256370e+00
2.932153143350473279e+00 -2.094395102393198371e-01 3.721433480434987562e+00
2.932153143350473279e+00 0.000000000000000000e+00 2.749991302964705842e+00
2.932153143350473279e+00 2.094395102393195318e-01 2.749991302964705842e+00
2.932153143350473279e+00 4.188790204786390636e-01 1.826855446466538524e+00
2.932153143350473279e+00 6.283185307179586232e-01 1.115490478423228460e+00
2.932153143350473279e+00 8.377580409572781273e-01 6.701169003477640551e-01
2.932153143350473279e+00 1.047197551196597631e+00 5.422130580922832621e-01
2.932153143350473279e+00 1.256637061435917246e+00 7.497633338844773565e-01
2.932153143350473279e+00 1.466076571675236861e+00 1.181648325713803960e+00
2.932153143350473279e+00 1.675516081914556255e+00 1.558665689066738080e+00
2.932153143350473279e+00 1.884955592153875870e+00 1.569043919489412797e+00
2.932153143350473279e+00 2.094395102393195263e+00 1.212724979556478067e+00
2.932153143350473279e+00 2.303834612632514656e+00 8.454407148057681010e-01
2.932153143350473279e+00 2.513274122871834049e+00 6.908088918617947272e-01
2.932153143350473279e+00 2.722713633111153886e+00 8.362541367377300805e-01
2.932153143350473279e+00 2.932153143350473279e+00 1.298521078983618127e+00
2.932153143350473279e+00 3.141592653589792672e+00 2.013507125912916251e+00
3.141592653589792672e+00 -3.141592653589793116e+00 3.183373957330721371e+00
3.141592653589792672e+00 -2.932153143350473723e+00 4.192600975009542985e+00
3.141592653589792672e+00 -2.722713633111154330e+00 5.117161018573897380e+00
3.141592653589792672e+00 -2.513274122871834493e+00 6.037703462103958252e+00
3.141592653589792672e+00 -2.303834612632515100e+00 6.813769091798865141e+00
3.141592653589792672e+00 -2.094395102393195707e+00 7.464848474095838071e+00
3.141592653589792672e+00 -1.884955592153875870e+00 7.775152978106330437e+00
3.141592653589792672e+00 -1.675516081914556921e+00 6.569799631442124976e+00
3.141592653589792672e+00 -1.466076571675237084e+00 5.718065376478545403e+00
3.141592653589792672e+00 -1.256637061435917246e+00 5.062605344024044385e+00
3.141592653589792672e+00 -1.047197551196598297e+00 4.566020728034242637e+00
3.141592653589792672e+00 -8.377580409572784603e-01 4.301181895575463265e+00
3.141592653589792672e+00 -6.283185307179586232e-01 4.336884059326565399e+00
3.141592653589792672e+00 -4.188790204786396743e-01 4.496218979830061357e+00
3.141592653589792672e+00 -2.094395102393198371e-01 4.144371204439091017e+00
3.141592653589792672e+00 0.000000000000000000e+00 3.181253758709683854e+00
3.141592653589792672e+00 2.094395102393195318e-01 3.181253758709683854e+00
3.141592653589792672e+00 4.188790204786390636e-01 2.280073790547006762e+00
3.141592653589792672e+00 6.283185307179586232e-01 1.625995866550671298e+00
3.141592653589792672e+00 8.377580409572781273e-01 1.261656415942971510e+00
3.141592653589792672e+00 1.047197551196597631e+00 1.199430798470378035e+00
3.141592653589792672e+00 1.256637061435917246e+00 1.425534674422153536e+00
3.141592653589792672e+00 1.466076571675236861e+00 1.813434197097099965e+00
3.141592653589792672e+00 1.675516081914556255e+00 2.094299455014627220e+00
3.141592653589792672e+00 1.884955592153875870e+00 2.042211178340923805e+00
3.141592653589792672e+00 2.094395102393195263e+00 1.665747150393824372e+00
3.141592653589792672e+00 2.303834612632514656e+00 1.235306637977715560e+00
3.141592653589792672e+00 2.513274122871834049e+00 9.750786466358689619e-01
3.141592653589792672e+00 2.722713633111153886e+00 1.012060736505194791e+00
3.141592653589792672e+00 2.932153143350473279e+00 1.427886165331050616e+00
3.141592653589792672e+00 3.141592653589792672e+00 2.190857926510063169e+00
