2.7744971128508897    2.361274305336437    1.9865247783508644    1.7063282112917728    1.2931022823257095    1.0350462940235592    1.2453840778137637    1.3315775189589367    1.2808099028870221    1.103253108359229    0.6549484485264846    0.3188996958036123    0.18684063760634045    0.21061095438087535    0.5904358707734501    1.0270440329753165    1.2340283186940375    1.3184745906223725    1.051380452463909    0.8798760412117883    1.103253108359229    1.553751278715852    1.9119077666982545    2.2910571988729984    2.5327775720528045    
5.826156980003516    5.432395717030052    4.430453344151255    3.208520977260715    2.326120080623605    2.0873022743953165    2.423102241514353    2.52663324999449    1.898607502448073    1.2673977883765655    0.649166092488071    0.1717476605227296    0.0    0.1288814893516882    0.4969704895025485    1.0949365442585548    1.6657568340985178    2.1203164749413137    2.1370903166427375    1.9316952604775168    2.3414293612703183    3.274651635055208    4.461265710047286    5.474471649567209    5.835652714802453    
5.967258739568856    5.5519674359682085    4.547252345896962    3.281957878012663    2.3810157837643815    2.1418768789594456    2.482922299077203    2.5508013947529053    1.9055091863004736    1.271716499265579    0.6508841729077811    0.17135907956223934    0.0    0.12775160677734762    0.49036232796843476    1.0894719970504567    1.6742659492264262    2.1312191624989407    2.1536096643752733    1.962841611376472    2.3956414349554094    3.353522145710057    4.547587347498371    5.600051122686223    5.91854580190876    
6.10033899075912    5.628787224618109    4.60625848058725    3.2963814982068707    2.3897541328916314    2.158374705323294    2.509259092822433    2.559183285018898    1.9066377926208968    1.2715519081620654    0.6504829800751876    0.17025029581408024    0.0    0.1266350280311031    0.4843274911877773    1.0855967134097744    1.6790188506448975    2.141875845425811    2.172656365799529    1.9839174189278164    2.425017972189284    3.3887661106341396    4.579625268313263    5.6843696013205465    6.048458016413707    
6.211702836794617    5.70574775250484    4.633828700193971    3.3130097562734777    2.4043843594473855    2.172663851840283    2.525717080238533    2.5636532649783628    1.9082655047762933    1.2740195963066903    0.6518934825087294    0.16966178215482622    0.0    0.12606226747841676    0.4797529553422084    1.0811606639106954    1.6815301025910019    2.1472622254837765    2.189860685618982    2.007360322398747    2.454668500981091    3.4201558235430998    4.617276945786378    5.733624140857149    6.164075482846219    
6.243157047768764    5.733793425577004    4.641065659561872    3.3098297068173803    2.4018529942316924    2.1759547814294513    2.5338613541009063    2.568614492049401    1.9114488786278805    1.2782998084183772    0.6537689514131801    0.16963815114162129    0.0    0.12534905537697213    0.4749876483251849    1.075122482066703    1.6791797150349677    2.1476745343266814    2.1962311843575066    2.0140828433141174    2.4624509858286294    3.435144608593202    4.634952354456839    5.744403337241042    6.177986931938593    
6.230283569864394    5.707150179160967    4.625242200187463    3.2972931197011235    2.392302284237116    2.1729651726600387    2.5394023753856207    2.567656595489913    1.9089023967463221    1.2784836648355915    0.6542420819491664    0.16904986543671288    0.0    0.12516547515763993    0.47227659127338484    1.0710827146024353    1.6771786982695687    2.1462678058491407    2.2033184717789944    2.0245053942293993    2.471422059048149    3.4454516702512326    4.648315500354774    5.761870976354184    6.203719364513901    
6.260792280487879    5.7347098895217234    4.633320433607019    3.2989854188578214    2.3931469802086145    2.176744771347979    2.5443802096706465    2.5669249743116733    1.9062563664040026    1.277968628681919    0.6542101077534304    0.16851592786719036    0.0    0.12495280258973655    0.46932006926979497    1.067898761408182    1.6754800460119297    2.1442481139326484    2.2075840234951394    2.031761244907341    2.4810332524539986    3.459177997372848    4.660618513194425    5.769040870579258    6.182076233118401    
6.271335298679783    5.751175334712738    4.638734118907082    3.2949077308009866    2.386874490177944    2.1736099759695318    2.5445111559176294    2.565379552158522    1.9042131035283938    1.2774106798977543    0.6541869250908219    0.16803820506247408    0.0    0.12474653348222903    0.46701473807541055    1.0648375192358694    1.674259685695376    2.142370947640537    2.208628467985841    2.0348221055831592    2.4880985304343595    3.4690586057128034    4.663030274190084    5.777204767235229    6.169302948044788    
6.261398791629447    5.74780333479174    4.634061858279588    3.286074617254784    2.3800560949680216    2.170422426233818    2.5454955973070312    2.5647766675988573    1.9015198614993276    1.2762179613457632    0.6542328126322798    0.16762409362568587    0.0    0.12471179151025194    0.46493941148607026    1.0619280053129319    1.6728715183649814    2.1420412877480133    2.2132836729944665    2.0414248896820046    2.4960897432113627    3.4796640804698518    4.675057775085265    5.791806195652563    6.186220455263498    
6.280993967085554    5.751565093637031    4.620692925436437    3.2786842259834477    2.373211622860502    2.1674618971090904    2.5472907582087867    2.565208347066363    1.8997994739448847    1.2757078435357212    0.654629828214654    0.167423392067293    0.000293752792650555    0.12491733401556937    0.46314532981099854    1.0589200388702145    1.6715218502309455    2.1412330949430345    2.2163339356807956    2.046620669751466    2.503813360795698    3.488072099240441    4.680801096139004    5.803351655007272    6.195437850443716    
6.325962255629288    5.774682798937474    4.628225868696257    3.2766258024979944    2.371319879699479    2.1696617961923383    2.552179711604478    2.5642766673125785    1.8979947929685859    1.275140155360927    0.6551134322217352    0.16747226878260446    0.0006062455294323166    0.1254480973638585    0.4624351933401963    1.0570705807955236    1.6707999478701419    2.140851556213185    2.219449031750069    2.0522375281483716    2.511015183695402    3.4957003694625994    4.68430109110066    5.820782769200772    6.237362825222537    
6.348222865425415    5.7851852961257295    4.623779786547684    3.267897231234219    2.365454706386624    2.168643602444616    2.55431327890462    2.5639657756194922    1.8968147295465636    1.275061898814599    0.6557843355790127    0.167502922387725    0.0008498584018671405    0.1256689657011401    0.46165881834399075    1.0554017303629712    1.6699760720624797    2.1400758824565274    2.221815958469493    2.0563124134243775    2.5148625689043738    3.4973383753113687    4.684442037212973    5.809018358487432    6.258796856372144    
6.354350476122389    5.795923779123962    4.631117869425281    3.264846982565228    2.3617427524645405    2.1672719178978355    2.554993261635692    2.563016962639499    1.8954816790533864    1.2749651857708741    0.6558725502465029    0.16703984218865364    0.0007388594558297356    0.1258184852174799    0.46104413394382077    1.0541775147409143    1.6699650361131015    2.140347560685722    2.226149025432386    2.063520276733609    2.5237288733816974    3.5058012598908266    4.691844076915015    5.8148174771268755    6.267341822947884    
6.360869840693764    5.792715152588216    4.633713484047225    3.2658336392342795    2.362128839186129    2.1673676737349155    2.556893978533766    2.563199344246375    1.8952715255504688    1.2750637807342096    0.656314939466704    0.16669645979204523    0.000687760710383508    0.12598976531841713    0.4603201886533365    1.0524551014099692    1.6693016915850623    2.1396378153892703    2.2284613588431874    2.0667940961514093    2.526720426905987    3.509071988982782    4.695638258578654    5.825987712556257    6.290030294159346    
6.373590362532632    5.80270047597808    4.63864381188544    3.2683581454476305    2.3639170275916666    2.168992590186446    2.5595226823779744    2.5637261566406315    1.8955296708686549    1.275499538027564    0.6566031185493708    0.1663022599131951    0.00042257981272456665    0.1260363471478044    0.4599610111868236    1.0512158999220724    1.668338846131962    2.1388501258898134    2.23057775450381    2.070380439962984    2.5304800966114036    3.5123023953388732    4.696390083305335    5.827830359651797    6.297579230395342    
6.375305468102167    5.805974315686301    4.643900044498693    3.271228254049623    2.3665755291738613    2.1714350487754746    2.5624585018881696    2.5649342602858165    1.8960741416157183    1.2760115999634771    0.6569764230041688    0.16589996794591236    0.0002114680092660734    0.12603904108044223    0.4596297776521739    1.0499496547741651    1.667159583023567    2.137350811316788    2.2315320924136963    2.0728050168733434    2.5325455272523496    3.5148478750656844    4.699031879838537    5.829380762320764    6.289647827095459    
6.395762109142286    5.818445307305947    4.64527314168751    3.274955094109735    2.3688376303409124    2.173160444431478    2.56478607632593    2.5653300755461097    1.8953523888222523    1.276125910290637    0.6572872968863495    0.16570222059876433    0.0002553997158277121    0.12635722503305183    0.459428122486339    1.048997579272892    1.666952426460978    2.137756230244971    2.2340543202896104    2.0760632100879715    2.535087771351744    3.5164029273961046    4.698208612949482    5.82945518091459    6.309519108102269    
6.419494659345982    5.819954275591011    4.645743354981541    3.27934368081556    2.3715236386673118    2.1750017743619896    2.567787725127986    2.566673118967819    1.895709817636589    1.276817757625851    0.6575365389625499    0.16540824886978261    0.0002823172900850244    0.1265823981649488    0.45921097270889044    1.0479266753878729    1.6668131342526278    2.1381818010969647    2.237525923535786    2.081194397204535    2.5395136376590255    3.5216699224122308    4.704140200346685    5.8386620245371805    6.327668921076509    
6.420286679922349    5.822637415424889    4.647918645496036    3.2791426675667537    2.3709288249981544    2.1750872641000067    2.5692171613219403    2.56710002875956    1.8961857066786634    1.2776526163118698    0.6580371313095635    0.1652993904779954    0.00040317149673471664    0.12688597830948545    0.4590479529224481    1.0469457170097078    1.6666982908019115    2.139217953213859    2.2411160924736113    2.086075915089266    2.5440807636374663    3.525800943241634    4.710079505015399    5.843241385781523    6.3181302438407325    
6.421601848326012    5.824394308239833    4.651085718670519    3.2818113189568474    2.3715724157119396    2.1747012819456106    2.57019960227751    2.567682849561856    1.8959710011950153    1.2780264683223446    0.6583235920460456    0.1650820277667476    0.0005235858159359577    0.12723859491219555    0.45902110889569825    1.0462941754102952    1.666663248348731    2.1400041914535803    2.2435692619332372    2.0900701884935735    2.549008600920778    3.5301523103317143    4.714270717895966    5.8344104749628745    6.30478797802307    
