3.536930931236802467e-01 6.101896666666666302e-01 7.958556844427153010e+01 6.040831567117331247e+01
3.542112237771100069e-01 6.124953333333333916e-01 7.989052367388784148e+01 6.059315525423095039e+01
3.524362895759841630e-01 6.277136666666667253e-01 6.883269439459617445e+01 6.247997110525419373e+01
3.554185016637508854e-01 6.170346666666666202e-01 7.264737808727713286e+01 6.105287736084677164e+01
5.962364599706282409e-01 6.103009999999999824e-01 8.017976623746568521e+01 4.977521521316838005e+01
2.637284187230534149e-01 6.215973333333333350e-01 7.416895435352327581e+01 6.467830305964655224e+01
4.013753751214749199e-01 6.316923333333333002e-01 7.870657047428181841e+01 6.292150750001966486e+01
6.267581033776159494e-01 6.245506666666665874e-01 7.791131689054390108e+01 5.281536507267540514e+01
2.782965161981521551e-01 6.510226666666666384e-01 7.421294586262790460e+01 6.618293689953044634e+01
3.652054067815420635e-01 6.324743333333333606e-01 7.302829679458102419e+01 6.475747036599450723e+01
5.574233048970252957e-01 6.364146666666665730e-01 7.842206894953017127e+01 5.888651705900613820e+01
4.994788636955926897e-01 6.196126666666667004e-01 7.551777173525135822e+01 6.060778105722820897e+01
3.517798721644019300e-01 6.289036666666666386e-01 8.448243774840543097e+01 6.272306315327126924e+01
3.507783093630921223e-01 6.217850000000000321e-01 7.819412800566789201e+01 6.290492198558644077e+01
3.483003807477965119e-01 5.995556666666667089e-01 7.607777784534115995e+01 5.989961508830577941e+01
4.226295894751295745e-01 6.426563333333333849e-01 7.786715366654507875e+01 6.248155577184467546e+01
3.657305941968276852e-01 6.412896666666666468e-01 7.205864288142720397e+01 6.531184733823897659e+01
4.416395614662915747e-01 6.491033333333333655e-01 7.556264748775851103e+01 6.321563215862970253e+01
3.676105143266195086e-01 6.365106666666666690e-01 7.597379490213009490e+01 6.523035139076503697e+01
5.758642308237320595e-01 6.080050000000000177e-01 7.531327783417000887e+01 5.009871934633591906e+01
6.818994787075283170e-01 6.214703333333333468e-01 7.455391708251588057e+01 5.210709454462158163e+01
3.661032991226727540e-01 6.384373333333334122e-01 7.232172103752149894e+01 6.498349366296869789e+01
4.894128384703556045e-01 6.580009999999999470e-01 7.495593014210626848e+01 6.297500759446927532e+01
4.473192104261398683e-01 6.442526666666665847e-01 7.462925076939529845e+01 6.338288679045066942e+01
4.307300195297079637e-01 6.644529999999999603e-01 7.705895025754762173e+01 6.341088352385867211e+01
5.002144092597160530e-01 6.599693333333332967e-01 8.968172587945394980e+01 6.101732122802036429e+01
4.475557278782827941e-01 6.339393333333332992e-01 7.864008498205772923e+01 6.340442823798056082e+01
4.336371587265628880e-01 6.472843333333333504e-01 7.625869216181193622e+01 6.518857890151556944e+01
4.306355606493673105e-01 6.566793333333333926e-01 7.896110830723138463e+01 6.425484675244321409e+01
5.273269213119571308e-01 6.213220000000000409e-01 8.155309158362558719e+01 6.131250613601247323e+01
6.755041284559342163e-01 6.308933333333333060e-01 7.892139926415900675e+01 5.272560408932444176e+01
3.570346654428130373e-01 6.192793333333334038e-01 8.441276033704050974e+01 6.120394237281082894e+01
3.905217728180486736e-01 6.346733333333333116e-01 8.496675184319920504e+01 6.499183950040280422e+01
3.446436386371015681e-01 6.064696666666666847e-01 7.347564899410974704e+01 6.105880619720195313e+01
4.483589426227031494e-01 6.455790000000000139e-01 8.202765679835869150e+01 6.410205549918364909e+01
3.515097144021762099e-01 6.280600000000000627e-01 8.650552461695852458e+01 6.248726008293890999e+01
3.548724874252345285e-01 6.183890000000000775e-01 7.928694890655160066e+01 6.108675294591946425e+01
2.792956780774468184e-01 6.647910000000000208e-01 8.964208279197737284e+01 6.516476423952605046e+01
5.688248127002473176e-01 6.066120000000000401e-01 8.038390600704833844e+01 4.939750106578298983e+01
5.056509656643402018e-01 6.714356666666666529e-01 7.928524885885212825e+01 6.125035540659131783e+01
5.306393112504114162e-01 6.720823333333333371e-01 7.691969231834319487e+01 6.062443568515902825e+01
4.248740316340633427e-01 6.490753333333333375e-01 7.677535890774753113e+01 6.362764504415606837e+01
4.419511579007753821e-01 6.523970000000000047e-01 9.489669743673702840e+01 6.397301276182606955e+01
5.289675359097039120e-01 6.667786666666666306e-01 9.686157570554237850e+01 6.093785564812033329e+01
5.517756293514439747e-01 6.469880000000000075e-01 8.120756394383295174e+01 6.005500307864183185e+01
4.165872463644730850e-01 6.793993333333334661e-01 7.921420853575176579e+01 6.262410384772161365e+01
5.616370325952133591e-01 6.295639999999999015e-01 8.346701862859680432e+01 6.910111750143732934e+01
4.936378586132658119e-01 6.589283333333333381e-01 7.906849587439057814e+01 6.179524270484172632e+01
4.621520408846742645e-01 6.928353333333333586e-01 8.925799024352591005e+01 7.067205426280278857e+01
6.505132028084982254e-01 6.610266666666666513e-01 9.399603104794266528e+01 5.954170231230038013e+01
5.662191901989716003e-01 6.495426666666667126e-01 7.906620250198793087e+01 6.122710803098524934e+01
5.321320018543548303e-01 6.469676666666667186e-01 8.668962201458805339e+01 6.579570833610284808e+01
5.139209762768944811e-01 6.410573333333333679e-01 8.156342013571017446e+01 6.561394034935776176e+01
6.445163422107039741e-01 6.325910000000000144e-01 7.276775363983283285e+01 5.283545807312562914e+01
5.502549799088284344e-01 6.495476666666667453e-01 7.867644306285112066e+01 5.994182556826159214e+01
5.172332791726588219e-01 6.433126666666666438e-01 8.255901275977672071e+01 6.574811705436276554e+01
5.537101555234997807e-01 6.531513333333333060e-01 8.011003798013879873e+01 5.990944566847936414e+01
2.654620328353608505e-01 6.270639999999999548e-01 7.513204779925909804e+01 6.518626475491336691e+01
5.528313008911207582e-01 6.110200000000000076e-01 8.034721475641646293e+01 5.709770704585331202e+01
5.355184531433465622e-01 6.186453333333333804e-01 8.777320402300678381e+01 6.042189962577876372e+01
5.991690360376604740e-01 6.411306666666666265e-01 8.397453311588003544e+01 7.090956760698520611e+01
3.459396712270698115e-01 6.070363333333332889e-01 7.507358620130618476e+01 6.094190180205750806e+01
6.273865825712870992e-01 6.403496666666667059e-01 7.863756981825653725e+01 5.521122131842339087e+01
4.314181922985404483e-01 6.438073333333332871e-01 7.791926384127123129e+01 6.324108931778364706e+01
4.431496706344922876e-01 6.382820000000000160e-01 7.731221553844342509e+01 6.363740250239078478e+01
4.463566723750311827e-01 6.557233333333334357e-01 7.228025468129239073e+01 6.358107735233316760e+01
4.379026331152338081e-01 6.495106666666666806e-01 8.602636663212865642e+01 6.325062267267918514e+01
4.905856144848067535e-01 6.556816666666667182e-01 7.821942218671603086e+01 6.207168584596526273e+01
5.336461203041228396e-01 6.516226666666665723e-01 7.860311319707822975e+01 6.548212333033077925e+01
4.805872158885383105e-01 6.459043333333334136e-01 8.174723887953459212e+01 6.260471413374811078e+01
3.556293153502451676e-01 6.321363333333333001e-01 7.754155854624937660e+01 6.366897710270576738e+01
4.434356123141124373e-01 6.481860000000000399e-01 8.075430091499002572e+01 6.407847141086637066e+01
5.503104011198473033e-01 6.313980000000000148e-01 7.541564653648336503e+01 5.808742581649939751e+01
5.028045907215697996e-01 6.685143333333333215e-01 8.225091068234679881e+01 6.111271516575897067e+01
3.961541043547560093e-01 6.151186666666667024e-01 8.508960606160472651e+01 6.235795950304410695e+01
3.525396416296133761e-01 6.269569999999999865e-01 7.481228022172966519e+01 6.208964095576317277e+01
3.523674579599161971e-01 6.299049999999999372e-01 7.069756524453687518e+01 6.234709203329333604e+01
6.111091308090914609e-01 6.200246666666666684e-01 8.332716572216250484e+01 5.264545239696171564e+01
3.561975785186515808e-01 6.195576666666666732e-01 7.618891361797251705e+01 6.132711432140862939e+01
3.843146147985549987e-01 6.177839999999999998e-01 7.172722796136852708e+01 6.261855881022535186e+01
3.532818953494786807e-01 6.276530000000000165e-01 8.309610315237149791e+01 6.197342782103230263e+01
3.538398436710174511e-01 6.050613333333333399e-01 7.387190705397341617e+01 6.071832620302580352e+01
3.565651898072789705e-01 6.127786666666666937e-01 7.440380663177155895e+01 6.111750268830489574e+01
3.512913561607612922e-01 6.037443333333333273e-01 8.029568823552384060e+01 6.193405314962762986e+01
6.495897997751706177e-01 6.186103333333332621e-01 7.710089518711177448e+01 5.118496812672657370e+01
3.529387376365304974e-01 5.982783333333333564e-01 8.040048060990510237e+01 6.004098175923326153e+01
3.532787793044909752e-01 6.313306666666665956e-01 8.282789124037749673e+01 6.238136282506272323e+01
3.568064615863880684e-01 6.295370000000000132e-01 8.809252774654552809e+01 6.232678821593123075e+01
3.581507572964425234e-01 6.267473333333333230e-01 8.388391762059079326e+01 6.194761084388050421e+01
4.958238788294282440e-01 6.217963333333332843e-01 8.196571971557546021e+01 6.048670302978352709e+01
5.341231884781221240e-01 6.158649999999999958e-01 7.971195213102083699e+01 6.645252716985432073e+01
3.684662265037497164e-01 6.445756666666666579e-01 8.767859212819362824e+01 6.557592212431856638e+01
6.673225737830685844e-01 6.303066666666666817e-01 9.074635223292463593e+01 5.224691804358950264e+01
4.957621090152397603e-01 6.085099999999999953e-01 9.092406735135963913e+01 6.115849163206195271e+01
3.529136924815250431e-01 6.296580000000000510e-01 9.310445794562500055e+01 6.249822017052807155e+01
6.303469636296976653e-01 6.105113333333332948e-01 8.881350869131088643e+01 5.207561154674505133e+01
3.511386133628259798e-01 6.127446666666666042e-01 8.999986275895297183e+01 6.202562571728912388e+01
4.850862748056530838e-01 6.522270000000000012e-01 8.635743104544351922e+01 6.459357345627060454e+01
7.759987830360741690e-01 6.184943333333333682e-01 1.079841561280557016e+02 5.577805970253160694e+01
4.092978214883766230e-01 6.355070000000000441e-01 8.792244289215588537e+01 6.339053201026260354e+01
5.454980991458747708e-01 6.272626666666666351e-01 9.906611597571281891e+01 6.664199409099499860e+01
