0.000000000000000000e+00 6.101896666666666302e-01 7.958556844427154431e+01
2.839472085809066071e-01 6.124953333333333916e-01 7.989052367388785569e+01
2.640946332337877900e-01 6.277136666666667253e-01 6.883269439459620287e+01
2.481283405054730828e-01 6.170346666666666202e-01 7.264737808727713286e+01
2.577347472518985438e-01 6.103009999999999824e-01 8.017976623746567100e+01
2.763981636482253368e-01 6.215973333333333350e-01 7.416895435352324739e+01
1.943076706731992342e-01 6.316923333333333002e-01 7.870657047428180420e+01
2.055892539723049028e-01 6.245506666666665874e-01 7.791131689054391529e+01
2.156049878017667343e-01 6.510226666666666384e-01 7.421294586262786197e+01
2.864671997448690055e-01 6.324743333333333606e-01 7.302829679458103840e+01
4.678399852185930463e-01 6.364146666666665730e-01 7.842206894953017127e+01
3.713298324241012249e-01 6.196126666666667004e-01 7.551777173525135822e+01
1.194568389279855314e-01 6.289036666666666386e-01 8.448243774840537412e+01
1.697033552310225901e-01 6.217850000000000321e-01 7.819412800566792043e+01
2.393101597522902246e-01 5.995556666666667089e-01 7.607777784534115995e+01
2.737412017697251065e-01 6.426563333333333849e-01 7.786715366654507875e+01
3.356738716615015883e-01 6.412896666666666468e-01 7.205864288142726082e+01
2.980823458688331429e-01 6.491033333333333655e-01 7.556264748775853946e+01
1.904563327449803611e-01 6.365106666666666690e-01 7.597379490213006648e+01
2.966620595833282525e-01 6.080050000000000177e-01 7.531327783416996624e+01
2.875841102015972428e-01 6.214703333333333468e-01 7.455391708251590899e+01
3.627777737784753653e-01 6.384373333333334122e-01 7.232172103752151315e+01
2.161382601875219134e-01 6.580009999999999470e-01 7.495593014210619742e+01
1.842952358774125055e-01 6.442526666666665847e-01 7.462925076939528424e+01
2.758495210877360271e-01 6.644529999999999603e-01 7.705895025754762173e+01
2.112422795380802798e-01 6.599693333333332967e-01 8.968172587945393559e+01
1.415899611146370640e-01 6.339393333333332992e-01 7.864008498205772923e+01
1.516544442796773917e-01 6.472843333333333504e-01 7.625869216181196464e+01
3.119725788418307166e-01 6.566793333333333926e-01 7.896110830723137042e+01
4.149229935566356997e-01 6.213220000000000409e-01 8.155309158362561561e+01
3.759001418326119448e-01 6.308933333333333060e-01 7.892139926415899254e+01
2.111965122520835236e-01 6.192793333333334038e-01 8.441276033704048132e+01
2.009255190420902171e-01 6.346733333333333116e-01 8.496675184319917662e+01
1.779444519034583949e-01 6.064696666666666847e-01 7.347564899410973283e+01
1.292403914081559357e-01 6.455790000000000139e-01 8.202765679835871993e+01
1.265501575410583057e-01 6.280600000000000627e-01 8.650552461695852458e+01
2.289793786285374555e-01 6.183890000000000775e-01 7.928694890655158645e+01
2.469900753892305678e-01 6.647910000000000208e-01 8.964208279197740126e+01
3.624902027666097037e-01 6.066120000000000401e-01 8.038390600704838107e+01
3.442257829814934778e-01 6.714356666666666529e-01 7.928524885885215667e+01
3.109694973728667211e-01 6.720823333333333371e-01 7.691969231834320908e+01
4.241251337176329406e-01 6.490753333333333375e-01 7.677535890774750271e+01
3.493411001757452117e-01 6.523970000000000047e-01 9.489669743673704261e+01
3.895422391199133139e-01 6.667786666666666306e-01 9.686157570554240692e+01
1.981092895878433791e-01 6.469880000000000075e-01 8.120756394383292331e+01
4.023407591010386697e-01 6.793993333333334661e-01 7.921420853575173737e+01
3.685877641700669449e-01 6.295639999999999015e-01 8.346701862859683274e+01
2.962276113760424212e-01 6.589283333333333381e-01 7.906849587439054972e+01
4.598631992079576514e-01 6.928353333333333586e-01 8.925799024352588162e+01
3.836814169585664458e-01 6.610266666666666513e-01 9.399603104794263686e+01
2.612023483542552649e-01 6.495426666666667126e-01 7.906620250198795929e+01
4.763053888263283908e-01 6.469676666666667186e-01 8.668962201458811023e+01
4.802613343555776626e-01 6.410573333333333679e-01 8.156342013571016025e+01
3.465471437728366855e-01 6.325910000000000144e-01 7.276775363983281864e+01
4.596606108805832980e-01 6.495476666666667453e-01 7.867644306285116329e+01
3.189050644496989606e-01 6.433126666666666438e-01 8.255901275977670650e+01
3.158082940563433083e-01 6.531513333333333060e-01 8.011003798013879873e+01
3.300030507695682069e-01 6.270639999999999548e-01 7.513204779925911225e+01
3.878848708156411029e-01 6.110200000000000076e-01 8.034721475641646293e+01
3.809977605760956898e-01 6.186453333333333804e-01 8.777320402300681224e+01
2.286277567755548301e-01 6.411306666666666265e-01 8.397453311588000702e+01
2.387994750126835874e-01 6.070363333333332889e-01 7.507358620130621318e+01
2.504905171358788318e-01 6.403496666666667059e-01 7.863756981825649461e+01
1.800612559751078590e-01 6.438073333333332871e-01 7.791926384127120286e+01
2.254311516053429387e-01 6.382820000000000160e-01 7.731221553844338246e+01
2.137668955193951503e-01 6.557233333333334357e-01 7.228025468129241915e+01
2.132557903911013186e-01 6.495106666666666806e-01 8.602636663212865642e+01
3.401898778375264110e-01 6.556816666666667182e-01 7.821942218671607350e+01
3.648893475100819517e-01 6.516226666666665723e-01 7.860311319707822975e+01
2.026006273866013396e-01 6.459043333333334136e-01 8.174723887953459212e+01
2.290763128066957144e-01 6.321363333333333001e-01 7.754155854624939082e+01
2.622376424153397556e-01 6.481860000000000399e-01 8.075430091499003993e+01
3.830689116383340642e-01 6.313980000000000148e-01 7.541564653648335081e+01
2.085347970070650092e-01 6.685143333333333215e-01 8.225091068234684144e+01
1.867725239015513572e-01 6.151186666666667024e-01 8.508960606160471229e+01
1.867409726323247532e-01 6.269569999999999865e-01 7.481228022172966519e+01
1.794161188020741149e-01 6.299049999999999372e-01 7.069756524453686097e+01
2.624194663373466962e-01 6.200246666666666684e-01 8.332716572216250484e+01
1.801928568750098547e-01 6.195576666666666732e-01 7.618891361797254547e+01
2.235103666313190407e-01 6.177839999999999998e-01 7.172722796136849865e+01
1.259522312951311951e-01 6.276530000000000165e-01 8.309610315237149791e+01
1.234611319763790072e-01 6.050613333333333399e-01 7.387190705397335933e+01
1.826896042535899878e-01 6.127786666666666937e-01 7.440380663177158738e+01
2.019285487836944004e-01 6.037443333333333273e-01 8.029568823552385481e+01
2.752008614743460813e-01 6.186103333333332621e-01 7.710089518711177448e+01
2.404429490373502232e-01 5.982783333333333564e-01 8.040048060990510237e+01
2.974983711083325488e-01 6.313306666666665956e-01 8.282789124037748252e+01
2.699091120881661476e-01 6.295370000000000132e-01 8.809252774654549967e+01
2.668436672306673252e-01 6.267473333333333230e-01 8.388391762059080747e+01
3.553898870144043820e-01 6.217963333333332843e-01 8.196571971557543179e+01
3.845624755074842915e-01 6.158649999999999958e-01 7.971195213102082278e+01
4.148611052348324391e-01 6.445756666666666579e-01 8.767859212819365666e+01
4.902506680589249766e-01 6.303066666666666817e-01 9.074635223292460751e+01
5.144981616329320495e-01 6.085099999999999953e-01 9.092406735135966755e+01
5.145133972319001492e-01 6.296580000000000510e-01 9.310445794562501476e+01
4.699235699082706108e-01 6.105113333333332948e-01 8.881350869131082959e+01
5.359187841847971034e-01 6.127446666666666042e-01 8.999986275895294341e+01
5.229011869256199319e-01 6.522270000000000012e-01 8.635743104544351922e+01
6.968463624323673056e-01 6.184943333333333682e-01 1.079841561280556874e+02
3.316059362687385770e-01 6.355070000000000441e-01 8.792244289215588537e+01
5.578575692111941153e-01 6.272626666666666351e-01 9.906611597571281891e+01
