-1.238118999999999970e+00 2.125656999999999908e+00 -1.977240000000000109e+00 2.080845000000000056e+00 -1.648099999999999898e+00 3.092699999999999894e-01 -2.570749000000000173e+00 2.689735999999999905e+00 -1.552133999999999903e+00 2.959432000000000063e+00 3.750607000000000024e+00 3.457183999999999813e+00
-1.022845999999999922e+00 2.232622000000000106e+00 -1.062618000000000062e+00 2.160267000000000159e+00 -1.872722999999999915e+00 -2.944039999999999990e-01 -1.675651999999999919e+00 2.321350999999999942e+00 -1.455583000000000071e+00 2.234604000000000035e+00 2.706100000000000172e+00 2.603215000000000057e+00
-1.375861000000000001e+00 2.966943000000000108e+00 -1.449672000000000072e+00 1.562783000000000033e+00 -1.317031000000000063e+00 -4.029369999999999896e-01 -2.431867000000000001e+00 2.882340999999999820e+00 -2.414931000000000161e+00 2.017215999999999898e+00 2.398249999999999993e+00 2.607396000000000047e+00
-1.069938999999999973e+00 2.458089999999999886e+00 -1.587159999999999904e+00 1.735722999999999905e+00 -1.749068000000000067e+00 2.027619999999999978e-01 -2.767609000000000208e+00 9.501380000000000381e-01 -1.801055999999999990e+00 2.068467000000000056e+00 2.493790000000000173e+00 2.643648000000000220e+00
-1.034515000000000073e+00 2.419096000000000135e+00 -9.913549999999999862e-01 2.587562999999999835e+00 -2.169602999999999948e+00 -7.400480000000000391e-01 -1.276715000000000044e+00 2.202487999999999779e+00 -2.587979999999999947e+00 1.967465999999999937e+00 2.523324000000000122e+00 2.553020000000000067e+00
-1.305425999999999975e+00 2.442156999999999911e+00 -1.823792999999999997e+00 2.173089000000000048e+00 -1.206677000000000000e+00 -3.525030000000000108e-01 -1.412427000000000099e+00 7.528179999999999872e-01 -2.031201999999999952e+00 1.787902000000000102e+00 2.272311999999999887e+00 2.558631999999999795e+00
-1.130452000000000012e+00 2.312540999999999958e+00 -1.692242999999999942e+00 2.446076999999999835e+00 -1.298378000000000032e+00 -4.619699999999999918e-01 -1.930444999999999967e+00 6.255389999999999562e-01 -1.427897999999999890e+00 1.836559000000000053e+00 2.354302000000000117e+00 2.547893000000000185e+00
-1.251649000000000012e+00 2.215044999999999931e+00 -1.404404999999999903e+00 2.765254000000000101e+00 -1.060845000000000038e+00 -6.943240000000000522e-01 -2.828384999999999927e+00 2.718265000000000153e+00 -1.497767999999999988e+00 1.851350999999999969e+00 2.326636999999999844e+00 2.553074000000000066e+00
-5.706879999999999731e-01 2.150275000000000158e+00 -1.250613999999999892e+00 2.391519999999999868e+00 -1.302548000000000039e+00 -8.963449999999999473e-01 -1.186779999999999946e+00 2.508431999999999995e+00 -1.736567999999999889e+00 1.741160999999999959e+00 1.855328000000000088e+00 2.511390000000000011e+00
-1.149523000000000073e+00 2.523108000000000128e+00 -1.722145999999999955e+00 3.028586999999999918e+00 -2.013532000000000100e+00 4.751000000000000015e-03 -1.338368999999999920e+00 1.964320000000000066e+00 -2.131564000000000014e+00 1.683915999999999968e+00 1.906929000000000096e+00 2.539201999999999959e+00
-2.535655999999999910e+00 2.685705000000000009e+00 -1.185068000000000010e+00 2.678141999999999801e+00 -1.274326000000000070e+00 -5.419389999999999485e-01 -2.830293999999999865e+00 2.903080999999999801e+00 -2.498256000000000032e+00 1.689025999999999916e+00 1.811685999999999908e+00 2.552321000000000062e+00
-5.832859999999999712e-01 2.336962999999999901e+00 -6.523630000000000262e-01 2.698160000000000114e+00 -1.989503000000000021e+00 -1.182949000000000028e+00 -1.162711000000000050e+00 1.214001000000000108e+00 -1.640219000000000094e+00 1.663737000000000021e+00 1.809539000000000009e+00 2.527311999999999781e+00
-1.103137000000000034e+00 2.732457999999999831e+00 -1.391305000000000014e+00 2.578132000000000090e+00 -1.944107999999999947e+00 -1.702579999999999927e-01 -2.779637999999999831e+00 2.878289999999999793e+00 -1.484984999999999999e+00 1.809153999999999929e+00 2.136798000000000197e+00 2.362864000000000075e+00
-1.720887000000000056e+00 2.264256000000000046e+00 -8.744349999999999623e-01 2.410845999999999822e+00 -1.607961999999999891e+00 -1.015139999999999931e-01 3.104293000000000191e+00 2.513411000000000062e+00 -2.146419999999999995e+00 1.621609000000000078e+00 2.303180999999999923e+00 2.466342000000000034e+00
-2.027696000000000165e+00 2.900418000000000163e+00 -1.605361999999999956e+00 2.006883999999999890e+00 -9.978310000000000235e-01 -7.378719999999999724e-01 2.994358000000000075e+00 2.072217000000000198e+00 -1.204088000000000047e+00 1.861035999999999913e+00 2.142044999999999977e+00 2.356850000000000112e+00
-2.732565000000000133e+00 2.522823999999999955e+00 -1.498104000000000102e+00 2.710001999999999800e+00 -1.728372999999999937e+00 -1.187459999999999960e+00 -2.151857000000000131e+00 2.202421999999999880e+00 -1.329793999999999921e+00 1.839906999999999959e+00 2.146590999999999916e+00 2.285344999999999960e+00
-1.634285999999999905e+00 2.397968000000000099e+00 -6.884350000000000191e-01 2.437310000000000088e+00 -1.917785000000000073e+00 -1.122748999999999997e+00 -2.740889000000000131e+00 2.746729999999999894e+00 -1.962406000000000095e+00 1.858479999999999910e+00 1.994453000000000031e+00 2.315109000000000083e+00
-2.411289000000000016e+00 2.412580000000000169e+00 -1.215116000000000085e+00 2.696463000000000054e+00 -1.691378000000000048e+00 -5.743800000000000294e-02 -2.208883000000000152e+00 2.207352000000000203e+00 -1.463106000000000018e+00 1.804667999999999939e+00 2.191031999999999869e+00 2.157941000000000109e+00
-2.730236000000000107e+00 2.763024999999999842e+00 -1.048656000000000033e+00 2.231555999999999873e+00 -1.369776000000000105e+00 6.122299999999999964e-02 -2.187781000000000198e+00 2.436568999999999985e+00 -2.403391000000000055e+00 1.810491000000000072e+00 2.220927999999999791e+00 2.146726999999999830e+00
-1.259028000000000036e+00 2.654008999999999840e+00 -1.066915000000000058e+00 2.643168999999999880e+00 -1.338858000000000104e+00 -4.712529999999999775e-01 -2.288657999999999859e+00 1.961325999999999903e+00 -1.686474000000000029e+00 1.595728000000000035e+00 1.783212000000000019e+00 2.089284999999999837e+00
-1.088398999999999894e+00 2.390744999999999898e+00 -8.561879999999999491e-01 2.394686000000000092e+00 -1.662349000000000077e+00 -7.151699999999999724e-02 -2.603565999999999825e+00 2.392028999999999961e+00 -1.806119999999999948e+00 1.191821999999999937e+00 1.263371000000000022e+00 2.121195000000000164e+00
-2.129503000000000146e+00 2.689778000000000002e+00 -1.351094000000000017e+00 3.065758999999999901e+00 -1.651246999999999909e+00 -7.959600000000000009e-01 -3.031349999999999878e-01 2.000182000000000127e+00 -1.290256999999999987e+00 1.485001999999999933e+00 1.239714999999999900e+00 2.032687000000000133e+00
-1.890111000000000097e+00 2.569634000000000196e+00 -1.319153000000000020e+00 2.232254999999999878e+00 -1.146622000000000030e+00 -3.653959999999999986e-01 -1.882684999999999942e+00 1.935319999999999929e+00 -1.488869999999999916e+00 1.172172999999999909e+00 1.192682999999999938e+00 1.974183000000000021e+00
-1.562910999999999939e+00 1.768130999999999897e+00 -5.499800000000000244e-01 2.251876000000000211e+00 -1.287709999999999910e+00 -2.890840000000000076e-01 -1.964040000000000008e+00 2.567750999999999895e+00 -1.445294999999999996e+00 1.180928999999999895e+00 1.253363999999999923e+00 2.089564999999999895e+00
-2.391420000000000101e+00 2.752536999999999789e+00 -1.399850000000000039e+00 2.549805000000000099e+00 -2.888110999999999873e+00 7.818899999999999462e-02 -2.715886999999999940e+00 2.940030000000000143e+00 -1.177254000000000023e+00 1.325199999999999934e+00 1.436253000000000002e+00 2.231984999999999886e+00
-2.657631999999999994e+00 -2.685124000000000066e+00 -2.002000999999999920e+00 2.462254000000000165e+00 -1.062491999999999992e+00 -9.686860000000000470e-01 -1.802907999999999955e+00 -2.995090999999999948e+00 -1.778332000000000024e+00 1.339752999999999972e+00 1.418681000000000081e+00 2.296594999999999942e+00
-2.364104999999999901e+00 2.438187999999999800e+00 -1.044702999999999937e+00 2.424856999999999818e+00 -1.717762000000000011e+00 -4.898399999999999976e-02 -2.381568000000000129e+00 2.850665999999999922e+00 -1.899561000000000055e+00 1.236947000000000019e+00 1.625486999999999904e+00 2.372371999999999925e+00
-1.236005999999999938e+00 2.653132999999999964e+00 -2.362359999999999793e+00 2.832189000000000068e+00 -1.795031999999999961e+00 -1.551549999999999874e-01 -1.266245999999999983e+00 2.461235999999999979e+00 -1.670279999999999987e+00 1.294481999999999911e+00 1.436847999999999903e+00 2.443293000000000159e+00
-2.389171000000000156e+00 2.266763999999999779e+00 -1.077269999999999950e+00 2.462495999999999796e+00 -1.186360000000000081e+00 -6.595370000000000399e-01 -1.312402999999999986e+00 2.758223999999999787e+00 -1.753576999999999941e+00 1.352157999999999971e+00 1.190188999999999941e+00 2.175396000000000107e+00
-5.253700000000000037e-02 1.867488000000000037e+00 -1.370698999999999890e+00 2.461444000000000187e+00 -1.708474999999999966e+00 1.849979999999999958e-01 -2.719698000000000171e+00 2.811325000000000074e+00 -1.835749000000000075e+00 1.517754000000000048e+00 1.196164999999999923e+00 1.855927000000000104e+00
-2.161793999999999993e+00 2.499305999999999806e+00 -2.011229999999999851e+00 2.407071999999999878e+00 -1.708422000000000107e+00 -2.258910000000000085e-01 -2.119708000000000148e+00 2.443735999999999908e+00 -1.610946999999999907e+00 1.580553000000000097e+00 1.234502999999999906e+00 1.833574000000000037e+00
-3.076267999999999780e+00 2.195949000000000151e+00 -1.045244999999999980e+00 2.298613000000000017e+00 -9.482369999999999965e-01 -8.808570000000000011e-01 -8.661750000000000282e-01 2.860618000000000105e+00 -1.526280000000000081e+00 1.599413999999999891e+00 1.311504999999999921e+00 1.659588999999999981e+00
-2.206217999999999790e+00 2.134449000000000041e+00 -1.288237000000000076e+00 2.592071999999999932e+00 -1.404366999999999921e+00 1.338723000000000107e+00 3.032897999999999872e+00 1.911899999999999933e+00 -1.455880999999999981e+00 1.271185000000000009e+00 1.483815000000000106e+00 1.625909999999999966e+00
-1.057568999999999981e+00 2.013364000000000154e+00 -1.179912000000000072e+00 2.690341999999999789e+00 -9.381709999999999772e-01 -6.493010000000000170e-01 -1.346681000000000017e+00 2.451052999999999926e+00 -1.577147999999999994e+00 1.261887999999999899e+00 1.460741000000000067e+00 1.448339999999999961e+00
-2.586015000000000175e+00 2.282308000000000003e+00 -2.075292000000000137e+00 -3.092058000000000195e+00 -1.146895999999999916e+00 -5.622589999999999533e-01 -1.768509000000000109e+00 2.864705999999999975e+00 -1.715676999999999897e+00 1.332905000000000006e+00 1.385559999999999903e+00 1.585240999999999900e+00
-2.318531000000000120e+00 2.248089999999999922e+00 -1.946439999999999948e+00 -1.731055000000000010e+00 -2.125697000000000170e+00 -3.891040000000000054e-01 -2.426753999999999856e+00 2.605205999999999911e+00 -1.746253999999999973e+00 1.353525000000000089e+00 1.387680000000000025e+00 1.709851999999999927e+00
-2.203196000000000154e+00 2.315281000000000144e+00 -1.966841000000000061e+00 2.320987999999999829e+00 -1.065804999999999891e+00 -7.328470000000000262e-01 -1.358746999999999927e+00 1.876049000000000078e+00 -1.173125999999999891e+00 1.332322000000000006e+00 1.295843000000000078e+00 1.722579000000000082e+00
-2.172261000000000220e+00 2.130835999999999952e+00 -1.950380999999999920e+00 2.343989000000000100e+00 -2.105971999999999955e+00 1.618709999999999871e-01 -2.214285999999999976e+00 1.803220000000000045e+00 -1.154895999999999923e+00 1.225999000000000061e+00 1.469484000000000012e+00 1.760545000000000027e+00
2.162936999999999887e+00 2.107492999999999839e+00 -1.238947000000000020e+00 1.660555000000000003e+00 -1.858929000000000054e+00 -7.133399999999999463e-02 -1.906948000000000087e+00 2.676738999999999979e+00 -1.128687999999999914e+00 1.275047999999999959e+00 1.448944000000000010e+00 1.478780999999999901e+00
1.111280000000000046e+00 2.257235999999999798e+00 -1.633267000000000024e+00 1.841382000000000074e+00 -1.878784000000000010e+00 1.723709999999999964e-01 -1.651799999999999935e+00 2.889264999999999972e+00 -2.016474999999999795e+00 1.304829000000000017e+00 1.431324000000000041e+00 1.512080000000000091e+00
-3.878899999999999709e-02 2.298630999999999869e+00 -1.370519999999999960e+00 2.567250000000000032e+00 -1.900522000000000045e+00 -2.077809999999999935e-01 -2.106164000000000147e+00 2.122717000000000187e+00 -1.544337000000000071e+00 1.225672000000000095e+00 1.231759000000000048e+00 1.498906000000000072e+00
-1.022340999999999944e+00 2.338896000000000086e+00 -8.460029999999999495e-01 2.189153000000000127e+00 -1.915934000000000026e+00 -4.177120000000000277e-01 -1.495413000000000103e+00 2.624943000000000026e+00 -1.958493000000000039e+00 1.242167000000000021e+00 1.293728999999999907e+00 1.513331999999999899e+00
-2.380848999999999993e+00 2.738917999999999964e+00 -7.875370000000000426e-01 2.400949999999999918e+00 -1.918595999999999968e+00 -4.556299999999999933e-02 -2.132152000000000047e+00 2.262967999999999869e+00 -1.384455999999999909e+00 1.182439999999999936e+00 1.195707999999999993e+00 1.455570999999999948e+00
-2.583365000000000133e+00 2.394687999999999928e+00 5.389089999999999714e-01 1.098567999999999989e+00 -1.819020000000000081e+00 -2.451369999999999938e-01 -1.616136999999999935e+00 3.180080000000000129e-01 -1.538106999999999891e+00 1.156924999999999981e+00 1.188269999999999937e+00 1.709101999999999899e+00
-1.310472999999999999e+00 1.755524000000000084e+00 1.203259000000000079e+00 7.435310000000000530e-01 -1.513031999999999933e+00 -9.512400000000000022e-02 -1.439364000000000088e+00 -4.704829999999999846e-01 -1.035506000000000038e+00 1.256968000000000085e+00 1.268378999999999923e+00 1.731948000000000043e+00
-1.082907999999999982e+00 1.840684999999999905e+00 7.188010000000000232e-01 1.032057000000000002e+00 -1.598961999999999994e+00 1.155650000000000011e-01 -2.864396000000000164e+00 1.104754999999999932e+00 -1.318710000000000049e+00 1.315269000000000021e+00 1.332834999999999992e+00 1.705643000000000020e+00
-2.323929000000000133e+00 1.890163000000000038e+00 1.269484000000000057e+00 8.853370000000000406e-01 -1.437108999999999970e+00 -2.542050000000000143e-01 -1.770863000000000076e+00 2.322846000000000188e+00 -1.933769999999999989e+00 1.221159000000000106e+00 1.445923000000000069e+00 1.957529000000000075e+00
-1.236150000000000082e+00 2.001758999999999844e+00 1.172104999999999952e+00 3.566989999999999883e-01 -1.196299999999999919e+00 -7.500040000000000040e-01 -1.399016000000000037e+00 1.197019999999999973e+00 -1.022442999999999991e+00 1.231254999999999988e+00 1.564907000000000048e+00 2.147896999999999945e+00
-1.058648999999999951e+00 1.806314999999999893e+00 1.257041000000000075e+00 3.884850000000000247e-01 -2.138037999999999883e+00 1.309200000000000086e-01 -1.574751000000000012e+00 1.563196999999999948e+00 -1.635280999999999985e+00 1.256593999999999989e+00 1.449184999999999945e+00 1.991268000000000038e+00
-2.039597999999999800e+00 2.559941999999999940e+00 1.304027000000000047e+00 3.306470000000000242e-01 -9.949789999999999468e-01 -8.599820000000000242e-01 -1.776159000000000043e+00 2.399649000000000143e+00 -1.820456999999999992e+00 1.368249999999999966e+00 1.395499999999999963e+00 1.396600000000000064e+00
-2.781109999999999971e+00 2.614627000000000034e+00 7.864280000000000159e-01 1.356678999999999968e+00 -1.435170999999999975e+00 -3.356669999999999932e-01 -1.232553999999999927e+00 2.691361999999999810e+00 -2.297292999999999807e+00 1.798162000000000038e+00 1.612068000000000056e+00 1.683896000000000059e+00
-1.064429000000000070e+00 -3.101500999999999841e+00 8.152760000000000007e-01 9.608219999999999539e-01 -2.826801999999999815e+00 -1.219722999999999891e+00 -6.406960000000000433e-01 2.474006000000000149e+00 -1.341977999999999893e+00 1.771897999999999973e+00 1.636851999999999974e+00 1.550993999999999984e+00
-1.031646000000000063e+00 2.520481999999999889e+00 1.207027000000000072e+00 8.483640000000000070e-01 -2.657378000000000018e+00 -3.329300000000000037e-01 -2.251325000000000021e+00 2.776380000000000070e+00 -2.208708000000000116e+00 1.637969000000000008e+00 1.661702000000000012e+00 1.480717999999999979e+00
-1.133177000000000101e+00 2.587998999999999938e+00 1.017897999999999969e+00 6.524060000000000414e-01 -1.912628999999999913e+00 -6.916900000000000270e-01 -1.785517999999999939e+00 2.410114999999999785e+00 -1.751174999999999926e+00 1.539298000000000055e+00 1.637226999999999988e+00 1.435381000000000018e+00
-5.141050000000000342e-01 2.049317999999999973e+00 1.098097000000000101e+00 1.258772999999999920e+00 -1.856651999999999969e+00 -2.525209999999999955e-01 -2.426915000000000155e+00 2.814528999999999836e+00 -1.471651999999999960e+00 1.107267000000000001e+00 1.583336000000000077e+00 1.323971999999999927e+00
-2.518956000000000195e+00 2.763040000000000163e+00 1.382786000000000071e+00 6.609530000000000127e-01 -2.401298999999999850e+00 1.027854000000000045e+00 2.818681000000000214e+00 2.438940999999999804e+00 -1.841847000000000012e+00 9.922750000000000181e-01 1.899572000000000038e+00 1.732541000000000109e+00
-2.484423000000000048e+00 2.858627999999999947e+00 5.153729999999999700e-01 1.313166000000000055e+00 -2.001708999999999961e+00 3.312530000000000197e-01 -1.844427000000000039e+00 2.416986000000000079e+00 -1.410952999999999902e+00 7.520540000000000003e-01 1.454571000000000058e+00 1.657094000000000067e+00
-6.860150000000000414e-01 2.913953999999999933e+00 3.030880000000000241e-01 1.372428999999999899e+00 -1.942936999999999914e+00 -2.916779999999999928e-01 -9.967350000000000376e-01 2.480910000000000171e+00 -2.094873999999999903e+00 8.073810000000000153e-01 1.526305000000000023e+00 1.768095999999999890e+00
-8.886150000000000437e-01 2.639177000000000106e+00 -5.837660000000000071e-01 2.166605999999999810e+00 -2.006375999999999937e+00 -2.174919999999999909e-01 -2.051687999999999956e+00 2.237881999999999927e+00 -1.424717000000000011e+00 7.223230000000000484e-01 1.605283999999999933e+00 1.823971000000000009e+00
-2.275084999999999802e+00 2.524481000000000197e+00 5.768600000000000116e-02 1.535301999999999945e+00 -1.662339999999999929e+00 -4.168430000000000191e-01 -1.068346999999999936e+00 2.081655000000000033e+00 -1.538553000000000059e+00 7.548289999999999722e-01 1.628138000000000085e+00 1.851741999999999999e+00
3.074971999999999817e+00 2.867945999999999884e+00 -9.914450000000000207e-01 2.335916000000000103e+00 -1.078961000000000059e+00 -8.283819999999999517e-01 -1.258126000000000078e+00 2.249556000000000111e+00 -1.912825999999999915e+00 7.609609999999999985e-01 1.644859999999999989e+00 1.766931000000000029e+00
-2.427843000000000195e+00 2.434420999999999946e+00 -1.576289999999999969e+00 2.345139999999999780e+00 -1.487162000000000095e+00 3.752489999999999992e-01 -2.701471000000000178e+00 2.257026999999999894e+00 -2.010028000000000148e+00 8.995900000000000007e-01 1.342494000000000076e+00 1.633124000000000020e+00
-2.135238000000000191e+00 2.552626000000000062e+00 -1.666906999999999917e+00 2.128956000000000071e+00 -1.831086999999999909e+00 1.106140000000000040e-01 -1.216623999999999928e+00 2.558780000000000054e+00 -1.907489999999999908e+00 8.406890000000000196e-01 1.313020000000000076e+00 1.480691999999999897e+00
-9.751039999999999708e-01 2.319961999999999858e+00 -2.035842000000000152e+00 2.298109999999999875e+00 -1.491203000000000056e+00 -1.877070000000000127e-01 -2.441774999999999807e+00 2.423347999999999836e+00 -1.453122000000000025e+00 9.395059999999999523e-01 1.625790000000000068e+00 1.530443999999999916e+00
-2.474107000000000056e+00 2.293417999999999957e+00 -1.860330999999999957e+00 1.865485999999999978e+00 -2.165954000000000157e+00 -6.512999999999999692e-03 -8.593100000000000183e-01 2.383220000000000116e+00 -1.665896999999999961e+00 1.095523999999999942e+00 1.315101000000000075e+00 1.524186999999999959e+00
-1.283981999999999957e+00 1.935940999999999912e+00 -1.149974999999999969e+00 2.600890000000000146e+00 -1.669154999999999944e+00 1.386519999999999975e-01 -2.073542999999999914e+00 2.762531000000000070e+00 -2.128185999999999911e+00 1.353965000000000085e+00 1.969618000000000091e+00 1.919729000000000019e+00
-2.721344000000000207e+00 2.633628999999999998e+00 -1.815293999999999963e+00 1.875853999999999910e+00 -1.600549999999999917e+00 -6.943199999999999372e-02 -2.558876000000000150e+00 2.770141999999999882e+00 -2.079384000000000121e+00 1.205859000000000014e+00 2.037303999999999782e+00 1.789798000000000000e+00
2.991035999999999806e+00 2.363704999999999945e+00 -1.932301000000000046e+00 2.782322000000000184e+00 -1.115930000000000089e+00 -7.668110000000000204e-01 -2.464871000000000034e+00 2.326801000000000119e+00 -1.497775999999999996e+00 1.327445999999999904e+00 2.062600999999999907e+00 1.896071000000000062e+00
-2.392009999999999970e+00 2.337324000000000179e+00 -1.270005000000000051e+00 2.643888000000000016e+00 -1.139389999999999903e+00 -6.999239999999999906e-01 -2.648016000000000147e+00 2.901002000000000081e+00 -1.576232000000000077e+00 1.373588000000000031e+00 2.095298000000000105e+00 1.950504000000000016e+00
-8.316550000000000331e-01 2.456566000000000027e+00 -2.116645999999999805e+00 2.439128000000000185e+00 -9.005260000000000487e-01 -8.444599999999999884e-01 -2.859116999999999909e+00 2.736000999999999905e+00 -2.295196999999999932e+00 1.418960999999999917e+00 2.065354000000000134e+00 1.856762000000000024e+00
-2.702202999999999911e+00 2.612692000000000014e+00 -1.791875000000000107e+00 1.892136000000000040e+00 -2.305976999999999943e+00 1.027390999999999943e+00 -2.624503999999999948e+00 3.068087999999999926e+00 -1.446957999999999966e+00 1.626970999999999945e+00 1.679815999999999976e+00 1.922757000000000049e+00
-1.073876000000000053e+00 2.204903999999999975e+00 -2.025510000000000144e+00 1.853067000000000020e+00 -2.048621999999999943e+00 1.793131999999999948e+00 -3.015487999999999946e+00 -3.077551999999999843e+00 -1.730180000000000051e+00 1.617240000000000011e+00 1.659235999999999933e+00 1.943124000000000073e+00
-1.227975000000000039e+00 2.465186000000000099e+00 -2.599108000000000196e+00 2.354530000000000012e+00 -2.282961999999999936e+00 1.450442000000000009e+00 -2.797464000000000173e+00 2.793746000000000063e+00 -1.322451999999999961e+00 1.663257999999999903e+00 1.724296000000000051e+00 2.053684000000000065e+00
-1.980852000000000057e+00 2.564232000000000067e+00 -2.043406000000000056e+00 2.414413000000000142e+00 -1.409461000000000075e+00 -5.261719999999999731e-01 -4.539030000000000009e-01 2.648870000000000058e+00 -2.383223000000000091e+00 1.716010999999999953e+00 1.723953000000000069e+00 1.752861999999999920e+00
-2.620382999999999907e+00 2.504827999999999832e+00 -1.434843000000000091e+00 1.297131000000000034e+00 -1.276515999999999984e+00 1.838609999999999967e-01 -9.763570000000000304e-01 2.022015999999999813e+00 -1.576740999999999948e+00 1.877952000000000066e+00 1.553369999999999918e+00 1.666983000000000104e+00
2.856055000000000010e+00 1.998081999999999914e+00 -1.062076000000000020e+00 2.265884999999999927e+00 -2.063756999999999842e+00 3.799500000000000099e-01 -6.236129999999999729e-01 2.343907000000000185e+00 -1.472542999999999935e+00 1.956533000000000078e+00 1.425119999999999942e+00 1.598430999999999935e+00
-2.773314000000000057e+00 2.810292000000000012e+00 -8.271450000000000191e-01 2.139619000000000160e+00 -1.568216000000000054e+00 -1.384203999999999990e+00 -1.130821000000000076e+00 1.905589999999999895e+00 -1.875458999999999987e+00 1.485540000000000083e+00 1.191834999999999978e+00 1.288593000000000099e+00
-2.813632000000000133e+00 2.587699000000000193e+00 -1.291816000000000075e+00 2.104817000000000160e+00 -1.182606999999999964e+00 -7.692299999999999693e-01 -2.146485999999999894e+00 2.473306000000000004e+00 -1.569269000000000025e+00 1.442047999999999996e+00 1.309423999999999921e+00 1.287382000000000026e+00
1.603509999999999935e-01 2.137093999999999827e+00 -1.296135999999999955e+00 2.791160000000000085e+00 -1.024817000000000089e+00 -7.005689999999999973e-01 -1.737039000000000000e+00 2.344180000000000152e+00 -2.527464000000000155e+00 1.236004000000000103e+00 1.497897000000000034e+00 1.384899000000000102e+00
-2.107594999999999885e+00 2.210579000000000072e+00 -6.310620000000000118e-01 2.189411000000000218e+00 -2.661882999999999999e+00 1.894699999999999857e-02 -1.467167000000000110e+00 2.491426999999999836e+00 -2.431062999999999974e+00 1.471989999999999910e+00 1.425794000000000006e+00 1.640409000000000006e+00
-9.537499999999999867e-01 2.883960000000000079e+00 -1.218468000000000107e+00 1.913473999999999897e+00 -2.371423000000000059e+00 5.609790000000000054e-01 -2.077268000000000114e+00 2.128814000000000206e+00 -1.158873999999999960e+00 1.564583000000000057e+00 1.465824999999999934e+00 1.718425000000000091e+00
-1.247290000000000010e+00 2.624608999999999970e+00 -1.707257000000000025e+00 1.386077999999999921e+00 -8.060119999999999507e-01 -7.533549999999999969e-01 -1.516848999999999892e+00 2.550724000000000213e+00 -2.271609999999999907e+00 1.485667000000000071e+00 1.278424000000000005e+00 1.728809999999999958e+00
-1.613680000000000003e+00 2.845924000000000120e+00 -1.438928999999999903e+00 2.447569000000000106e+00 -1.900401999999999925e+00 9.712999999999999412e-02 -1.156381000000000103e+00 2.316409000000000162e+00 -1.722574999999999967e+00 1.493908999999999931e+00 1.441921999999999926e+00 1.805139999999999967e+00
-1.364255999999999913e+00 3.058050000000000157e+00 -1.528257999999999894e+00 2.966733000000000064e+00 -1.831841000000000053e+00 -5.219759999999999955e-01 -8.977220000000000200e-01 2.116314000000000028e+00 -1.406309000000000031e+00 1.439734999999999987e+00 1.375347000000000097e+00 1.762634000000000034e+00
-2.253753000000000117e+00 2.762096000000000107e+00 -1.701340000000000074e+00 1.994695000000000107e+00 -9.476860000000000284e-01 -7.448930000000000273e-01 -1.332154999999999978e+00 1.737111999999999989e+00 -9.469919999999999449e-01 1.367537999999999920e+00 1.252663000000000082e+00 1.566389999999999949e+00
-1.959012999999999893e+00 1.960866999999999916e+00 -1.501494000000000106e+00 2.059718000000000160e+00 -1.818963000000000108e+00 -9.442899999999999905e-02 -2.540353000000000083e+00 2.569532000000000149e+00 -2.226828999999999947e+00 1.346827999999999914e+00 1.356711999999999918e+00 1.710970000000000102e+00
-2.295653999999999861e+00 2.102491000000000110e+00 -4.526720000000000188e-01 2.178091000000000221e+00 -1.816904999999999992e+00 3.381359999999999921e-01 -1.964372000000000007e+00 2.236428999999999778e+00 -1.339555000000000051e+00 1.529484999999999983e+00 1.247638000000000025e+00 1.509484999999999966e+00
-1.089472999999999914e+00 2.579229999999999912e+00 -1.168155999999999972e+00 2.673033000000000214e+00 -1.584357000000000015e+00 -1.729692000000000007e+00 -1.007236999999999938e+00 2.698547000000000029e+00 -1.310796999999999990e+00 1.517651000000000083e+00 1.190125000000000099e+00 1.613730000000000109e+00
-1.107645999999999908e+00 2.217708000000000013e+00 -1.915148000000000073e+00 3.128592999999999957e+00 -1.794294000000000056e+00 -4.514800000000000063e-02 -2.545779000000000014e+00 2.932301999999999964e+00 -1.445740999999999943e+00 1.267795000000000005e+00 1.243578999999999990e+00 1.274701000000000084e+00
-1.274774000000000074e+00 2.134759999999999991e+00 -1.952395000000000103e+00 2.429857000000000156e+00 -2.212969000000000186e+00 -1.575110000000000121e-01 -1.850983999999999963e+00 2.271560000000000024e+00 -1.320260999999999907e+00 1.419234000000000107e+00 1.184922999999999949e+00 1.365844999999999976e+00
-1.233070000000000110e+00 2.696311000000000124e+00 -1.279848000000000097e+00 2.574856000000000034e+00 -1.657024000000000052e+00 6.629990000000000050e-01 1.449540000000000051e+00 2.316561999999999788e+00 -1.705540000000000056e+00 1.470293000000000072e+00 1.422687000000000035e+00 1.435313999999999979e+00
-7.577810000000000379e-01 2.678695999999999966e+00 -1.242459999999999898e+00 2.731014000000000053e+00 -1.588384000000000018e+00 4.091069999999999984e-01 1.795123999999999942e+00 1.850837999999999983e+00 -1.480941999999999981e+00 1.377612000000000059e+00 1.614992999999999901e+00 1.627520999999999995e+00
-2.411519999999999886e+00 3.080150000000000166e+00 -1.534021999999999997e+00 2.116429000000000116e+00 -1.797268000000000088e+00 1.344899999999999915e-02 -2.629699000000000009e+00 2.658462000000000103e+00 -1.330008999999999997e+00 1.953368999999999911e+00 1.843638000000000110e+00 1.912196999999999925e+00
-1.177278000000000047e+00 2.268959000000000170e+00 -9.530189999999999495e-01 1.918091999999999908e+00 -1.055519000000000096e+00 -8.111500000000000377e-01 -1.681211000000000011e+00 2.275971999999999884e+00 -2.816142999999999841e+00 1.574896000000000074e+00 1.839001000000000108e+00 1.771196999999999910e+00
-9.372660000000000435e-01 2.553291000000000199e+00 -1.116908999999999930e+00 2.438451999999999842e+00 -1.861207000000000056e+00 -8.916899999999999826e-02 -2.001088000000000200e+00 9.703960000000000363e-01 -1.701067000000000107e+00 1.708984999999999976e+00 1.861906000000000061e+00 1.743484999999999951e+00
-1.415883000000000003e+00 2.350185999999999886e+00 -1.033204999999999929e+00 2.583895000000000053e+00 -1.429548999999999959e+00 4.419080000000000230e-01 -1.654962999999999962e+00 3.062361999999999806e+00 -2.286115999999999815e+00 1.610054000000000096e+00 1.929964000000000013e+00 1.764509000000000105e+00
-1.019967999999999986e+00 2.654243999999999826e+00 -1.140114000000000072e+00 2.816158999999999857e+00 -2.150265000000000093e+00 -1.000469999999999970e-01 -1.806111999999999940e+00 2.500167999999999946e+00 -1.587930999999999981e+00 1.804484999999999895e+00 1.666198999999999986e+00 1.813480999999999899e+00
-2.047998999999999903e+00 1.934909999999999908e+00 -1.299438000000000093e+00 2.654017000000000071e+00 -1.800373999999999919e+00 -1.147666999999999993e+00 -2.073414999999999786e+00 2.441044000000000214e+00 -1.682960999999999929e+00 1.918023999999999951e+00 1.888247000000000009e+00 1.840548999999999991e+00
-1.243883000000000072e+00 2.526238000000000206e+00 -2.279043999999999848e+00 2.693156999999999801e+00 -2.009173000000000098e+00 -8.331079999999999597e-01 -1.233775000000000066e+00 2.185724000000000000e+00 -1.224253999999999953e+00 1.788262000000000018e+00 1.933785000000000087e+00 1.906811999999999951e+00
-9.654310000000000391e-01 2.413472000000000062e+00 -2.013813999999999993e+00 2.316418999999999784e+00 -1.041204999999999936e+00 -9.237539999999999640e-01 -1.070659999999999945e+00 2.432666999999999913e+00 -1.473173000000000066e+00 1.810678999999999927e+00 1.795849000000000029e+00 1.841148999999999925e+00
-1.443084000000000033e+00 2.515096000000000220e+00 -2.013818000000000108e+00 2.868529000000000106e+00 -1.349480000000000013e+00 -6.503489999999999549e-01 -8.511239999999999917e-01 2.813416000000000139e+00 -2.235965000000000202e+00 1.832459000000000060e+00 1.888827999999999951e+00 1.822985000000000078e+00
-2.801359000000000155e+00 2.522250999999999799e+00 -8.572089999999999987e-01 2.588654000000000011e+00 -2.082164000000000126e+00 1.489000000000000089e-03 -2.988049999999999873e+00 2.663085999999999842e+00 -1.622176000000000062e+00 1.375891999999999893e+00 9.223879999999999857e-01 1.475648999999999988e+00
-1.111294999999999922e+00 2.263946999999999932e+00 -1.132479000000000013e+00 2.535290999999999961e+00 -2.097856999999999861e+00 -5.364160000000000039e-01 -2.325328999999999979e+00 2.512180999999999997e+00 -2.262389999999999901e+00 9.668930000000000025e-01 9.293959999999999999e-01 1.575382999999999978e+00
-2.083049999999999902e-01 2.195205000000000073e+00 -1.544106999999999896e+00 2.364800999999999931e+00 -1.741527000000000047e+00 5.015999999999999626e-03 -2.268152999999999864e+00 2.555785999999999891e+00 -2.057892999999999972e+00 1.441397999999999957e+00 9.295050000000000257e-01 1.603628000000000053e+00
-1.807385000000000019e+00 2.270639000000000074e+00 -1.553128999999999982e+00 2.538572999999999968e+00 -2.153430999999999873e+00 8.473410000000000108e-01 -2.555849999999999955e+00 2.565491000000000188e+00 -1.585315999999999947e+00 1.623918999999999890e+00 1.127313000000000009e+00 1.702434999999999921e+00
-2.236419999999999852e+00 2.490791999999999895e+00 -9.976960000000000273e-01 2.450451000000000157e+00 -1.844016000000000099e+00 -1.650400000000000131e-02 -1.690372999999999903e+00 2.819310999999999900e+00 -1.246307000000000054e+00 1.336789999999999923e+00 1.211940000000000017e+00 1.766836000000000073e+00
-1.500393000000000088e+00 2.150098999999999982e+00 -2.630739999999999856e+00 2.509840000000000071e+00 -1.215686000000000044e+00 -4.802600000000000202e-01 -1.827431999999999945e+00 2.143609000000000098e+00 -1.180619000000000085e+00 1.614619999999999944e+00 1.239524000000000070e+00 1.628738000000000019e+00
-1.232266000000000084e+00 1.071295000000000108e+00 -1.186148999999999898e+00 3.110768000000000200e+00 -1.663882000000000083e+00 -2.481180000000000052e-01 -2.688490999999999964e+00 2.978042999999999996e+00 -1.715946999999999889e+00 1.690814999999999957e+00 1.185119999999999951e+00 1.507794000000000079e+00
-1.102049000000000056e+00 2.375996999999999915e+00 -2.054095999999999922e+00 2.824123999999999857e+00 -1.716809000000000029e+00 -1.019746999999999959e+00 -1.406465000000000076e+00 2.689553999999999778e+00 -1.806786999999999921e+00 1.833566999999999947e+00 1.144042999999999921e+00 1.454531000000000018e+00
-1.226879000000000053e+00 2.518708999999999865e+00 -1.762367000000000017e+00 2.649071000000000176e+00 -1.099745999999999890e+00 -6.068599999999999550e-01 -2.593303000000000136e+00 2.591251000000000193e+00 -2.377889000000000141e+00 1.713986999999999927e+00 1.197294999999999998e+00 1.789320000000000022e+00
-1.412914999999999921e+00 2.417988999999999944e+00 -1.800076000000000009e+00 2.705300999999999956e+00 -1.477832000000000034e+00 -2.157679999999999876e-01 -2.633236999999999828e+00 2.766179999999999861e+00 -1.769322000000000061e+00 1.667628000000000110e+00 1.113458999999999977e+00 1.770836999999999994e+00
-1.318422999999999901e+00 1.924330000000000096e+00 -2.248289000000000204e+00 2.299252000000000073e+00 -9.096699999999999786e-01 -6.900209999999999955e-01 -1.539870000000000072e+00 3.028945000000000221e+00 -1.728248999999999924e+00 1.908363000000000032e+00 1.168371999999999966e+00 1.935305999999999971e+00
-2.293705999999999801e+00 6.982969999999999455e-01 -4.887099999999999778e-01 2.266316000000000219e+00 -1.181095999999999924e+00 -5.189859999999999474e-01 -1.173500999999999905e+00 2.597643999999999842e+00 -1.636173000000000100e+00 1.831611000000000100e+00 1.147086999999999968e+00 1.830335999999999963e+00
-8.938730000000000286e-01 2.371500999999999859e+00 -1.842381000000000046e+00 2.363783000000000190e+00 -1.680446000000000106e+00 -1.209739999999999982e-01 -1.361377000000000059e+00 3.044929999999999914e+00 -1.708854000000000095e+00 1.876999000000000084e+00 1.220253000000000032e+00 1.850036000000000014e+00
-9.622469999999999635e-01 2.275811000000000028e+00 -1.880961000000000105e+00 2.130078000000000138e+00 -1.903848999999999902e+00 8.652999999999999581e-02 -1.160274999999999945e+00 2.689154999999999962e+00 -1.527871999999999897e+00 1.462866999999999917e+00 1.266733000000000109e+00 1.804103999999999930e+00
-1.779069000000000011e+00 1.005827999999999944e+00 -4.023979999999999779e-01 2.427324000000000037e+00 -1.813109999999999999e+00 1.073579999999999951e-01 -1.473945000000000061e+00 1.974704999999999933e+00 -1.203535999999999939e+00 9.519290000000000251e-01 1.050124999999999975e+00 1.510102000000000055e+00
-1.461616000000000026e+00 1.753231999999999902e+00 -1.878546999999999967e+00 2.250370000000000203e+00 -1.119164999999999965e+00 -4.222139999999999782e-01 -1.105626999999999915e+00 2.577103999999999839e+00 -2.121373000000000175e+00 9.250509999999999566e-01 8.081819999999999560e-01 1.495954999999999924e+00
-1.983611000000000013e+00 2.452590999999999966e+00 -1.897342000000000084e+00 2.762901999999999969e+00 -2.038720999999999783e+00 1.736360000000000126e-01 -1.479764999999999997e+00 2.741076000000000068e+00 -1.196120999999999990e+00 1.069212000000000051e+00 8.629400000000000404e-01 1.629181999999999908e+00
-2.004465999999999859e+00 2.568397000000000041e+00 -2.882919999999999927e-01 2.234016000000000002e+00 -1.444253000000000009e+00 -3.374429999999999930e-01 -1.350392000000000037e+00 2.815344000000000069e+00 -2.036443999999999921e+00 8.248210000000000264e-01 9.033069999999999711e-01 1.745617999999999892e+00
-1.045793999999999890e+00 2.457797999999999927e+00 -1.046432000000000029e+00 2.294141000000000208e+00 -1.191198999999999897e+00 -3.165560000000000040e-01 -1.311196999999999946e+00 2.908129000000000186e+00 -1.695130000000000026e+00 8.240469999999999740e-01 9.815540000000000376e-01 1.650490000000000013e+00
-1.695024000000000086e+00 2.427251000000000047e+00 -2.325218000000000007e+00 -3.020179000000000169e+00 -1.760267000000000026e+00 -4.896799999999999764e-02 -2.030784000000000145e+00 3.108807000000000098e+00 -1.678628999999999927e+00 1.202525999999999984e+00 6.271529999999999605e-01 1.615118000000000054e+00
-2.384253999999999873e+00 2.827395999999999798e+00 -1.631972999999999896e+00 2.825613999999999848e+00 -1.150288999999999895e+00 -7.085249999999999604e-01 -2.358646999999999938e+00 1.984976999999999991e+00 -1.763703999999999938e+00 1.201090999999999909e+00 7.560620000000000118e-01 1.574805999999999928e+00
-4.063439999999999830e-01 1.864306999999999936e+00 -1.387407999999999975e+00 2.630104999999999915e+00 -8.377369999999999539e-01 -7.340419999999999723e-01 -2.440815999999999875e+00 2.757330000000000059e+00 -2.047384000000000093e+00 1.738502999999999910e+00 1.036953000000000014e+00 1.601599999999999913e+00
-1.099131999999999998e+00 1.958488000000000007e+00 -1.098945000000000061e+00 2.535063000000000066e+00 -1.659037000000000095e+00 -8.633410000000000251e-01 -1.728027999999999897e+00 2.149830000000000130e+00 -2.236641000000000101e+00 1.740629999999999900e+00 1.240423000000000053e+00 1.825641999999999987e+00
-9.528539999999999788e-01 2.275316999999999812e+00 -1.620484000000000036e+00 2.735869999999999802e+00 -2.192927000000000071e+00 -1.090732999999999953e+00 -1.676131999999999955e+00 6.328780000000000516e-01 -1.371310000000000029e+00 1.711710999999999983e+00 1.299835999999999991e+00 1.733025000000000038e+00
-9.960520000000000485e-01 2.285092000000000123e+00 -9.613359999999999683e-01 2.170748000000000122e+00 -1.317525999999999975e+00 -7.482339999999999547e-01 -2.682087999999999806e+00 1.263363999999999931e+00 -1.005883000000000083e+00 1.744137000000000048e+00 1.327935000000000088e+00 1.679608999999999908e+00
-1.538832999999999895e+00 2.950251000000000179e+00 -1.273895000000000000e+00 2.471926999999999985e+00 -1.422971999999999904e+00 -4.407510000000000039e-01 -3.046051999999999982e+00 -3.114679000000000197e+00 -1.519525999999999932e+00 1.812807000000000057e+00 1.605841999999999992e+00 1.776477000000000084e+00
-2.539808999999999983e+00 2.983155000000000001e+00 -1.313944000000000001e+00 2.455157999999999952e+00 -1.932852000000000015e+00 -1.078709999999999947e-01 -2.524523999999999990e+00 2.308793000000000095e+00 -1.383067999999999964e+00 1.671224999999999961e+00 1.306920999999999999e+00 1.615277000000000074e+00
-1.168260000000000076e+00 2.603883999999999865e+00 -1.191003000000000034e+00 2.325886000000000120e+00 -1.100673999999999930e+00 -7.139219999999999455e-01 -2.585983000000000143e+00 2.855945000000000178e+00 -1.463993000000000100e+00 1.576232000000000077e+00 9.128389999999999560e-01 1.577847000000000000e+00
-1.945414999999999894e+00 2.555657000000000068e+00 -1.157825000000000104e+00 2.578790999999999833e+00 -1.889799999999999924e+00 3.121599999999999930e-01 -2.945984000000000158e+00 -2.824087000000000014e+00 -1.679143000000000052e+00 1.503331999999999891e+00 9.676169999999999494e-01 1.569665000000000088e+00
-1.065290999999999988e+00 2.309194999999999887e+00 -1.963168000000000024e+00 2.426572000000000173e+00 -1.760456999999999939e+00 6.935600000000000098e-02 -2.788667999999999925e+00 1.251352000000000020e+00 -1.562629000000000046e+00 1.701257000000000019e+00 1.348473999999999950e+00 1.783555000000000001e+00
-9.882189999999999586e-01 2.404891000000000112e+00 -1.836222000000000021e+00 2.567379999999999995e+00 -1.531573999999999991e+00 -7.023100000000000176e-02 -2.405320999999999820e+00 1.978601000000000054e+00 -2.035699999999999843e+00 1.836532999999999971e+00 1.310386000000000051e+00 1.742583999999999911e+00
-2.368888999999999800e+00 2.826642000000000099e+00 2.960064000000000028e+00 2.010297000000000001e+00 -1.838937000000000044e+00 -2.177640000000000131e-01 -1.346473999999999949e+00 2.343879999999999963e+00 -1.895583999999999936e+00 1.461124000000000089e+00 1.311285000000000034e+00 1.509330000000000060e+00
-2.344746999999999915e+00 -3.117213000000000012e+00 -1.354689000000000032e+00 1.436009000000000091e+00 -1.284634000000000054e+00 -2.905599999999999850e-01 -1.075201999999999991e+00 2.731100000000000083e+00 -1.805236000000000063e+00 1.305037999999999920e+00 1.244663000000000075e+00 1.240259999999999918e+00
-2.345133999999999830e+00 2.933051999999999992e+00 -1.484356000000000009e+00 2.019791000000000114e+00 -1.537533000000000039e+00 -4.154809999999999892e-01 -1.093251999999999891e+00 2.652753999999999834e+00 -1.296316000000000024e+00 1.379574999999999996e+00 1.156870000000000065e+00 1.171199000000000101e+00
-9.852279999999999927e-01 2.557101999999999986e+00 -2.124476000000000031e+00 1.850368999999999930e+00 -1.322492999999999919e+00 -2.588790000000000258e-01 -1.634656000000000109e+00 1.491362999999999994e+00 -2.023524999999999796e+00 1.359572999999999920e+00 9.399100000000000232e-01 1.144559000000000104e+00
-1.352203999999999962e+00 2.279231999999999925e+00 -1.458490000000000064e+00 1.983835000000000015e+00 -2.023674000000000195e+00 3.194339999999999957e-01 -1.727559999999999985e+00 3.046619999999999884e-01 -1.350530000000000008e+00 1.365779999999999994e+00 9.584420000000000162e-01 9.793100000000000138e-01
-1.957548999999999984e+00 2.045469000000000204e+00 -6.361259999999999692e-01 2.134694999999999787e+00 -1.655242000000000102e+00 -6.029600000000000237e-02 -1.824705999999999939e+00 1.777179999999999871e-01 -1.448010000000000019e+00 1.560802000000000023e+00 6.347000000000000419e-01 7.810120000000000395e-01
-1.952377999999999947e+00 2.866302999999999823e+00 -1.507306000000000035e+00 2.128493000000000190e+00 -1.833833999999999964e+00 5.238400000000000001e-02 -1.303385000000000016e+00 -3.129700000000000260e-01 -1.613620999999999972e+00 1.525344999999999951e+00 5.899269999999999792e-01 7.331349999999999811e-01
-1.656543000000000099e+00 2.712038000000000171e+00 -1.517649999999999944e+00 2.456783000000000161e+00 -2.011067000000000160e+00 -2.451619999999999910e-01 -1.995081000000000104e+00 1.254115000000000091e+00 -1.588400999999999952e+00 1.642336999999999936e+00 6.337960000000000260e-01 7.635849999999999582e-01
-1.080140000000000100e+00 2.047305999999999848e+00 -1.269198000000000048e+00 2.491713999999999984e+00 -2.132444000000000006e+00 -3.466319999999999957e-01 -2.576289000000000051e+00 1.217208999999999985e+00 -1.350319999999999965e+00 1.599809999999999954e+00 7.110729999999999551e-01 4.514110000000000067e-01
-1.439078999999999997e+00 2.186873999999999985e+00 -1.420759000000000105e+00 2.484938000000000091e+00 -2.181296000000000124e+00 7.570000000000000340e-03 -2.568665000000000198e+00 2.078281000000000045e+00 -2.581011000000000166e+00 1.606484000000000023e+00 6.562869999999999537e-01 4.489699999999999802e-01
-1.544589999999999907e+00 2.148754999999999971e+00 -1.502904000000000018e+00 2.953425000000000189e+00 -2.385476000000000152e+00 -2.597889999999999922e-01 -7.160609999999999475e-01 2.631978999999999846e+00 -2.098862000000000005e+00 1.301245999999999903e+00 6.834130000000000482e-01 4.737040000000000139e-01
-1.055177000000000032e+00 2.270859999999999879e+00 -2.060360000000000191e+00 1.946855000000000002e+00 -1.241548000000000096e+00 -6.793179999999999774e-01 -1.138006000000000073e+00 2.188829999999999831e+00 -1.788269000000000108e+00 1.672960000000000003e+00 7.319379999999999775e-01 4.923049999999999926e-01
-1.079947999999999908e+00 1.891229999999999967e+00 -1.082908999999999899e+00 2.578431999999999835e+00 -2.193262999999999963e+00 1.022054999999999936e+00 -2.422241000000000088e+00 2.354363000000000206e+00 -2.475233999999999934e+00 1.481592000000000020e+00 7.006139999999999590e-01 4.850400000000000267e-01
-1.344068999999999958e+00 2.175183000000000089e+00 -1.681531000000000109e+00 2.542044000000000192e+00 -1.888783000000000101e+00 2.662563000000000013e+00 2.613785000000000025e+00 2.592950999999999784e+00 -2.361801999999999957e+00 1.607410000000000005e+00 6.796499999999999764e-01 4.761540000000000217e-01
-1.695834999999999981e+00 2.169448000000000043e+00 -1.732089999999999907e+00 2.784247999999999834e+00 -2.172900999999999971e+00 2.657392000000000198e+00 -2.711479999999999890e+00 8.730529999999999680e-01 -1.472156999999999938e+00 1.538273999999999919e+00 7.404340000000000366e-01 5.044140000000000290e-01
-9.719659999999999966e-01 2.384669000000000150e+00 -1.774934000000000012e+00 2.115924000000000138e+00 -1.619769999999999932e+00 1.790977999999999959e+00 -1.858084000000000069e+00 2.174494999999999845e+00 -2.034193999999999836e+00 1.414161000000000001e+00 7.613959999999999617e-01 5.782760000000000122e-01
-1.581693999999999933e+00 1.917284999999999906e+00 -1.770841000000000109e+00 2.797270999999999841e+00 -2.252835999999999839e+00 2.746834999999999916e+00 -2.020558999999999994e+00 2.636474999999999902e+00 -1.630122999999999989e+00 1.426328999999999958e+00 8.258609999999999562e-01 4.350080000000000058e-01
-1.174552999999999958e+00 1.820673999999999904e+00 -1.899639999999999995e+00 2.180639000000000216e+00 -1.118940000000000046e+00 2.367720999999999965e+00 -1.183842999999999979e+00 1.924595999999999973e+00 -1.900837000000000110e+00 1.599007000000000067e+00 8.031190000000000273e-01 5.020210000000000505e-01
-1.693427999999999933e+00 1.849869999999999903e+00 -1.358098999999999945e+00 2.450992999999999977e+00 -1.241840999999999973e+00 2.689153999999999822e+00 -7.312999999999999501e-01 2.133033000000000179e+00 -1.549527000000000099e+00 1.580743000000000009e+00 7.729540000000000299e-01 4.689329999999999887e-01
-6.602789999999999493e-01 1.988356999999999930e+00 -1.164746999999999977e+00 2.244869000000000003e+00 -1.250836000000000059e+00 2.071130000000000138e+00 -3.607940000000000036e-01 2.166405000000000136e+00 -2.334919000000000189e+00 1.647019000000000011e+00 6.821059999999999901e-01 4.672450000000000214e-01
-1.578540000000000054e+00 3.931490000000000262e-01 -1.413937999999999917e+00 2.349788999999999906e+00 -9.948110000000000008e-01 2.575578000000000145e+00 -1.025511999999999979e+00 2.080330000000000013e+00 -1.395753999999999939e+00 1.422870999999999997e+00 6.626840000000000508e-01 5.595820000000000238e-01
-1.993627999999999956e+00 1.835050000000000014e-01 -2.223171999999999926e+00 2.250004999999999811e+00 -1.100459000000000076e+00 2.613760000000000083e+00 -1.536942999999999948e+00 2.632617999999999903e+00 -2.030329000000000050e+00 1.531733999999999929e+00 7.037029999999999674e-01 5.270880000000000010e-01
-2.047287999999999997e+00 -5.148799999999999905e-02 -2.393057000000000212e+00 1.832516999999999951e+00 -1.123275000000000023e+00 2.618339000000000194e+00 -1.401154999999999928e+00 2.796793999999999780e+00 -1.868281000000000081e+00 1.264939000000000036e+00 8.119100000000000206e-01 5.540079999999999449e-01
-1.855375999999999914e+00 -9.162700000000000011e-02 -1.097574999999999967e+00 2.483731000000000133e+00 -1.435770999999999908e+00 2.715162999999999993e+00 -1.191740999999999939e+00 2.298455999999999833e+00 -1.304518000000000066e+00 1.320437000000000083e+00 7.073270000000000390e-01 5.369699999999999473e-01
-2.683920999999999779e+00 2.518000000000000238e-01 -1.211788000000000087e+00 2.378823999999999828e+00 -9.883880000000000443e-01 2.799681000000000086e+00 -7.619430000000000369e-01 2.005383000000000138e+00 -1.353531000000000040e+00 1.291956000000000104e+00 7.713210000000000344e-01 5.334539999999999837e-01
-1.171489999999999920e+00 -6.222720000000000473e-01 -1.075839999999999907e+00 2.983807000000000098e+00 -2.215120000000000200e+00 2.684178000000000175e+00 -7.903310000000000057e-01 2.954289999999999861e+00 -1.685378000000000043e+00 1.181904999999999983e+00 7.169050000000000145e-01 5.717809999999999837e-01
-2.370973000000000219e+00 -2.365420999999999996e+00 -9.221219999999999972e-01 2.158082999999999974e+00 -1.459659999999999958e+00 2.761398999999999937e+00 -1.143590000000000106e+00 2.638384999999999980e+00 -1.860638999999999932e+00 1.222309000000000090e+00 7.241790000000000171e-01 4.811509999999999954e-01
-2.256562000000000179e+00 -1.581588999999999912e+00 -2.052483000000000057e+00 1.885229999999999961e+00 -9.527830000000000465e-01 2.801152000000000086e+00 -1.121471000000000107e+00 1.949435000000000029e+00 -1.599178999999999906e+00 1.044408999999999921e+00 7.272889999999999633e-01 5.167070000000000274e-01
-2.192379999999999995e+00 2.764831000000000039e+00 -9.797200000000000353e-01 2.169801999999999786e+00 -1.205918999999999963e+00 2.426814999999999944e+00 -1.179400999999999922e+00 2.562066000000000177e+00 -1.235050999999999899e+00 9.954100000000000170e-01 6.956309999999999993e-01 5.384919999999999707e-01
-2.122932000000000041e+00 2.180407999999999902e+00 -1.156384999999999996e+00 2.654259000000000146e+00 -2.184419999999999806e+00 2.136263000000000023e+00 1.074330000000000007e-01 1.761543999999999999e+00 -1.549085999999999963e+00 1.149037000000000086e+00 7.036970000000000169e-01 4.734659999999999980e-01
-1.244566000000000061e+00 2.421272999999999787e+00 -1.307350999999999930e+00 2.858407000000000142e+00 -2.577545000000000197e+00 2.729057000000000066e+00 -1.449257999999999935e+00 2.769423999999999886e+00 -2.037643999999999789e+00 1.178077999999999959e+00 7.513980000000000103e-01 4.413420000000000121e-01
-9.420119999999999605e-01 1.204007000000000049e+00 -9.732009999999999827e-01 2.196867999999999821e+00 -1.501889999999999947e+00 2.496125000000000149e+00 -1.258753999999999929e+00 2.074762999999999913e+00 -1.875224999999999920e+00 1.163129999999999997e+00 7.534319999999999906e-01 4.850639999999999952e-01
-1.484016999999999920e+00 1.791361999999999899e+00 -9.698600000000000554e-01 2.435998000000000108e+00 -1.677861999999999965e+00 2.821359000000000172e+00 -1.132425999999999933e+00 2.746834000000000220e+00 -1.319356999999999891e+00 1.112217000000000011e+00 6.944230000000000125e-01 5.210590000000000499e-01
-1.688652999999999960e+00 2.068852000000000135e+00 -1.271733000000000002e+00 2.370289999999999786e+00 -1.914743000000000084e+00 2.684368999999999783e+00 -1.165704000000000073e+00 2.233403000000000027e+00 -1.062611999999999890e+00 9.299690000000000456e-01 6.431440000000000490e-01 5.050930000000000142e-01
-1.022634999999999961e+00 2.087758000000000003e+00 -1.391202000000000050e+00 2.249692000000000025e+00 -1.452911999999999981e+00 1.957346000000000030e+00 -1.115061000000000080e+00 2.612684999999999924e+00 -1.236828999999999956e+00 1.104694000000000065e+00 6.506920000000000481e-01 5.300340000000000051e-01
-9.735599999999999810e-01 2.718433000000000099e+00 -1.643148000000000053e+00 1.159416999999999920e+00 -4.220369999999999955e-01 2.478042999999999996e+00 -8.743929999999999758e-01 2.339649999999999785e+00 -1.823633000000000060e+00 9.904389999999999583e-01 7.141079999999999650e-01 5.654970000000000274e-01
-1.611493999999999982e+00 -3.105665000000000120e+00 -1.445256000000000096e+00 2.431227999999999945e+00 -1.728359999999999896e+00 1.816969999999999974e+00 -8.958660000000000512e-01 2.837445999999999913e+00 -1.760299000000000058e+00 1.075925999999999938e+00 6.506760000000000321e-01 5.573789999999999578e-01
-2.271168999999999993e+00 -3.134205000000000130e+00 -1.008550000000000058e+00 2.161713000000000218e+00 -1.256105999999999945e+00 2.721798000000000162e+00 -1.395140000000000047e+00 3.047028000000000070e+00 -1.646770999999999985e+00 1.034828000000000081e+00 7.464290000000000092e-01 4.900499999999999856e-01
2.660341999999999985e+00 2.725264000000000131e+00 -1.077612999999999932e+00 2.416589999999999794e+00 -1.541079000000000088e+00 2.562143999999999977e+00 -1.271414999999999962e+00 2.670806999999999931e+00 -1.255562999999999985e+00 1.045380999999999894e+00 7.031020000000000048e-01 5.024650000000000505e-01
