-1.238118999999999970e+00 2.125656999999999908e+00 -1.977240000000000109e+00 2.080845000000000056e+00 -1.648099999999999898e+00 3.092699999999999894e-01 -2.570749000000000173e+00 2.689735999999999905e+00 -1.552133999999999903e+00 2.959432000000000063e+00 3.750607000000000024e+00 3.457183999999999813e+00
-1.022845999999999922e+00 2.232622000000000106e+00 -1.062618000000000062e+00 2.160267000000000159e+00 -1.872722999999999915e+00 -2.944039999999999990e-01 -1.675651999999999919e+00 2.321350999999999942e+00 -1.455583000000000071e+00 2.234604000000000035e+00 2.706100000000000172e+00 2.603215000000000057e+00
-1.375861000000000001e+00 2.966943000000000108e+00 -1.449672000000000072e+00 1.562783000000000033e+00 -1.317031000000000063e+00 -4.029369999999999896e-01 -2.431867000000000001e+00 2.882340999999999820e+00 -2.414931000000000161e+00 2.017215999999999898e+00 2.398249999999999993e+00 2.607396000000000047e+00
-1.069938999999999973e+00 2.458089999999999886e+00 -1.587159999999999904e+00 1.735722999999999905e+00 -1.749068000000000067e+00 2.027619999999999978e-01 -2.767609000000000208e+00 9.501380000000000381e-01 -1.801055999999999990e+00 2.068467000000000056e+00 2.493790000000000173e+00 2.643648000000000220e+00
-1.034515000000000073e+00 2.419096000000000135e+00 -9.913549999999999862e-01 2.587562999999999835e+00 -2.169602999999999948e+00 -7.400480000000000391e-01 -1.276715000000000044e+00 2.202487999999999779e+00 -2.587979999999999947e+00 1.967465999999999937e+00 2.523324000000000122e+00 2.553020000000000067e+00
-1.305425999999999975e+00 2.442156999999999911e+00 -1.823792999999999997e+00 2.173089000000000048e+00 -1.206677000000000000e+00 -3.525030000000000108e-01 -1.412427000000000099e+00 7.528179999999999872e-01 -2.031201999999999952e+00 1.787902000000000102e+00 2.272311999999999887e+00 2.558631999999999795e+00
-1.130452000000000012e+00 2.312540999999999958e+00 -1.692242999999999942e+00 2.446076999999999835e+00 -1.298378000000000032e+00 -4.619699999999999918e-01 -1.930444999999999967e+00 6.255389999999999562e-01 -1.427897999999999890e+00 1.836559000000000053e+00 2.354302000000000117e+00 2.547893000000000185e+00
-1.251649000000000012e+00 2.215044999999999931e+00 -1.404404999999999903e+00 2.765254000000000101e+00 -1.060845000000000038e+00 -6.943240000000000522e-01 -2.828384999999999927e+00 2.718265000000000153e+00 -1.497767999999999988e+00 1.851350999999999969e+00 2.326636999999999844e+00 2.553074000000000066e+00
-5.706879999999999731e-01 2.150275000000000158e+00 -1.250613999999999892e+00 2.391519999999999868e+00 -1.302548000000000039e+00 -8.963449999999999473e-01 -1.186779999999999946e+00 2.508431999999999995e+00 -1.736567999999999889e+00 1.741160999999999959e+00 1.855328000000000088e+00 2.511390000000000011e+00
-1.149523000000000073e+00 2.523108000000000128e+00 -1.722145999999999955e+00 3.028586999999999918e+00 -2.013532000000000100e+00 4.751000000000000015e-03 -1.338368999999999920e+00 1.964320000000000066e+00 -2.131564000000000014e+00 1.683915999999999968e+00 1.906929000000000096e+00 2.539201999999999959e+00
-2.535655999999999910e+00 2.685705000000000009e+00 -1.185068000000000010e+00 2.678141999999999801e+00 -1.274326000000000070e+00 -5.419389999999999485e-01 -2.830293999999999865e+00 2.903080999999999801e+00 -2.498256000000000032e+00 1.689025999999999916e+00 1.811685999999999908e+00 2.552321000000000062e+00
-5.832859999999999712e-01 2.336962999999999901e+00 -6.523630000000000262e-01 2.698160000000000114e+00 -1.989503000000000021e+00 -1.182949000000000028e+00 -1.162711000000000050e+00 1.214001000000000108e+00 -1.640219000000000094e+00 1.663737000000000021e+00 1.809539000000000009e+00 2.527311999999999781e+00
-1.103137000000000034e+00 2.732457999999999831e+00 -1.391305000000000014e+00 2.578132000000000090e+00 -1.944107999999999947e+00 -1.702579999999999927e-01 -2.779637999999999831e+00 2.878289999999999793e+00 -1.484984999999999999e+00 1.809153999999999929e+00 2.136798000000000197e+00 2.362864000000000075e+00
-1.720887000000000056e+00 2.264256000000000046e+00 -8.744349999999999623e-01 2.410845999999999822e+00 -1.607961999999999891e+00 -1.015139999999999931e-01 3.104293000000000191e+00 2.513411000000000062e+00 -2.146419999999999995e+00 1.621609000000000078e+00 2.303180999999999923e+00 2.466342000000000034e+00
-2.027696000000000165e+00 2.900418000000000163e+00 -1.605361999999999956e+00 2.006883999999999890e+00 -9.978310000000000235e-01 -7.378719999999999724e-01 2.994358000000000075e+00 2.072217000000000198e+00 -1.204088000000000047e+00 1.861035999999999913e+00 2.142044999999999977e+00 2.356850000000000112e+00
-2.732565000000000133e+00 2.522823999999999955e+00 -1.498104000000000102e+00 2.710001999999999800e+00 -1.728372999999999937e+00 -1.187459999999999960e+00 -2.151857000000000131e+00 2.202421999999999880e+00 -1.329793999999999921e+00 1.839906999999999959e+00 2.146590999999999916e+00 2.285344999999999960e+00
-1.634285999999999905e+00 2.397968000000000099e+00 -6.884350000000000191e-01 2.437310000000000088e+00 -1.917785000000000073e+00 -1.122748999999999997e+00 -2.740889000000000131e+00 2.746729999999999894e+00 -1.962406000000000095e+00 1.858479999999999910e+00 1.994453000000000031e+00 2.315109000000000083e+00
-2.411289000000000016e+00 2.412580000000000169e+00 -1.215116000000000085e+00 2.696463000000000054e+00 -1.691378000000000048e+00 -5.743800000000000294e-02 -2.208883000000000152e+00 2.207352000000000203e+00 -1.463106000000000018e+00 1.804667999999999939e+00 2.191031999999999869e+00 2.157941000000000109e+00
-2.730236000000000107e+00 2.763024999999999842e+00 -1.048656000000000033e+00 2.231555999999999873e+00 -1.369776000000000105e+00 6.122299999999999964e-02 -2.187781000000000198e+00 2.436568999999999985e+00 -2.403391000000000055e+00 1.810491000000000072e+00 2.220927999999999791e+00 2.146726999999999830e+00
-1.259028000000000036e+00 2.654008999999999840e+00 -1.066915000000000058e+00 2.643168999999999880e+00 -1.338858000000000104e+00 -4.712529999999999775e-01 -2.288657999999999859e+00 1.961325999999999903e+00 -1.686474000000000029e+00 1.595728000000000035e+00 1.783212000000000019e+00 2.089284999999999837e+00
-1.088398999999999894e+00 2.390744999999999898e+00 -8.561879999999999491e-01 2.394686000000000092e+00 -1.662349000000000077e+00 -7.151699999999999724e-02 -2.603565999999999825e+00 2.392028999999999961e+00 -1.806119999999999948e+00 1.191821999999999937e+00 1.263371000000000022e+00 2.121195000000000164e+00
-2.129503000000000146e+00 2.689778000000000002e+00 -1.351094000000000017e+00 3.065758999999999901e+00 -1.651246999999999909e+00 -7.959600000000000009e-01 -3.031349999999999878e-01 2.000182000000000127e+00 -1.290256999999999987e+00 1.485001999999999933e+00 1.239714999999999900e+00 2.032687000000000133e+00
-1.890111000000000097e+00 2.569634000000000196e+00 -1.319153000000000020e+00 2.232254999999999878e+00 -1.146622000000000030e+00 -3.653959999999999986e-01 -1.882684999999999942e+00 1.935319999999999929e+00 -1.488869999999999916e+00 1.172172999999999909e+00 1.192682999999999938e+00 1.974183000000000021e+00
-1.562910999999999939e+00 1.768130999999999897e+00 -5.499800000000000244e-01 2.251876000000000211e+00 -1.287709999999999910e+00 -2.890840000000000076e-01 -1.964040000000000008e+00 2.567750999999999895e+00 -1.445294999999999996e+00 1.180928999999999895e+00 1.253363999999999923e+00 2.089564999999999895e+00
-2.391420000000000101e+00 2.752536999999999789e+00 -1.399850000000000039e+00 2.549805000000000099e+00 -2.888110999999999873e+00 7.818899999999999462e-02 -2.715886999999999940e+00 2.940030000000000143e+00 -1.177254000000000023e+00 1.325199999999999934e+00 1.436253000000000002e+00 2.231984999999999886e+00
-2.657631999999999994e+00 -2.685124000000000066e+00 -2.002000999999999920e+00 2.462254000000000165e+00 -1.062491999999999992e+00 -9.686860000000000470e-01 -1.802907999999999955e+00 -2.995090999999999948e+00 -1.778332000000000024e+00 1.339752999999999972e+00 1.418681000000000081e+00 2.296594999999999942e+00
-2.364104999999999901e+00 2.438187999999999800e+00 -1.044702999999999937e+00 2.424856999999999818e+00 -1.717762000000000011e+00 -4.898399999999999976e-02 -2.381568000000000129e+00 2.850665999999999922e+00 -1.899561000000000055e+00 1.236947000000000019e+00 1.625486999999999904e+00 2.372371999999999925e+00
-1.236005999999999938e+00 2.653132999999999964e+00 -2.362359999999999793e+00 2.832189000000000068e+00 -1.795031999999999961e+00 -1.551549999999999874e-01 -1.266245999999999983e+00 2.461235999999999979e+00 -1.670279999999999987e+00 1.294481999999999911e+00 1.436847999999999903e+00 2.443293000000000159e+00
-2.389171000000000156e+00 2.266763999999999779e+00 -1.077269999999999950e+00 2.462495999999999796e+00 -1.186360000000000081e+00 -6.595370000000000399e-01 -1.312402999999999986e+00 2.758223999999999787e+00 -1.753576999999999941e+00 1.352157999999999971e+00 1.190188999999999941e+00 2.175396000000000107e+00
-5.253700000000000037e-02 1.867488000000000037e+00 -1.370698999999999890e+00 2.461444000000000187e+00 -1.708474999999999966e+00 1.849979999999999958e-01 -2.719698000000000171e+00 2.811325000000000074e+00 -1.835749000000000075e+00 1.517754000000000048e+00 1.196164999999999923e+00 1.855927000000000104e+00
-2.161793999999999993e+00 2.499305999999999806e+00 -2.011229999999999851e+00 2.407071999999999878e+00 -1.708422000000000107e+00 -2.258910000000000085e-01 -2.119708000000000148e+00 2.443735999999999908e+00 -1.610946999999999907e+00 1.580553000000000097e+00 1.234502999999999906e+00 1.833574000000000037e+00
-3.076267999999999780e+00 2.195949000000000151e+00 -1.045244999999999980e+00 2.298613000000000017e+00 -9.482369999999999965e-01 -8.808570000000000011e-01 -8.661750000000000282e-01 2.860618000000000105e+00 -1.526280000000000081e+00 1.599413999999999891e+00 1.311504999999999921e+00 1.659588999999999981e+00
-2.206217999999999790e+00 2.134449000000000041e+00 -1.288237000000000076e+00 2.592071999999999932e+00 -1.404366999999999921e+00 1.338723000000000107e+00 3.032897999999999872e+00 1.911899999999999933e+00 -1.455880999999999981e+00 1.271185000000000009e+00 1.483815000000000106e+00 1.625909999999999966e+00
-1.057568999999999981e+00 2.013364000000000154e+00 -1.179912000000000072e+00 2.690341999999999789e+00 -9.381709999999999772e-01 -6.493010000000000170e-01 -1.346681000000000017e+00 2.451052999999999926e+00 -1.577147999999999994e+00 1.261887999999999899e+00 1.460741000000000067e+00 1.448339999999999961e+00
-2.586015000000000175e+00 2.282308000000000003e+00 -2.075292000000000137e+00 -3.092058000000000195e+00 -1.146895999999999916e+00 -5.622589999999999533e-01 -1.768509000000000109e+00 2.864705999999999975e+00 -1.715676999999999897e+00 1.332905000000000006e+00 1.385559999999999903e+00 1.585240999999999900e+00
-2.318531000000000120e+00 2.248089999999999922e+00 -1.946439999999999948e+00 -1.731055000000000010e+00 -2.125697000000000170e+00 -3.891040000000000054e-01 -2.426753999999999856e+00 2.605205999999999911e+00 -1.746253999999999973e+00 1.353525000000000089e+00 1.387680000000000025e+00 1.709851999999999927e+00
-2.203196000000000154e+00 2.315281000000000144e+00 -1.966841000000000061e+00 2.320987999999999829e+00 -1.065804999999999891e+00 -7.328470000000000262e-01 -1.358746999999999927e+00 1.876049000000000078e+00 -1.173125999999999891e+00 1.332322000000000006e+00 1.295843000000000078e+00 1.722579000000000082e+00
-2.172261000000000220e+00 2.130835999999999952e+00 -1.950380999999999920e+00 2.343989000000000100e+00 -2.105971999999999955e+00 1.618709999999999871e-01 -2.214285999999999976e+00 1.803220000000000045e+00 -1.154895999999999923e+00 1.225999000000000061e+00 1.469484000000000012e+00 1.760545000000000027e+00
2.162936999999999887e+00 2.107492999999999839e+00 -1.238947000000000020e+00 1.660555000000000003e+00 -1.858929000000000054e+00 -7.133399999999999463e-02 -1.906948000000000087e+00 2.676738999999999979e+00 -1.128687999999999914e+00 1.275047999999999959e+00 1.448944000000000010e+00 1.478780999999999901e+00
1.111280000000000046e+00 2.257235999999999798e+00 -1.633267000000000024e+00 1.841382000000000074e+00 -1.878784000000000010e+00 1.723709999999999964e-01 -1.651799999999999935e+00 2.889264999999999972e+00 -2.016474999999999795e+00 1.304829000000000017e+00 1.431324000000000041e+00 1.512080000000000091e+00
-3.878899999999999709e-02 2.298630999999999869e+00 -1.370519999999999960e+00 2.567250000000000032e+00 -1.900522000000000045e+00 -2.077809999999999935e-01 -2.106164000000000147e+00 2.122717000000000187e+00 -1.544337000000000071e+00 1.225672000000000095e+00 1.231759000000000048e+00 1.498906000000000072e+00
-1.022340999999999944e+00 2.338896000000000086e+00 -8.460029999999999495e-01 2.189153000000000127e+00 -1.915934000000000026e+00 -4.177120000000000277e-01 -1.495413000000000103e+00 2.624943000000000026e+00 -1.958493000000000039e+00 1.242167000000000021e+00 1.293728999999999907e+00 1.513331999999999899e+00
-2.380848999999999993e+00 2.738917999999999964e+00 -7.875370000000000426e-01 2.400949999999999918e+00 -1.918595999999999968e+00 -4.556299999999999933e-02 -2.132152000000000047e+00 2.262967999999999869e+00 -1.384455999999999909e+00 1.182439999999999936e+00 1.195707999999999993e+00 1.455570999999999948e+00
-2.583365000000000133e+00 2.394687999999999928e+00 5.389089999999999714e-01 1.098567999999999989e+00 -1.819020000000000081e+00 -2.451369999999999938e-01 -1.616136999999999935e+00 3.180080000000000129e-01 -1.538106999999999891e+00 1.156924999999999981e+00 1.188269999999999937e+00 1.709101999999999899e+00
-1.310472999999999999e+00 1.755524000000000084e+00 1.203259000000000079e+00 7.435310000000000530e-01 -1.513031999999999933e+00 -9.512400000000000022e-02 -1.439364000000000088e+00 -4.704829999999999846e-01 -1.035506000000000038e+00 1.256968000000000085e+00 1.268378999999999923e+00 1.731948000000000043e+00
-1.082907999999999982e+00 1.840684999999999905e+00 7.188010000000000232e-01 1.032057000000000002e+00 -1.598961999999999994e+00 1.155650000000000011e-01 -2.864396000000000164e+00 1.104754999999999932e+00 -1.318710000000000049e+00 1.315269000000000021e+00 1.332834999999999992e+00 1.705643000000000020e+00
-2.323929000000000133e+00 1.890163000000000038e+00 1.269484000000000057e+00 8.853370000000000406e-01 -1.437108999999999970e+00 -2.542050000000000143e-01 -1.770863000000000076e+00 2.322846000000000188e+00 -1.933769999999999989e+00 1.221159000000000106e+00 1.445923000000000069e+00 1.957529000000000075e+00
-1.236150000000000082e+00 2.001758999999999844e+00 1.172104999999999952e+00 3.566989999999999883e-01 -1.196299999999999919e+00 -7.500040000000000040e-01 -1.399016000000000037e+00 1.197019999999999973e+00 -1.022442999999999991e+00 1.231254999999999988e+00 1.564907000000000048e+00 2.147896999999999945e+00
-1.058648999999999951e+00 1.806314999999999893e+00 1.257041000000000075e+00 3.884850000000000247e-01 -2.138037999999999883e+00 1.309200000000000086e-01 -1.574751000000000012e+00 1.563196999999999948e+00 -1.635280999999999985e+00 1.256593999999999989e+00 1.449184999999999945e+00 1.991268000000000038e+00
-2.039597999999999800e+00 2.559941999999999940e+00 1.304027000000000047e+00 3.306470000000000242e-01 -9.949789999999999468e-01 -8.599820000000000242e-01 -1.776159000000000043e+00 2.399649000000000143e+00 -1.820456999999999992e+00 1.368249999999999966e+00 1.395499999999999963e+00 1.396600000000000064e+00
-2.781109999999999971e+00 2.614627000000000034e+00 7.864280000000000159e-01 1.356678999999999968e+00 -1.435170999999999975e+00 -3.356669999999999932e-01 -1.232553999999999927e+00 2.691361999999999810e+00 -2.297292999999999807e+00 1.798162000000000038e+00 1.612068000000000056e+00 1.683896000000000059e+00
-1.064429000000000070e+00 -3.101500999999999841e+00 8.152760000000000007e-01 9.608219999999999539e-01 -2.826801999999999815e+00 -1.219722999999999891e+00 -6.406960000000000433e-01 2.474006000000000149e+00 -1.341977999999999893e+00 1.771897999999999973e+00 1.636851999999999974e+00 1.550993999999999984e+00
-1.031646000000000063e+00 2.520481999999999889e+00 1.207027000000000072e+00 8.483640000000000070e-01 -2.657378000000000018e+00 -3.329300000000000037e-01 -2.251325000000000021e+00 2.776380000000000070e+00 -2.208708000000000116e+00 1.637969000000000008e+00 1.661702000000000012e+00 1.480717999999999979e+00
-1.133177000000000101e+00 2.587998999999999938e+00 1.017897999999999969e+00 6.524060000000000414e-01 -1.912628999999999913e+00 -6.916900000000000270e-01 -1.785517999999999939e+00 2.410114999999999785e+00 -1.751174999999999926e+00 1.539298000000000055e+00 1.637226999999999988e+00 1.435381000000000018e+00
-5.141050000000000342e-01 2.049317999999999973e+00 1.098097000000000101e+00 1.258772999999999920e+00 -1.856651999999999969e+00 -2.525209999999999955e-01 -2.426915000000000155e+00 2.814528999999999836e+00 -1.471651999999999960e+00 1.107267000000000001e+00 1.583336000000000077e+00 1.323971999999999927e+00
-2.518956000000000195e+00 2.763040000000000163e+00 1.382786000000000071e+00 6.609530000000000127e-01 -2.401298999999999850e+00 1.027854000000000045e+00 2.818681000000000214e+00 2.438940999999999804e+00 -1.841847000000000012e+00 9.922750000000000181e-01 1.899572000000000038e+00 1.732541000000000109e+00
-2.484423000000000048e+00 2.858627999999999947e+00 5.153729999999999700e-01 1.313166000000000055e+00 -2.001708999999999961e+00 3.312530000000000197e-01 -1.844427000000000039e+00 2.416986000000000079e+00 -1.410952999999999902e+00 7.520540000000000003e-01 1.454571000000000058e+00 1.657094000000000067e+00
-6.860150000000000414e-01 2.913953999999999933e+00 3.030880000000000241e-01 1.372428999999999899e+00 -1.942936999999999914e+00 -2.916779999999999928e-01 -9.967350000000000376e-01 2.480910000000000171e+00 -2.094873999999999903e+00 8.073810000000000153e-01 1.526305000000000023e+00 1.768095999999999890e+00
-8.886150000000000437e-01 2.639177000000000106e+00 -5.837660000000000071e-01 2.166605999999999810e+00 -2.006375999999999937e+00 -2.174919999999999909e-01 -2.051687999999999956e+00 2.237881999999999927e+00 -1.424717000000000011e+00 7.223230000000000484e-01 1.605283999999999933e+00 1.823971000000000009e+00
-2.275084999999999802e+00 2.524481000000000197e+00 5.768600000000000116e-02 1.535301999999999945e+00 -1.662339999999999929e+00 -4.168430000000000191e-01 -1.068346999999999936e+00 2.081655000000000033e+00 -1.538553000000000059e+00 7.548289999999999722e-01 1.628138000000000085e+00 1.851741999999999999e+00
3.074971999999999817e+00 2.867945999999999884e+00 -9.914450000000000207e-01 2.335916000000000103e+00 -1.078961000000000059e+00 -8.283819999999999517e-01 -1.258126000000000078e+00 2.249556000000000111e+00 -1.912825999999999915e+00 7.609609999999999985e-01 1.644859999999999989e+00 1.766931000000000029e+00
-2.427843000000000195e+00 2.434420999999999946e+00 -1.576289999999999969e+00 2.345139999999999780e+00 -1.487162000000000095e+00 3.752489999999999992e-01 -2.701471000000000178e+00 2.257026999999999894e+00 -2.010028000000000148e+00 8.995900000000000007e-01 1.342494000000000076e+00 1.633124000000000020e+00
-2.135238000000000191e+00 2.552626000000000062e+00 -1.666906999999999917e+00 2.128956000000000071e+00 -1.831086999999999909e+00 1.106140000000000040e-01 -1.216623999999999928e+00 2.558780000000000054e+00 -1.907489999999999908e+00 8.406890000000000196e-01 1.313020000000000076e+00 1.480691999999999897e+00
-9.751039999999999708e-01 2.319961999999999858e+00 -2.035842000000000152e+00 2.298109999999999875e+00 -1.491203000000000056e+00 -1.877070000000000127e-01 -2.441774999999999807e+00 2.423347999999999836e+00 -1.453122000000000025e+00 9.395059999999999523e-01 1.625790000000000068e+00 1.530443999999999916e+00
-2.474107000000000056e+00 2.293417999999999957e+00 -1.860330999999999957e+00 1.865485999999999978e+00 -2.165954000000000157e+00 -6.512999999999999692e-03 -8.593100000000000183e-01 2.383220000000000116e+00 -1.665896999999999961e+00 1.095523999999999942e+00 1.315101000000000075e+00 1.524186999999999959e+00
-1.283981999999999957e+00 1.935940999999999912e+00 -1.149974999999999969e+00 2.600890000000000146e+00 -1.669154999999999944e+00 1.386519999999999975e-01 -2.073542999999999914e+00 2.762531000000000070e+00 -2.128185999999999911e+00 1.353965000000000085e+00 1.969618000000000091e+00 1.919729000000000019e+00
-2.721344000000000207e+00 2.633628999999999998e+00 -1.815293999999999963e+00 1.875853999999999910e+00 -1.600549999999999917e+00 -6.943199999999999372e-02 -2.558876000000000150e+00 2.770141999999999882e+00 -2.079384000000000121e+00 1.205859000000000014e+00 2.037303999999999782e+00 1.789798000000000000e+00
2.991035999999999806e+00 2.363704999999999945e+00 -1.932301000000000046e+00 2.782322000000000184e+00 -1.115930000000000089e+00 -7.668110000000000204e-01 -2.464871000000000034e+00 2.326801000000000119e+00 -1.497775999999999996e+00 1.327445999999999904e+00 2.062600999999999907e+00 1.896071000000000062e+00
-2.392009999999999970e+00 2.337324000000000179e+00 -1.270005000000000051e+00 2.643888000000000016e+00 -1.139389999999999903e+00 -6.999239999999999906e-01 -2.648016000000000147e+00 2.901002000000000081e+00 -1.576232000000000077e+00 1.373588000000000031e+00 2.095298000000000105e+00 1.950504000000000016e+00
-8.316550000000000331e-01 2.456566000000000027e+00 -2.116645999999999805e+00 2.439128000000000185e+00 -9.005260000000000487e-01 -8.444599999999999884e-01 -2.859116999999999909e+00 2.736000999999999905e+00 -2.295196999999999932e+00 1.418960999999999917e+00 2.065354000000000134e+00 1.856762000000000024e+00
-2.702202999999999911e+00 2.612692000000000014e+00 -1.791875000000000107e+00 1.892136000000000040e+00 -2.305976999999999943e+00 1.027390999999999943e+00 -2.624503999999999948e+00 3.068087999999999926e+00 -1.446957999999999966e+00 1.626970999999999945e+00 1.679815999999999976e+00 1.922757000000000049e+00
-1.073876000000000053e+00 2.204903999999999975e+00 -2.025510000000000144e+00 1.853067000000000020e+00 -2.048621999999999943e+00 1.793131999999999948e+00 -3.015487999999999946e+00 -3.077551999999999843e+00 -1.730180000000000051e+00 1.617240000000000011e+00 1.659235999999999933e+00 1.943124000000000073e+00
-1.227975000000000039e+00 2.465186000000000099e+00 -2.599108000000000196e+00 2.354530000000000012e+00 -2.282961999999999936e+00 1.450442000000000009e+00 -2.797464000000000173e+00 2.793746000000000063e+00 -1.322451999999999961e+00 1.663257999999999903e+00 1.724296000000000051e+00 2.053684000000000065e+00
-1.980852000000000057e+00 2.564232000000000067e+00 -2.043406000000000056e+00 2.414413000000000142e+00 -1.409461000000000075e+00 -5.261719999999999731e-01 -4.539030000000000009e-01 2.648870000000000058e+00 -2.383223000000000091e+00 1.716010999999999953e+00 1.723953000000000069e+00 1.752861999999999920e+00
-2.620382999999999907e+00 2.504827999999999832e+00 -1.434843000000000091e+00 1.297131000000000034e+00 -1.276515999999999984e+00 1.838609999999999967e-01 -9.763570000000000304e-01 2.022015999999999813e+00 -1.576740999999999948e+00 1.877952000000000066e+00 1.553369999999999918e+00 1.666983000000000104e+00
2.856055000000000010e+00 1.998081999999999914e+00 -1.062076000000000020e+00 2.265884999999999927e+00 -2.063756999999999842e+00 3.799500000000000099e-01 -6.236129999999999729e-01 2.343907000000000185e+00 -1.472542999999999935e+00 1.956533000000000078e+00 1.425119999999999942e+00 1.598430999999999935e+00
-2.773314000000000057e+00 2.810292000000000012e+00 -8.271450000000000191e-01 2.139619000000000160e+00 -1.568216000000000054e+00 -1.384203999999999990e+00 -1.130821000000000076e+00 1.905589999999999895e+00 -1.875458999999999987e+00 1.485540000000000083e+00 1.191834999999999978e+00 1.288593000000000099e+00
-2.813632000000000133e+00 2.587699000000000193e+00 -1.291816000000000075e+00 2.104817000000000160e+00 -1.182606999999999964e+00 -7.692299999999999693e-01 -2.146485999999999894e+00 2.473306000000000004e+00 -1.569269000000000025e+00 1.442047999999999996e+00 1.309423999999999921e+00 1.287382000000000026e+00
1.603509999999999935e-01 2.137093999999999827e+00 -1.296135999999999955e+00 2.791160000000000085e+00 -1.024817000000000089e+00 -7.005689999999999973e-01 -1.737039000000000000e+00 2.344180000000000152e+00 -2.527464000000000155e+00 1.236004000000000103e+00 1.497897000000000034e+00 1.384899000000000102e+00
-2.107594999999999885e+00 2.210579000000000072e+00 -6.310620000000000118e-01 2.189411000000000218e+00 -2.661882999999999999e+00 1.894699999999999857e-02 -1.467167000000000110e+00 2.491426999999999836e+00 -2.431062999999999974e+00 1.471989999999999910e+00 1.425794000000000006e+00 1.640409000000000006e+00
-9.537499999999999867e-01 2.883960000000000079e+00 -1.218468000000000107e+00 1.913473999999999897e+00 -2.371423000000000059e+00 5.609790000000000054e-01 -2.077268000000000114e+00 2.128814000000000206e+00 -1.158873999999999960e+00 1.564583000000000057e+00 1.465824999999999934e+00 1.718425000000000091e+00
-1.247290000000000010e+00 2.624608999999999970e+00 -1.707257000000000025e+00 1.386077999999999921e+00 -8.060119999999999507e-01 -7.533549999999999969e-01 -1.516848999999999892e+00 2.550724000000000213e+00 -2.271609999999999907e+00 1.485667000000000071e+00 1.278424000000000005e+00 1.728809999999999958e+00
-1.613680000000000003e+00 2.845924000000000120e+00 -1.438928999999999903e+00 2.447569000000000106e+00 -1.900401999999999925e+00 9.712999999999999412e-02 -1.156381000000000103e+00 2.316409000000000162e+00 -1.722574999999999967e+00 1.493908999999999931e+00 1.441921999999999926e+00 1.805139999999999967e+00
-1.364255999999999913e+00 3.058050000000000157e+00 -1.528257999999999894e+00 2.966733000000000064e+00 -1.831841000000000053e+00 -5.219759999999999955e-01 -8.977220000000000200e-01 2.116314000000000028e+00 -1.406309000000000031e+00 1.439734999999999987e+00 1.375347000000000097e+00 1.762634000000000034e+00
-2.253753000000000117e+00 2.762096000000000107e+00 -1.701340000000000074e+00 1.994695000000000107e+00 -9.476860000000000284e-01 -7.448930000000000273e-01 -1.332154999999999978e+00 1.737111999999999989e+00 -9.469919999999999449e-01 1.367537999999999920e+00 1.252663000000000082e+00 1.566389999999999949e+00
-1.959012999999999893e+00 1.960866999999999916e+00 -1.501494000000000106e+00 2.059718000000000160e+00 -1.818963000000000108e+00 -9.442899999999999905e-02 -2.540353000000000083e+00 2.569532000000000149e+00 -2.226828999999999947e+00 1.346827999999999914e+00 1.356711999999999918e+00 1.710970000000000102e+00
-2.295653999999999861e+00 2.102491000000000110e+00 -4.526720000000000188e-01 2.178091000000000221e+00 -1.816904999999999992e+00 3.381359999999999921e-01 -1.964372000000000007e+00 2.236428999999999778e+00 -1.339555000000000051e+00 1.529484999999999983e+00 1.247638000000000025e+00 1.509484999999999966e+00
-1.089472999999999914e+00 2.579229999999999912e+00 -1.168155999999999972e+00 2.673033000000000214e+00 -1.584357000000000015e+00 -1.729692000000000007e+00 -1.007236999999999938e+00 2.698547000000000029e+00 -1.310796999999999990e+00 1.517651000000000083e+00 1.190125000000000099e+00 1.613730000000000109e+00
-1.107645999999999908e+00 2.217708000000000013e+00 -1.915148000000000073e+00 3.128592999999999957e+00 -1.794294000000000056e+00 -4.514800000000000063e-02 -2.545779000000000014e+00 2.932301999999999964e+00 -1.445740999999999943e+00 1.267795000000000005e+00 1.243578999999999990e+00 1.274701000000000084e+00
-1.274774000000000074e+00 2.134759999999999991e+00 -1.952395000000000103e+00 2.429857000000000156e+00 -2.212969000000000186e+00 -1.575110000000000121e-01 -1.850983999999999963e+00 2.271560000000000024e+00 -1.320260999999999907e+00 1.419234000000000107e+00 1.184922999999999949e+00 1.365844999999999976e+00
-1.233070000000000110e+00 2.696311000000000124e+00 -1.279848000000000097e+00 2.574856000000000034e+00 -1.657024000000000052e+00 6.629990000000000050e-01 1.449540000000000051e+00 2.316561999999999788e+00 -1.705540000000000056e+00 1.470293000000000072e+00 1.422687000000000035e+00 1.435313999999999979e+00
-7.577810000000000379e-01 2.678695999999999966e+00 -1.242459999999999898e+00 2.731014000000000053e+00 -1.588384000000000018e+00 4.091069999999999984e-01 1.795123999999999942e+00 1.850837999999999983e+00 -1.480941999999999981e+00 1.377612000000000059e+00 1.614992999999999901e+00 1.627520999999999995e+00
-2.411519999999999886e+00 3.080150000000000166e+00 -1.534021999999999997e+00 2.116429000000000116e+00 -1.797268000000000088e+00 1.344899999999999915e-02 -2.629699000000000009e+00 2.658462000000000103e+00 -1.330008999999999997e+00 1.953368999999999911e+00 1.843638000000000110e+00 1.912196999999999925e+00
-1.177278000000000047e+00 2.268959000000000170e+00 -9.530189999999999495e-01 1.918091999999999908e+00 -1.055519000000000096e+00 -8.111500000000000377e-01 -1.681211000000000011e+00 2.275971999999999884e+00 -2.816142999999999841e+00 1.574896000000000074e+00 1.839001000000000108e+00 1.771196999999999910e+00
-9.372660000000000435e-01 2.553291000000000199e+00 -1.116908999999999930e+00 2.438451999999999842e+00 -1.861207000000000056e+00 -8.916899999999999826e-02 -2.001088000000000200e+00 9.703960000000000363e-01 -1.701067000000000107e+00 1.708984999999999976e+00 1.861906000000000061e+00 1.743484999999999951e+00
-1.415883000000000003e+00 2.350185999999999886e+00 -1.033204999999999929e+00 2.583895000000000053e+00 -1.429548999999999959e+00 4.419080000000000230e-01 -1.654962999999999962e+00 3.062361999999999806e+00 -2.286115999999999815e+00 1.610054000000000096e+00 1.929964000000000013e+00 1.764509000000000105e+00
-1.019967999999999986e+00 2.654243999999999826e+00 -1.140114000000000072e+00 2.816158999999999857e+00 -2.150265000000000093e+00 -1.000469999999999970e-01 -1.806111999999999940e+00 2.500167999999999946e+00 -1.587930999999999981e+00 1.804484999999999895e+00 1.666198999999999986e+00 1.813480999999999899e+00
-2.047998999999999903e+00 1.934909999999999908e+00 -1.299438000000000093e+00 2.654017000000000071e+00 -1.800373999999999919e+00 -1.147666999999999993e+00 -2.073414999999999786e+00 2.441044000000000214e+00 -1.682960999999999929e+00 1.918023999999999951e+00 1.888247000000000009e+00 1.840548999999999991e+00
-1.243883000000000072e+00 2.526238000000000206e+00 -2.279043999999999848e+00 2.693156999999999801e+00 -2.009173000000000098e+00 -8.331079999999999597e-01 -1.233775000000000066e+00 2.185724000000000000e+00 -1.224253999999999953e+00 1.788262000000000018e+00 1.933785000000000087e+00 1.906811999999999951e+00
-9.654310000000000391e-01 2.413472000000000062e+00 -2.013813999999999993e+00 2.316418999999999784e+00 -1.041204999999999936e+00 -9.237539999999999640e-01 -1.070659999999999945e+00 2.432666999999999913e+00 -1.473173000000000066e+00 1.810678999999999927e+00 1.795849000000000029e+00 1.841148999999999925e+00
-1.443084000000000033e+00 2.515096000000000220e+00 -2.013818000000000108e+00 2.868529000000000106e+00 -1.349480000000000013e+00 -6.503489999999999549e-01 -8.511239999999999917e-01 2.813416000000000139e+00 -2.235965000000000202e+00 1.832459000000000060e+00 1.888827999999999951e+00 1.822985000000000078e+00
-2.801359000000000155e+00 2.522250999999999799e+00 -8.572089999999999987e-01 2.588654000000000011e+00 -2.082164000000000126e+00 1.489000000000000089e-03 -2.988049999999999873e+00 2.663085999999999842e+00 -1.622176000000000062e+00 1.375891999999999893e+00 9.223879999999999857e-01 1.475648999999999988e+00
-1.111294999999999922e+00 2.263946999999999932e+00 -1.132479000000000013e+00 2.535290999999999961e+00 -2.097856999999999861e+00 -5.364160000000000039e-01 -2.325328999999999979e+00 2.512180999999999997e+00 -2.262389999999999901e+00 9.668930000000000025e-01 9.293959999999999999e-01 1.575382999999999978e+00
-2.083049999999999902e-01 2.195205000000000073e+00 -1.544106999999999896e+00 2.364800999999999931e+00 -1.741527000000000047e+00 5.015999999999999626e-03 -2.268152999999999864e+00 2.555785999999999891e+00 -2.057892999999999972e+00 1.441397999999999957e+00 9.295050000000000257e-01 1.603628000000000053e+00
-1.807385000000000019e+00 2.270639000000000074e+00 -1.553128999999999982e+00 2.538572999999999968e+00 -2.153430999999999873e+00 8.473410000000000108e-01 -2.555849999999999955e+00 2.565491000000000188e+00 -1.585315999999999947e+00 1.623918999999999890e+00 1.127313000000000009e+00 1.702434999999999921e+00
-2.236419999999999852e+00 2.490791999999999895e+00 -9.976960000000000273e-01 2.450451000000000157e+00 -1.844016000000000099e+00 -1.650400000000000131e-02 -1.690372999999999903e+00 2.819310999999999900e+00 -1.246307000000000054e+00 1.336789999999999923e+00 1.211940000000000017e+00 1.766836000000000073e+00
-1.500393000000000088e+00 2.150098999999999982e+00 -2.630739999999999856e+00 2.509840000000000071e+00 -1.215686000000000044e+00 -4.802600000000000202e-01 -1.827431999999999945e+00 2.143609000000000098e+00 -1.180619000000000085e+00 1.614619999999999944e+00 1.239524000000000070e+00 1.628738000000000019e+00
-1.232266000000000084e+00 1.071295000000000108e+00 -1.186148999999999898e+00 3.110768000000000200e+00 -1.663882000000000083e+00 -2.481180000000000052e-01 -2.688490999999999964e+00 2.978042999999999996e+00 -1.715946999999999889e+00 1.690814999999999957e+00 1.185119999999999951e+00 1.507794000000000079e+00
-1.102049000000000056e+00 2.375996999999999915e+00 -2.054095999999999922e+00 2.824123999999999857e+00 -1.716809000000000029e+00 -1.019746999999999959e+00 -1.406465000000000076e+00 2.689553999999999778e+00 -1.806786999999999921e+00 1.833566999999999947e+00 1.144042999999999921e+00 1.454531000000000018e+00
-1.226879000000000053e+00 2.518708999999999865e+00 -1.762367000000000017e+00 2.649071000000000176e+00 -1.099745999999999890e+00 -6.068599999999999550e-01 -2.593303000000000136e+00 2.591251000000000193e+00 -2.377889000000000141e+00 1.713986999999999927e+00 1.197294999999999998e+00 1.789320000000000022e+00
-1.412914999999999921e+00 2.417988999999999944e+00 -1.800076000000000009e+00 2.705300999999999956e+00 -1.477832000000000034e+00 -2.157679999999999876e-01 -2.633236999999999828e+00 2.766179999999999861e+00 -1.769322000000000061e+00 1.667628000000000110e+00 1.113458999999999977e+00 1.770836999999999994e+00
-1.318422999999999901e+00 1.924330000000000096e+00 -2.248289000000000204e+00 2.299252000000000073e+00 -9.096699999999999786e-01 -6.900209999999999955e-01 -1.539870000000000072e+00 3.028945000000000221e+00 -1.728248999999999924e+00 1.908363000000000032e+00 1.168371999999999966e+00 1.935305999999999971e+00
-2.293705999999999801e+00 6.982969999999999455e-01 -4.887099999999999778e-01 2.266316000000000219e+00 -1.181095999999999924e+00 -5.189859999999999474e-01 -1.173500999999999905e+00 2.597643999999999842e+00 -1.636173000000000100e+00 1.831611000000000100e+00 1.147086999999999968e+00 1.830335999999999963e+00
-8.938730000000000286e-01 2.371500999999999859e+00 -1.842381000000000046e+00 2.363783000000000190e+00 -1.680446000000000106e+00 -1.209739999999999982e-01 -1.361377000000000059e+00 3.044929999999999914e+00 -1.708854000000000095e+00 1.876999000000000084e+00 1.220253000000000032e+00 1.850036000000000014e+00
-9.622469999999999635e-01 2.275811000000000028e+00 -1.880961000000000105e+00 2.130078000000000138e+00 -1.903848999999999902e+00 8.652999999999999581e-02 -1.160274999999999945e+00 2.689154999999999962e+00 -1.527871999999999897e+00 1.462866999999999917e+00 1.266733000000000109e+00 1.804103999999999930e+00
-1.779069000000000011e+00 1.005827999999999944e+00 -4.023979999999999779e-01 2.427324000000000037e+00 -1.813109999999999999e+00 1.073579999999999951e-01 -1.473945000000000061e+00 1.974704999999999933e+00 -1.203535999999999939e+00 9.519290000000000251e-01 1.050124999999999975e+00 1.510102000000000055e+00
-1.461616000000000026e+00 1.753231999999999902e+00 -1.878546999999999967e+00 2.250370000000000203e+00 -1.119164999999999965e+00 -4.222139999999999782e-01 -1.105626999999999915e+00 2.577103999999999839e+00 -2.121373000000000175e+00 9.250509999999999566e-01 8.081819999999999560e-01 1.495954999999999924e+00
-1.983611000000000013e+00 2.452590999999999966e+00 -1.897342000000000084e+00 2.762901999999999969e+00 -2.038720999999999783e+00 1.736360000000000126e-01 -1.479764999999999997e+00 2.741076000000000068e+00 -1.196120999999999990e+00 1.069212000000000051e+00 8.629400000000000404e-01 1.629181999999999908e+00
-2.004465999999999859e+00 2.568397000000000041e+00 -2.882919999999999927e-01 2.234016000000000002e+00 -1.444253000000000009e+00 -3.374429999999999930e-01 -1.350392000000000037e+00 2.815344000000000069e+00 -2.036443999999999921e+00 8.248210000000000264e-01 9.033069999999999711e-01 1.745617999999999892e+00
-1.045793999999999890e+00 2.457797999999999927e+00 -1.046432000000000029e+00 2.294141000000000208e+00 -1.191198999999999897e+00 -3.165560000000000040e-01 -1.311196999999999946e+00 2.908129000000000186e+00 -1.695130000000000026e+00 8.240469999999999740e-01 9.815540000000000376e-01 1.650490000000000013e+00
-1.695024000000000086e+00 2.427251000000000047e+00 -2.325218000000000007e+00 -3.020179000000000169e+00 -1.760267000000000026e+00 -4.896799999999999764e-02 -2.030784000000000145e+00 3.108807000000000098e+00 -1.678628999999999927e+00 1.202525999999999984e+00 6.271529999999999605e-01 1.615118000000000054e+00
-2.384253999999999873e+00 2.827395999999999798e+00 -1.631972999999999896e+00 2.825613999999999848e+00 -1.150288999999999895e+00 -7.085249999999999604e-01 -2.358646999999999938e+00 1.984976999999999991e+00 -1.763703999999999938e+00 1.201090999999999909e+00 7.560620000000000118e-01 1.574805999999999928e+00
-4.063439999999999830e-01 1.864306999999999936e+00 -1.387407999999999975e+00 2.630104999999999915e+00 -8.377369999999999539e-01 -7.340419999999999723e-01 -2.440815999999999875e+00 2.757330000000000059e+00 -2.047384000000000093e+00 1.738502999999999910e+00 1.036953000000000014e+00 1.601599999999999913e+00
-1.099131999999999998e+00 1.958488000000000007e+00 -1.098945000000000061e+00 2.535063000000000066e+00 -1.659037000000000095e+00 -8.633410000000000251e-01 -1.728027999999999897e+00 2.149830000000000130e+00 -2.236641000000000101e+00 1.740629999999999900e+00 1.240423000000000053e+00 1.825641999999999987e+00
-9.528539999999999788e-01 2.275316999999999812e+00 -1.620484000000000036e+00 2.735869999999999802e+00 -2.192927000000000071e+00 -1.090732999999999953e+00 -1.676131999999999955e+00 6.328780000000000516e-01 -1.371310000000000029e+00 1.711710999999999983e+00 1.299835999999999991e+00 1.733025000000000038e+00
-9.960520000000000485e-01 2.285092000000000123e+00 -9.613359999999999683e-01 2.170748000000000122e+00 -1.317525999999999975e+00 -7.482339999999999547e-01 -2.682087999999999806e+00 1.263363999999999931e+00 -1.005883000000000083e+00 1.744137000000000048e+00 1.327935000000000088e+00 1.679608999999999908e+00
-1.538832999999999895e+00 2.950251000000000179e+00 -1.273895000000000000e+00 2.471926999999999985e+00 -1.422971999999999904e+00 -4.407510000000000039e-01 -3.046051999999999982e+00 -3.114679000000000197e+00 -1.519525999999999932e+00 1.812807000000000057e+00 1.605841999999999992e+00 1.776477000000000084e+00
-2.539808999999999983e+00 2.983155000000000001e+00 -1.313944000000000001e+00 2.455157999999999952e+00 -1.932852000000000015e+00 -1.078709999999999947e-01 -2.524523999999999990e+00 2.308793000000000095e+00 -1.383067999999999964e+00 1.671224999999999961e+00 1.306920999999999999e+00 1.615277000000000074e+00
-1.168260000000000076e+00 2.603883999999999865e+00 -1.191003000000000034e+00 2.325886000000000120e+00 -1.100673999999999930e+00 -7.139219999999999455e-01 -2.585983000000000143e+00 2.855945000000000178e+00 -1.463993000000000100e+00 1.576232000000000077e+00 9.128389999999999560e-01 1.577847000000000000e+00
-1.945414999999999894e+00 2.555657000000000068e+00 -1.157825000000000104e+00 2.578790999999999833e+00 -1.889799999999999924e+00 3.121599999999999930e-01 -2.945984000000000158e+00 -2.824087000000000014e+00 -1.679143000000000052e+00 1.503331999999999891e+00 9.676169999999999494e-01 1.569665000000000088e+00
-1.065290999999999988e+00 2.309194999999999887e+00 -1.963168000000000024e+00 2.426572000000000173e+00 -1.760456999999999939e+00 6.935600000000000098e-02 -2.788667999999999925e+00 1.251352000000000020e+00 -1.562629000000000046e+00 1.701257000000000019e+00 1.348473999999999950e+00 1.783555000000000001e+00
-9.882189999999999586e-01 2.404891000000000112e+00 -1.836222000000000021e+00 2.567379999999999995e+00 -1.531573999999999991e+00 -7.023100000000000176e-02 -2.405320999999999820e+00 1.978601000000000054e+00 -2.035699999999999843e+00 1.836532999999999971e+00 1.310386000000000051e+00 1.742583999999999911e+00
-2.368888999999999800e+00 2.826642000000000099e+00 2.960064000000000028e+00 2.010297000000000001e+00 -1.838937000000000044e+00 -2.177640000000000131e-01 -1.346473999999999949e+00 2.343879999999999963e+00 -1.895583999999999936e+00 1.461124000000000089e+00 1.311285000000000034e+00 1.509330000000000060e+00
-2.344746999999999915e+00 -3.117213000000000012e+00 -1.354689000000000032e+00 1.436009000000000091e+00 -1.284634000000000054e+00 -2.905599999999999850e-01 -1.075201999999999991e+00 2.731100000000000083e+00 -1.805236000000000063e+00 1.305037999999999920e+00 1.244663000000000075e+00 1.240259999999999918e+00
-2.345133999999999830e+00 2.933051999999999992e+00 -1.484356000000000009e+00 2.019791000000000114e+00 -1.537533000000000039e+00 -4.154809999999999892e-01 -1.093251999999999891e+00 2.652753999999999834e+00 -1.296316000000000024e+00 1.379574999999999996e+00 1.156870000000000065e+00 1.171199000000000101e+00
-9.852279999999999927e-01 2.557101999999999986e+00 -2.124476000000000031e+00 1.850368999999999930e+00 -1.322492999999999919e+00 -2.588790000000000258e-01 -1.634656000000000109e+00 1.491362999999999994e+00 -2.023524999999999796e+00 1.359572999999999920e+00 9.399100000000000232e-01 1.144559000000000104e+00
-1.352203999999999962e+00 2.279231999999999925e+00 -1.458490000000000064e+00 1.983835000000000015e+00 -2.023674000000000195e+00 3.194339999999999957e-01 -1.727559999999999985e+00 3.046619999999999884e-01 -1.350530000000000008e+00 1.365779999999999994e+00 9.584420000000000162e-01 9.793100000000000138e-01
-1.957548999999999984e+00 2.045469000000000204e+00 -6.361259999999999692e-01 2.134694999999999787e+00 -1.655242000000000102e+00 -6.029600000000000237e-02 -1.824705999999999939e+00 1.777179999999999871e-01 -1.448010000000000019e+00 1.560802000000000023e+00 6.347000000000000419e-01 7.810120000000000395e-01
-1.952377999999999947e+00 2.866302999999999823e+00 -1.507306000000000035e+00 2.128493000000000190e+00 -1.833833999999999964e+00 5.238400000000000001e-02 -1.303385000000000016e+00 -3.129700000000000260e-01 -1.613620999999999972e+00 1.525344999999999951e+00 5.899269999999999792e-01 7.331349999999999811e-01
-1.656543000000000099e+00 2.712038000000000171e+00 -1.517649999999999944e+00 2.456783000000000161e+00 -2.011067000000000160e+00 -2.451619999999999910e-01 -1.995081000000000104e+00 1.254115000000000091e+00 -1.588400999999999952e+00 1.642336999999999936e+00 6.337960000000000260e-01 7.635849999999999582e-01
-1.080140000000000100e+00 2.047305999999999848e+00 -1.269198000000000048e+00 2.491713999999999984e+00 -2.132444000000000006e+00 -3.466319999999999957e-01 -2.576289000000000051e+00 1.217208999999999985e+00 -1.350319999999999965e+00 1.599809999999999954e+00 7.110729999999999551e-01 4.514110000000000067e-01
-1.439078999999999997e+00 2.186873999999999985e+00 -1.420759000000000105e+00 2.484938000000000091e+00 -2.181296000000000124e+00 7.570000000000000340e-03 -2.568665000000000198e+00 2.078281000000000045e+00 -2.581011000000000166e+00 1.606484000000000023e+00 6.562869999999999537e-01 4.489699999999999802e-01
-1.544589999999999907e+00 2.148754999999999971e+00 -1.502904000000000018e+00 2.953425000000000189e+00 -2.385476000000000152e+00 -2.597889999999999922e-01 -7.160609999999999475e-01 2.631978999999999846e+00 -2.098862000000000005e+00 1.301245999999999903e+00 6.834130000000000482e-01 4.737040000000000139e-01
-1.055177000000000032e+00 2.270859999999999879e+00 -2.060360000000000191e+00 1.946855000000000002e+00 -1.241548000000000096e+00 -6.793179999999999774e-01 -1.138006000000000073e+00 2.188829999999999831e+00 -1.788269000000000108e+00 1.672960000000000003e+00 7.319379999999999775e-01 4.923049999999999926e-01
-1.079947999999999908e+00 1.891229999999999967e+00 -1.082908999999999899e+00 2.578431999999999835e+00 -2.193262999999999963e+00 1.022054999999999936e+00 -2.422241000000000088e+00 2.354363000000000206e+00 -2.475233999999999934e+00 1.481592000000000020e+00 7.006139999999999590e-01 4.850400000000000267e-01
-1.344068999999999958e+00 2.175183000000000089e+00 -1.681531000000000109e+00 2.542044000000000192e+00 -1.888783000000000101e+00 2.662563000000000013e+00 2.613785000000000025e+00 2.592950999999999784e+00 -2.361801999999999957e+00 1.607410000000000005e+00 6.796499999999999764e-01 4.761540000000000217e-01
-1.695834999999999981e+00 2.169448000000000043e+00 -1.732089999999999907e+00 2.784247999999999834e+00 -2.172900999999999971e+00 2.657392000000000198e+00 -2.711479999999999890e+00 8.730529999999999680e-01 -1.472156999999999938e+00 1.538273999999999919e+00 7.404340000000000366e-01 5.044140000000000290e-01
-9.719659999999999966e-01 2.384669000000000150e+00 -1.774934000000000012e+00 2.115924000000000138e+00 -1.619769999999999932e+00 1.790977999999999959e+00 -1.858084000000000069e+00 2.174494999999999845e+00 -2.034193999999999836e+00 1.414161000000000001e+00 7.613959999999999617e-01 5.782760000000000122e-01
-1.581693999999999933e+00 1.917284999999999906e+00 -1.770841000000000109e+00 2.797270999999999841e+00 -2.252835999999999839e+00 2.746834999999999916e+00 -2.020558999999999994e+00 2.636474999999999902e+00 -1.630122999999999989e+00 1.426328999999999958e+00 8.258609999999999562e-01 4.350080000000000058e-01
-1.174552999999999958e+00 1.820673999999999904e+00 -1.899639999999999995e+00 2.180639000000000216e+00 -1.118940000000000046e+00 2.367720999999999965e+00 -1.183842999999999979e+00 1.924595999999999973e+00 -1.900837000000000110e+00 1.599007000000000067e+00 8.031190000000000273e-01 5.020210000000000505e-01
-1.693427999999999933e+00 1.849869999999999903e+00 -1.358098999999999945e+00 2.450992999999999977e+00 -1.241840999999999973e+00 2.689153999999999822e+00 -7.312999999999999501e-01 2.133033000000000179e+00 -1.549527000000000099e+00 1.580743000000000009e+00 7.729540000000000299e-01 4.689329999999999887e-01
-6.602789999999999493e-01 1.988356999999999930e+00 -1.164746999999999977e+00 2.244869000000000003e+00 -1.250836000000000059e+00 2.071130000000000138e+00 -3.607940000000000036e-01 2.166405000000000136e+00 -2.334919000000000189e+00 1.647019000000000011e+00 6.821059999999999901e-01 4.672450000000000214e-01
-1.578540000000000054e+00 3.931490000000000262e-01 -1.413937999999999917e+00 2.349788999999999906e+00 -9.948110000000000008e-01 2.575578000000000145e+00 -1.025511999999999979e+00 2.080330000000000013e+00 -1.395753999999999939e+00 1.422870999999999997e+00 6.626840000000000508e-01 5.595820000000000238e-01
-1.993627999999999956e+00 1.835050000000000014e-01 -2.223171999999999926e+00 2.250004999999999811e+00 -1.100459000000000076e+00 2.613760000000000083e+00 -1.536942999999999948e+00 2.632617999999999903e+00 -2.030329000000000050e+00 1.531733999999999929e+00 7.037029999999999674e-01 5.270880000000000010e-01
-2.047287999999999997e+00 -5.148799999999999905e-02 -2.393057000000000212e+00 1.832516999999999951e+00 -1.123275000000000023e+00 2.618339000000000194e+00 -1.401154999999999928e+00 2.796793999999999780e+00 -1.868281000000000081e+00 1.264939000000000036e+00 8.119100000000000206e-01 5.540079999999999449e-01
-1.855375999999999914e+00 -9.162700000000000011e-02 -1.097574999999999967e+00 2.483731000000000133e+00 -1.435770999999999908e+00 2.715162999999999993e+00 -1.191740999999999939e+00 2.298455999999999833e+00 -1.304518000000000066e+00 1.320437000000000083e+00 7.073270000000000390e-01 5.369699999999999473e-01
-2.683920999999999779e+00 2.518000000000000238e-01 -1.211788000000000087e+00 2.378823999999999828e+00 -9.883880000000000443e-01 2.799681000000000086e+00 -7.619430000000000369e-01 2.005383000000000138e+00 -1.353531000000000040e+00 1.291956000000000104e+00 7.713210000000000344e-01 5.334539999999999837e-01
-1.171489999999999920e+00 -6.222720000000000473e-01 -1.075839999999999907e+00 2.983807000000000098e+00 -2.215120000000000200e+00 2.684178000000000175e+00 -7.903310000000000057e-01 2.954289999999999861e+00 -1.685378000000000043e+00 1.181904999999999983e+00 7.169050000000000145e-01 5.717809999999999837e-01
-2.370973000000000219e+00 -2.365420999999999996e+00 -9.221219999999999972e-01 2.158082999999999974e+00 -1.459659999999999958e+00 2.761398999999999937e+00 -1.143590000000000106e+00 2.638384999999999980e+00 -1.860638999999999932e+00 1.222309000000000090e+00 7.241790000000000171e-01 4.811509999999999954e-01
-2.256562000000000179e+00 -1.581588999999999912e+00 -2.052483000000000057e+00 1.885229999999999961e+00 -9.527830000000000465e-01 2.801152000000000086e+00 -1.121471000000000107e+00 1.949435000000000029e+00 -1.599178999999999906e+00 1.044408999999999921e+00 7.272889999999999633e-01 5.167070000000000274e-01
-2.192379999999999995e+00 2.764831000000000039e+00 -9.797200000000000353e-01 2.169801999999999786e+00 -1.205918999999999963e+00 2.426814999999999944e+00 -1.179400999999999922e+00 2.562066000000000177e+00 -1.235050999999999899e+00 9.954100000000000170e-01 6.956309999999999993e-01 5.384919999999999707e-01
-2.122932000000000041e+00 2.180407999999999902e+00 -1.156384999999999996e+00 2.654259000000000146e+00 -2.184419999999999806e+00 2.136263000000000023e+00 1.074330000000000007e-01 1.761543999999999999e+00 -1.549085999999999963e+00 1.149037000000000086e+00 7.036970000000000169e-01 4.734659999999999980e-01
-1.244566000000000061e+00 2.421272999999999787e+00 -1.307350999999999930e+00 2.858407000000000142e+00 -2.577545000000000197e+00 2.729057000000000066e+00 -1.449257999999999935e+00 2.769423999999999886e+00 -2.037643999999999789e+00 1.178077999999999959e+00 7.513980000000000103e-01 4.413420000000000121e-01
-9.420119999999999605e-01 1.204007000000000049e+00 -9.732009999999999827e-01 2.196867999999999821e+00 -1.501889999999999947e+00 2.496125000000000149e+00 -1.258753999999999929e+00 2.074762999999999913e+00 -1.875224999999999920e+00 1.163129999999999997e+00 7.534319999999999906e-01 4.850639999999999952e-01
-1.484016999999999920e+00 1.791361999999999899e+00 -9.698600000000000554e-01 2.435998000000000108e+00 -1.677861999999999965e+00 2.821359000000000172e+00 -1.132425999999999933e+00 2.746834000000000220e+00 -1.319356999999999891e+00 1.112217000000000011e+00 6.944230000000000125e-01 5.210590000000000499e-01
-1.688652999999999960e+00 2.068852000000000135e+00 -1.271733000000000002e+00 2.370289999999999786e+00 -1.914743000000000084e+00 2.684368999999999783e+00 -1.165704000000000073e+00 2.233403000000000027e+00 -1.062611999999999890e+00 9.299690000000000456e-01 6.431440000000000490e-01 5.050930000000000142e-01
-1.022634999999999961e+00 2.087758000000000003e+00 -1.391202000000000050e+00 2.249692000000000025e+00 -1.452911999999999981e+00 1.957346000000000030e+00 -1.115061000000000080e+00 2.612684999999999924e+00 -1.236828999999999956e+00 1.104694000000000065e+00 6.506920000000000481e-01 5.300340000000000051e-01
-9.735599999999999810e-01 2.718433000000000099e+00 -1.643148000000000053e+00 1.159416999999999920e+00 -4.220369999999999955e-01 2.478042999999999996e+00 -8.743929999999999758e-01 2.339649999999999785e+00 -1.823633000000000060e+00 9.904389999999999583e-01 7.141079999999999650e-01 5.654970000000000274e-01
-1.611493999999999982e+00 -3.105665000000000120e+00 -1.445256000000000096e+00 2.431227999999999945e+00 -1.728359999999999896e+00 1.816969999999999974e+00 -8.958660000000000512e-01 2.837445999999999913e+00 -1.760299000000000058e+00 1.075925999999999938e+00 6.506760000000000321e-01 5.573789999999999578e-01
-2.271168999999999993e+00 -3.134205000000000130e+00 -1.008550000000000058e+00 2.161713000000000218e+00 -1.256105999999999945e+00 2.721798000000000162e+00 -1.395140000000000047e+00 3.047028000000000070e+00 -1.646770999999999985e+00 1.034828000000000081e+00 7.464290000000000092e-01 4.900499999999999856e-01
2.660341999999999985e+00 2.725264000000000131e+00 -1.077612999999999932e+00 2.416589999999999794e+00 -1.541079000000000088e+00 2.562143999999999977e+00 -1.271414999999999962e+00 2.670806999999999931e+00 -1.255562999999999985e+00 1.045380999999999894e+00 7.031020000000000048e-01 5.024650000000000505e-01
2.770643000000000189e+00 2.643149999999999888e+00 -1.177723000000000075e+00 2.291230999999999796e+00 -1.375944999999999974e+00 2.621052000000000159e+00 -1.149084999999999912e+00 2.844679000000000180e+00 -2.092127000000000070e+00 9.749889999999999946e-01 6.682299999999999907e-01 5.531800000000000050e-01
-2.406937000000000104e+00 -2.835535000000000139e+00 -8.809200000000000363e-01 2.504217000000000137e+00 -2.222786999999999846e+00 2.135285000000000100e+00 1.232290000000000052e-01 1.461543999999999954e+00 -1.644746999999999959e+00 1.089722999999999997e+00 6.196469999999999478e-01 5.108160000000000478e-01
2.963064000000000142e+00 2.968249999999999833e+00 -1.393464000000000036e+00 2.175211000000000006e+00 -1.764415999999999984e+00 1.209764000000000062e+00 -9.881060000000000398e-01 2.766836000000000073e+00 3.341310000000000113e-01 1.134670999999999985e+00 6.526239999999999819e-01 5.525579999999999936e-01
-2.369225000000000136e+00 -2.970274999999999999e+00 -1.296815000000000051e+00 2.600953000000000070e+00 -2.659136000000000166e+00 1.512299999999999978e+00 -1.404681000000000068e+00 -2.198093000000000075e+00 -1.574789999999999912e+00 1.265899000000000107e+00 6.876189999999999802e-01 5.348199999999999621e-01
-2.695854999999999890e+00 2.874693000000000165e+00 -1.226868999999999987e+00 2.164314000000000071e+00 -1.668161000000000005e+00 8.961770000000000014e-01 2.191200000000000092e-02 1.657844000000000095e+00 9.148889999999999523e-01 9.945829999999999949e-01 7.260440000000000227e-01 5.251829999999999554e-01
-2.832174000000000191e+00 3.121903000000000095e+00 -8.243610000000000104e-01 3.049640999999999824e+00 -2.786697999999999897e+00 1.814268999999999910e+00 -5.611040000000000472e-01 2.052293000000000145e+00 -7.503370000000000317e-01 1.085572999999999899e+00 7.456589999999999607e-01 4.734490000000000087e-01
-2.843430000000000124e+00 -3.101901999999999937e+00 -1.240553000000000017e+00 2.561692999999999998e+00 -2.011251000000000122e+00 1.246825000000000072e+00 -6.723879999999999857e-01 2.369930000000000092e+00 -2.727600000000000163e-02 9.613880000000000203e-01 6.924109999999999987e-01 4.628559999999999897e-01
-2.065193999999999974e+00 2.724641000000000091e+00 -9.038129999999999775e-01 3.037316000000000127e+00 -2.207234999999999836e+00 2.349101000000000106e+00 -1.174509000000000025e+00 2.537862000000000062e+00 -9.939879999999999827e-01 1.072298999999999891e+00 7.332629999999999981e-01 5.670190000000000508e-01
-2.648130000000000095e+00 3.042002999999999791e+00 -5.417579999999999618e-01 2.883821000000000190e+00 -2.309498000000000051e+00 1.986420000000000075e+00 -8.662750000000000172e-01 1.841062999999999894e+00 -5.539669999999999872e-01 1.017630000000000035e+00 6.824630000000000418e-01 5.084929999999999728e-01
-1.156095000000000095e+00 2.921352999999999867e+00 -1.123415999999999970e+00 2.734983999999999860e+00 -1.832316999999999974e+00 2.011769999999999836e+00 -5.373179999999999623e-01 1.892749000000000015e+00 -3.641769999999999730e-01 1.047198999999999991e+00 6.594440000000000301e-01 5.467589999999999950e-01
-1.034253000000000089e+00 2.054612000000000105e+00 6.315000000000000301e-03 1.763430999999999971e+00 -1.569268000000000107e+00 9.604380000000000139e-01 -1.619056000000000051e+00 2.811542000000000208e+00 1.198758999999999908e+00 1.027597000000000094e+00 7.183699999999999530e-01 7.130579999999999696e-01
-8.621680000000000454e-01 2.637131000000000114e+00 -6.578850000000000531e-01 2.489037000000000166e+00 -2.070244999999999891e+00 -9.256699999999999651e-02 1.350770000000000026e-01 1.813738999999999990e+00 1.439602999999999966e+00 1.008399000000000045e+00 7.570329999999999560e-01 6.548249999999999904e-01
-1.177966999999999986e+00 2.697312000000000154e+00 -8.301920000000000410e-01 2.277740000000000098e+00 -1.836224000000000078e+00 1.200066000000000077e+00 -5.963249999999999940e-01 2.216817999999999955e+00 5.593630000000000546e-01 9.927470000000000461e-01 7.078010000000000135e-01 5.989579999999999904e-01
-9.907629999999999493e-01 2.368015000000000203e+00 -5.499960000000000404e-01 2.463473000000000024e+00 -1.989354999999999984e+00 1.043212000000000028e+00 -7.631040000000000045e-01 2.861330999999999847e+00 1.715079999999999938e-01 1.158824000000000076e+00 6.765510000000000135e-01 6.661620000000000319e-01
-1.517886000000000069e+00 -1.400441000000000047e+00 -2.805571000000000037e+00 2.884580000000000144e+00 -2.182977999999999863e+00 1.701179999999999914e-01 -1.003889999999999949e+00 2.355002999999999957e+00 1.318732000000000015e+00 1.197416000000000036e+00 6.907729999999999704e-01 5.924180000000000001e-01
-1.990334000000000048e+00 -3.126757000000000009e+00 -1.571838000000000068e+00 2.340627000000000013e+00 -1.452622999999999998e+00 1.719171999999999922e+00 -1.267281000000000102e+00 1.683554999999999913e+00 1.301968000000000014e+00 1.080337000000000103e+00 6.948680000000000412e-01 5.296999999999999487e-01
-1.154443000000000108e+00 2.630253999999999870e+00 -1.116292000000000062e+00 2.488255000000000106e+00 -1.816038999999999959e+00 1.416992999999999947e+00 -1.064680000000000071e+00 1.403535999999999895e+00 1.320929000000000020e+00 1.097529999999999895e+00 7.750599999999999712e-01 5.440500000000000336e-01
-2.042397999999999936e+00 -2.801451999999999831e+00 -2.178729000000000138e+00 2.669223000000000123e+00 -1.660770000000000080e+00 2.944392000000000120e+00 -1.661192999999999920e+00 1.642115999999999909e+00 1.358001999999999931e+00 1.074926000000000048e+00 7.131779999999999786e-01 5.195189999999999531e-01
-5.756170000000000453e-01 2.198423000000000016e+00 -1.712049999999999961e-01 2.073730999999999991e+00 -4.407150000000000234e-01 2.529043999999999848e+00 -1.839590000000000058e+00 2.404230999999999785e+00 2.329700000000000104e-01 1.344098000000000015e+00 6.743590000000000417e-01 6.390240000000000364e-01
-1.931750999999999996e+00 3.060599999999999987e+00 -8.252070000000000238e-01 2.749935999999999936e+00 -1.803711999999999982e+00 2.245289000000000090e+00 -1.607998000000000038e+00 2.884208999999999801e+00 1.021625000000000005e+00 1.365993000000000013e+00 6.715780000000000083e-01 5.449810000000000487e-01
-1.234663999999999984e+00 2.977397999999999989e+00 -9.446759999999999602e-01 2.247199000000000169e+00 -8.485580000000000345e-01 2.377339999999999787e+00 -1.404061000000000003e+00 2.509320000000000217e+00 1.430025000000000102e+00 1.338878000000000013e+00 6.994080000000000297e-01 6.532879999999999798e-01
-1.860492000000000035e+00 -2.541068000000000104e+00 -1.570519999999999916e+00 -2.131181999999999910e+00 3.029859000000000080e+00 2.201251000000000069e+00 -2.054616999999999916e+00 2.590689999999999937e+00 1.384295000000000053e+00 1.247813999999999979e+00 7.080180000000000362e-01 5.479289999999999994e-01
-1.643342000000000080e+00 3.006196000000000090e+00 -1.122332000000000107e+00 2.608798000000000172e+00 -1.716248999999999914e+00 2.833676999999999779e+00 -2.821692000000000089e+00 2.791509000000000018e+00 8.927000000000000490e-01 1.221802999999999972e+00 6.446229999999999460e-01 5.030440000000000467e-01
-2.346468999999999916e+00 2.903690000000000104e+00 -1.471899999999999986e+00 2.515919999999999934e+00 -9.052379999999999871e-01 1.858471999999999902e+00 -1.614743000000000039e+00 2.753676000000000013e+00 1.323258999999999963e+00 1.362438999999999956e+00 6.996059999999999501e-01 6.029520000000000435e-01
-2.380128000000000021e+00 3.015750999999999848e+00 -1.504696999999999951e+00 2.179231999999999836e+00 -8.459170000000000300e-01 2.369895999999999781e+00 -2.521724999999999994e+00 2.778516000000000208e+00 1.433480000000000087e+00 1.365874999999999950e+00 7.184850000000000403e-01 5.158629999999999605e-01
-1.679594999999999949e+00 3.048684999999999867e+00 -1.815701000000000009e+00 2.556909999999999794e+00 -1.437033000000000005e+00 2.930503999999999998e+00 2.801582999999999934e+00 1.662401999999999935e+00 1.224569000000000019e+00 1.256583999999999923e+00 7.280189999999999717e-01 5.335900000000000087e-01
-1.484536999999999995e+00 -2.607054999999999900e+00 -2.365829000000000182e+00 2.239746999999999932e+00 -1.411721999999999921e+00 2.226977999999999902e+00 -1.387175999999999965e+00 2.776867000000000196e+00 7.933600000000000374e-02 9.845099999999999962e-01 7.478820000000000467e-01 5.661340000000000261e-01
-2.107101999999999808e+00 2.802661000000000069e+00 -8.233430000000000470e-01 2.005304999999999893e+00 -1.332821000000000033e+00 2.505586999999999787e+00 -2.516585000000000072e+00 -2.872704999999999842e+00 8.792980000000000240e-01 1.413334000000000090e+00 7.059039999999999759e-01 5.134339999999999460e-01
-9.488720000000000487e-01 2.646256000000000164e+00 -1.047901999999999889e+00 2.390474999999999905e+00 -1.168693999999999900e+00 2.496884000000000103e+00 -2.160006000000000093e+00 -2.635094000000000047e+00 1.252223000000000086e+00 1.487403000000000031e+00 6.903719999999999857e-01 5.894270000000000342e-01
-1.883078999999999947e+00 2.990426999999999946e+00 -1.333447000000000049e+00 2.611623999999999945e+00 -8.967009999999999703e-01 2.236984999999999779e+00 -1.855558999999999958e+00 2.363649000000000111e+00 9.170979999999999688e-01 1.321191999999999922e+00 6.885799999999999699e-01 5.689959999999999463e-01
-1.913218000000000085e+00 2.906320000000000014e+00 -1.282373999999999903e+00 2.321009000000000100e+00 -5.199970000000000425e-01 2.020783999999999914e+00 -8.737840000000000051e-01 -2.917320999999999831e+00 -7.753100000000000547e-01 1.499430000000000041e+00 6.405119999999999703e-01 5.422839999999999883e-01
-2.537751999999999786e+00 2.709267999999999788e+00 -1.041736999999999913e+00 2.481540999999999997e+00 -9.075290000000000301e-01 2.420034999999999936e+00 -1.495419000000000054e+00 -1.809417000000000053e+00 -1.434828999999999910e+00 1.404679000000000011e+00 6.922709999999999697e-01 5.287889999999999535e-01
-1.978361000000000036e+00 2.961514000000000202e+00 -1.474034000000000066e+00 2.584840999999999944e+00 -9.368689999999999518e-01 2.589351000000000180e+00 -1.605215999999999976e+00 -2.589732000000000145e+00 -1.061997999999999998e+00 1.305306000000000077e+00 6.124920000000000364e-01 4.980519999999999947e-01
-9.696029999999999927e-01 2.641497999999999902e+00 -1.066673999999999900e+00 2.311058000000000057e+00 -2.142965999999999926e+00 2.593672999999999895e+00 -1.534111000000000002e+00 2.545927999999999969e+00 -1.998180999999999985e+00 8.828200000000000491e-01 7.353199999999999736e-01 5.499389999999999556e-01
-2.019776999999999934e+00 2.477818000000000076e+00 -1.476860999999999979e+00 2.319164999999999921e+00 -2.415432000000000023e+00 2.389117000000000157e+00 -1.374413000000000107e+00 2.291418000000000177e+00 -1.859331999999999985e+00 8.236660000000000093e-01 9.290429999999999522e-01 7.530649999999999844e-01
-1.133443999999999896e+00 2.334798999999999847e+00 -2.384656000000000109e+00 2.918169999999999931e+00 -2.348037000000000152e+00 2.708705000000000140e+00 -1.935090999999999894e+00 2.069636000000000031e+00 -1.485702000000000078e+00 7.919899999999999718e-01 7.712780000000000191e-01 7.744079999999999853e-01
-1.366970999999999936e+00 3.036399999999999988e+00 -2.789741999999999944e+00 2.960405000000000175e+00 -1.626136000000000026e+00 2.228721999999999870e+00 -1.399782999999999999e+00 2.472141999999999840e+00 -1.972903000000000073e+00 8.042970000000000397e-01 7.876300000000000523e-01 1.046556000000000042e+00
-2.571887999999999952e+00 1.337309000000000081e+00 -1.719702999999999982e+00 2.271462000000000092e+00 -1.661426000000000069e+00 2.420176999999999801e+00 -1.602303000000000033e+00 2.197979000000000127e+00 -1.534550000000000081e+00 8.012010000000000520e-01 7.070159999999999778e-01 8.397489999999999677e-01
-2.017418999999999851e+00 2.886824999999999974e+00 -4.011560000000000126e-01 2.203767000000000031e+00 -1.671778999999999904e+00 2.085452999999999779e+00 -1.170252000000000070e+00 2.244626999999999928e+00 -1.629871999999999987e+00 7.669820000000000526e-01 7.797330000000000094e-01 9.717270000000000074e-01
-2.666049999999999809e+00 2.569836000000000009e+00 -2.349312999999999985e+00 2.725766000000000133e+00 -2.117340000000000000e+00 2.263417000000000012e+00 -1.785868000000000011e+00 2.412510999999999850e+00 -1.593985999999999903e+00 7.743339999999999668e-01 8.212439999999999740e-01 8.763300000000000534e-01
-1.209602000000000066e+00 2.212536000000000058e+00 -2.517406999999999950e+00 3.127870999999999846e+00 -2.818026000000000142e+00 2.630854999999999944e+00 -1.844718000000000080e+00 2.263708999999999971e+00 -1.902160000000000073e+00 7.983090000000000463e-01 9.530380000000000518e-01 1.026105000000000045e+00
-1.085412999999999961e+00 2.608147000000000215e+00 -1.177707999999999977e+00 2.834611000000000214e+00 -2.236590000000000078e+00 2.961574000000000151e+00 -2.465736000000000150e+00 2.661977999999999955e+00 -1.912041000000000102e+00 7.560719999999999663e-01 8.374460000000000237e-01 8.744340000000000446e-01
-1.144959999999999978e+00 2.620608999999999966e+00 -3.016556000000000015e+00 3.008170999999999928e+00 -2.222233999999999821e+00 2.061472000000000193e+00 -1.691373000000000015e+00 2.212250000000000050e+00 -1.742564000000000002e+00 7.848819999999999686e-01 7.812099999999999600e-01 8.957720000000000127e-01
-1.324522999999999895e+00 1.658220999999999945e+00 -1.210620000000000029e+00 2.415531000000000095e+00 -1.103969999999999896e+00 2.450730000000000075e+00 -2.281536000000000008e+00 2.494418000000000024e+00 -1.839825999999999961e+00 7.754280000000000062e-01 8.508000000000000007e-01 1.162695999999999952e+00
-2.536271999999999860e+00 2.588975000000000026e+00 -1.354695999999999900e+00 2.607356999999999925e+00 -9.259990000000000165e-01 2.467941999999999858e+00 -2.442572999999999883e+00 2.503430999999999962e+00 -2.093720999999999943e+00 5.377669999999999950e-01 6.764590000000000325e-01 1.156919999999999948e+00
-1.549978999999999996e+00 2.778124000000000038e+00 -2.655632000000000215e+00 3.121877000000000013e+00 -2.580708000000000002e+00 2.715043000000000095e+00 -2.602211000000000052e+00 2.785841000000000012e+00 -2.060776999999999859e+00 6.085399999999999698e-01 7.899570000000000203e-01 9.158260000000000289e-01
-2.477583999999999786e+00 2.553084000000000131e+00 -1.562281999999999949e+00 1.422978000000000076e+00 -8.016240000000000032e-01 2.529583999999999833e+00 -1.953465000000000007e+00 2.518670999999999882e+00 -1.406490000000000018e+00 7.216050000000000519e-01 9.784650000000000292e-01 1.014455000000000107e+00
-1.551047000000000065e+00 2.697602999999999973e+00 -2.529771000000000214e+00 2.578851999999999922e+00 -1.503268999999999966e+00 2.881924999999999848e+00 -2.371341000000000143e+00 2.277362999999999804e+00 -1.966461999999999932e+00 6.170769999999999866e-01 8.359779999999999989e-01 1.028535999999999895e+00
-1.107236000000000109e+00 2.427624999999999922e+00 -2.975554999999999950e+00 2.663410999999999973e+00 -1.624559000000000086e+00 2.724523000000000028e+00 -2.025958999999999843e+00 2.317949000000000037e+00 -1.566672999999999982e+00 7.854510000000000103e-01 9.663389999999999480e-01 1.096241999999999939e+00
-1.765651000000000082e+00 2.921796000000000060e+00 -1.796952000000000105e+00 2.061463999999999963e+00 -1.574316999999999966e+00 2.091804000000000219e+00 -1.259789999999999965e+00 2.525557000000000052e+00 -2.069682999999999939e+00 7.512830000000000341e-01 8.384340000000000126e-01 8.698850000000000193e-01
-1.298605999999999927e+00 2.358398999999999912e+00 -6.127690000000000081e-01 2.166618000000000155e+00 -1.026046999999999931e+00 2.597128000000000103e+00 -2.077615000000000212e+00 2.900574999999999903e+00 -1.809660000000000046e+00 7.375329999999999941e-01 8.862149999999999750e-01 1.137094000000000049e+00
-1.378724999999999978e+00 2.656851000000000074e+00 -1.065628999999999937e+00 2.304418000000000077e+00 -1.333123999999999976e+00 2.379172000000000065e+00 -1.572732000000000019e+00 2.509348999999999830e+00 -1.805995999999999935e+00 7.886469999999999869e-01 9.274940000000000406e-01 1.146678000000000086e+00
-1.938091000000000008e+00 2.154795000000000016e+00 -1.429818999999999951e+00 9.934910000000000130e-01 -9.668369999999999465e-01 2.486079000000000150e+00 -1.580211000000000032e+00 2.811923000000000172e+00 -1.560437000000000074e+00 7.002310000000000478e-01 9.897580000000000267e-01 8.072740000000000471e-01
-1.708793999999999924e+00 7.267099999999999671e-01 -2.684695000000000054e+00 2.404084999999999805e+00 -7.854759999999999520e-01 2.305020999999999987e+00 -2.406134000000000217e+00 3.123781000000000141e+00 -2.349361000000000033e+00 7.010709999999999997e-01 9.157969999999999722e-01 1.358810000000000073e+00
-1.407799000000000023e+00 -3.696130000000000249e-01 -5.872960000000000402e-01 2.254265000000000185e+00 -1.225810999999999984e+00 1.681828000000000101e+00 -1.028351000000000015e+00 2.256365000000000176e+00 -1.709791999999999978e+00 7.600090000000000456e-01 8.741100000000000536e-01 1.219565000000000010e+00
-9.059150000000000258e-01 -5.211029999999999829e-01 -1.654930999999999930e+00 2.032954000000000150e+00 -1.352154000000000078e+00 2.198170999999999875e+00 -1.328410000000000091e+00 2.305098000000000091e+00 -1.199000000000000066e+00 6.907799999999999496e-01 8.867350000000000509e-01 1.008477999999999986e+00
-1.845955000000000013e+00 6.202499999999999680e-02 -4.990620000000000056e-01 2.288298000000000165e+00 -2.076820000000000110e+00 2.687028000000000194e+00 -1.983894999999999964e+00 2.404832999999999998e+00 -1.711524999999999963e+00 6.203189999999999538e-01 8.636340000000000128e-01 8.634500000000000508e-01
-9.145020000000000371e-01 -7.993019999999999570e-01 -7.666870000000000074e-01 2.270038000000000000e+00 -1.887791999999999915e+00 1.847290000000000099e+00 -1.142891000000000101e+00 2.401238000000000206e+00 -1.765490999999999921e+00 7.558439999999999603e-01 8.256059999999999510e-01 9.011510000000000353e-01
-1.980860999999999983e+00 -9.326199999999999768e-02 -2.694265999999999828e+00 1.940352999999999994e+00 -1.071180999999999939e+00 2.579032000000000213e+00 -2.099940999999999836e+00 1.995425000000000004e+00 -1.174827000000000066e+00 5.460270000000000401e-01 8.093890000000000251e-01 9.870659999999999989e-01
-2.255997999999999948e+00 9.955730000000000413e-01 -1.816831000000000085e+00 2.652807999999999833e+00 -1.919019999999999948e+00 2.611965999999999788e+00 -2.146634999999999849e+00 2.306956000000000007e+00 -1.830767999999999951e+00 5.953570000000000251e-01 7.505340000000000344e-01 8.526399999999999535e-01
-1.570859000000000005e+00 -2.219700000000000145e-02 -9.186870000000000314e-01 2.691467999999999972e+00 -2.022101000000000148e+00 2.944608999999999810e+00 -2.141016000000000030e+00 2.664865999999999957e+00 -1.587299999999999933e+00 5.460190000000000321e-01 8.308130000000000237e-01 9.444460000000000077e-01
-2.146094999999999864e+00 1.089841999999999977e+00 -1.331612000000000018e+00 3.042955000000000076e+00 -2.500566000000000066e+00 2.772196000000000105e+00 -2.132481999999999989e+00 2.040741999999999834e+00 -1.551941000000000015e+00 8.320149999999999491e-01 8.281439999999999912e-01 7.650329999999999631e-01
-1.138716000000000061e+00 6.852099999999999858e-02 -2.073303999999999814e+00 2.471985000000000099e+00 -2.005797999999999970e+00 2.511392999999999986e+00 -1.874236000000000013e+00 2.669725000000000126e+00 -1.344589000000000034e+00 7.318390000000000173e-01 8.759069999999999911e-01 8.998720000000000052e-01
-2.473320000000000185e+00 5.497689999999999522e-01 -2.293690999999999924e+00 2.402362999999999804e+00 -1.823247000000000062e+00 2.397463999999999817e+00 -1.560259000000000063e+00 1.996280999999999972e+00 -1.226002999999999954e+00 7.416110000000000202e-01 8.623739999999999739e-01 9.332200000000000495e-01
-3.067607999999999890e+00 2.110297000000000089e+00 -1.848927999999999905e+00 2.547927000000000053e+00 -1.747292000000000067e+00 2.217674000000000145e+00 -1.472447000000000061e+00 2.568159000000000081e+00 -1.775627000000000066e+00 8.571469999999999922e-01 8.454139999999999988e-01 9.938909999999999689e-01
-1.450220000000000065e+00 4.186130000000000129e-01 -1.321301000000000059e+00 2.433285999999999838e+00 -1.544880000000000031e+00 1.953359999999999985e+00 -1.591388000000000025e+00 1.664970999999999979e+00 -7.862789999999999502e-01 8.716110000000000246e-01 8.236499999999999932e-01 1.040510999999999964e+00
-1.837568000000000090e+00 4.298529999999999851e-01 -1.602082000000000006e+00 2.371284999999999865e+00 -1.211940999999999935e+00 2.132096000000000213e+00 -1.774923999999999946e+00 1.931330999999999909e+00 -1.495306000000000024e+00 8.833170000000000188e-01 8.582269999999999621e-01 1.027282999999999946e+00
-1.093015999999999988e+00 1.387067999999999968e+00 -2.268793000000000060e+00 2.731141000000000041e+00 -1.652489000000000097e+00 2.243374999999999897e+00 -1.500286999999999926e+00 1.546197999999999961e+00 -1.414139000000000035e+00 8.198630000000000084e-01 9.120179999999999954e-01 1.196593999999999935e+00
-9.118570000000000286e-01 2.424649000000000054e+00 -2.363958999999999921e+00 2.605180999999999969e+00 -1.898152999999999979e+00 1.960331999999999963e+00 -1.403605999999999909e+00 2.208127000000000173e+00 -1.627086999999999950e+00 7.085669999999999469e-01 8.816929999999999490e-01 9.985500000000000487e-01
-2.244696999999999942e+00 2.869203000000000170e+00 -2.830658999999999814e+00 1.877247000000000110e+00 -7.005919999999999925e-01 2.164642000000000177e+00 -1.224706000000000072e+00 1.664117000000000068e+00 -1.602146000000000070e+00 7.828889999999999461e-01 7.541889999999999983e-01 9.544479999999999631e-01
-1.144692000000000043e+00 2.157748000000000221e+00 -2.973292999999999964e+00 2.274270000000000014e+00 -1.905582000000000109e+00 2.014301999999999815e+00 -1.274289000000000005e+00 1.796199000000000101e+00 -8.783060000000000311e-01 7.602839999999999598e-01 7.111079999999999623e-01 8.147569999999999535e-01
-1.585572999999999899e+00 2.651877999999999957e+00 -2.132537000000000127e+00 2.720546000000000131e+00 -1.260895000000000099e+00 1.777600999999999987e+00 -1.628767000000000076e+00 2.276711000000000151e+00 -2.013707999999999831e+00 7.660599999999999632e-01 6.325079999999999592e-01 1.147345999999999977e+00
-1.869388999999999967e+00 2.686729999999999841e+00 -2.486514000000000113e+00 1.988845999999999892e+00 -3.233779999999999988e-01 2.029319000000000095e+00 -2.006512999999999991e+00 2.302143000000000050e+00 -1.933100000000000041e+00 7.674870000000000303e-01 6.383100000000000440e-01 9.964699999999999669e-01
-1.086721000000000048e+00 2.165945999999999927e+00 -6.031029999999999447e-01 2.155844000000000094e+00 -1.023138000000000103e+00 2.150755000000000194e+00 -1.565520999999999940e+00 1.842762000000000011e+00 -1.551077000000000039e+00 9.387290000000000356e-01 6.691350000000000353e-01 9.615310000000000246e-01
-1.633115000000000094e+00 2.753960999999999881e+00 -9.597160000000000135e-01 1.848692000000000002e+00 -8.273949999999999916e-01 2.331376000000000115e+00 -2.019931999999999839e+00 2.134319000000000077e+00 -2.062533999999999867e+00 9.279380000000000406e-01 7.367930000000000312e-01 1.027991000000000099e+00
-2.147412999999999794e+00 2.442235000000000156e+00 -1.423311999999999911e+00 2.613716999999999846e+00 -1.673945999999999934e+00 2.217687000000000186e+00 -1.170563999999999938e+00 2.240906999999999982e+00 -1.863899999999999890e+00 9.096370000000000289e-01 7.176129999999999454e-01 8.342589999999999728e-01
-1.452974999999999905e+00 2.854429999999999801e+00 -1.364046000000000092e+00 2.924033000000000104e+00 -2.171917999999999793e+00 2.398349000000000064e+00 -1.862627000000000033e+00 2.077802000000000149e+00 -1.797425000000000050e+00 9.190049999999999608e-01 7.041340000000000376e-01 8.682400000000000118e-01
-1.421948999999999907e+00 1.155391999999999975e+00 -7.056310000000000082e-01 2.526025999999999883e+00 -1.486922000000000077e+00 2.195608000000000004e+00 -1.143267000000000033e+00 1.932401000000000035e+00 -1.646997000000000044e+00 1.056335000000000024e+00 7.747079999999999522e-01 9.529910000000000325e-01
-1.961959999999999926e+00 5.180690000000000017e-01 -1.023592000000000057e+00 2.762367999999999935e+00 -2.020109000000000155e+00 -3.111511000000000138e+00 -2.709922999999999860e+00 2.566806000000000143e+00 -2.261598000000000219e+00 8.952679999999999527e-01 7.213340000000000307e-01 8.240020000000000122e-01
-1.808950000000000058e+00 1.787549999999999972e-01 -9.504380000000000051e-01 2.256216000000000221e+00 -1.808472000000000079e+00 2.217732999999999954e+00 -1.308739000000000097e+00 2.225063000000000013e+00 -1.914846000000000048e+00 9.516040000000000054e-01 7.435260000000000202e-01 7.299390000000000045e-01
-1.124678999999999984e+00 -8.518909999999999538e-01 -1.159813999999999901e+00 2.466921999999999837e+00 -1.646249000000000073e+00 1.897952000000000083e+00 -1.372786999999999979e+00 1.703208999999999973e+00 -1.834109999999999907e+00 8.663530000000000397e-01 7.209459999999999757e-01 8.219410000000000327e-01
-1.629315999999999987e+00 2.701700000000000212e-01 -1.459078000000000097e+00 1.495562000000000058e+00 -6.013290000000000024e-01 1.995138000000000078e+00 -1.446766999999999914e+00 2.002276999999999862e+00 -1.826821000000000028e+00 9.089749999999999774e-01 6.853399999999999492e-01 8.294820000000000526e-01
-2.068528000000000144e+00 -8.362690000000000401e-01 -1.447484999999999911e+00 2.372179000000000038e+00 -1.433740000000000014e+00 1.932557000000000080e+00 -1.064523000000000108e+00 2.358028000000000013e+00 -2.275997999999999966e+00 1.002548999999999912e+00 7.262030000000000429e-01 8.973759999999999515e-01
-1.155737999999999932e+00 -7.238459999999999894e-01 -1.088661000000000101e+00 2.447343000000000046e+00 -2.106713000000000058e+00 1.921618000000000048e+00 -1.085798999999999959e+00 2.222341999999999818e+00 -2.311644999999999950e+00 9.198410000000000197e-01 7.460090000000000332e-01 6.656619999999999759e-01
-2.114199999999999857e+00 -3.969790000000000263e-01 -1.375126000000000071e+00 2.424869000000000163e+00 -1.260105999999999948e+00 1.936932000000000098e+00 -1.156962000000000046e+00 1.855655999999999972e+00 -1.728552000000000088e+00 1.021492000000000067e+00 7.444279999999999786e-01 8.535930000000000462e-01
-9.244430000000000147e-01 -5.918139999999999512e-01 -1.081476000000000104e+00 1.433796000000000070e+00 -9.660509999999999931e-01 2.055060000000000109e+00 -1.242126000000000063e+00 2.474320000000000075e+00 -1.869342000000000059e+00 1.037244000000000055e+00 8.009530000000000260e-01 6.485539999999999639e-01
-2.190765999999999991e+00 1.965280000000000082e-01 -8.681370000000000475e-01 2.579307000000000016e+00 -2.886804000000000148e+00 1.483079000000000036e+00 -1.030284999999999895e+00 2.339500999999999831e+00 -1.630060000000000064e+00 1.055925000000000002e+00 7.214049999999999629e-01 5.019259999999999833e-01
-2.435264000000000095e+00 -1.087609000000000048e+00 -9.905399999999999761e-01 2.181036000000000197e+00 -2.052296999999999816e+00 2.419211999999999918e+00 -1.638614999999999933e+00 2.272057999999999911e+00 -1.766372999999999971e+00 9.914809999999999457e-01 7.964310000000000000e-01 5.271339999999999915e-01
-8.391710000000000003e-01 -7.975959999999999717e-01 -1.123197000000000001e+00 2.521113999999999855e+00 -2.699530999999999903e+00 2.930371000000000059e+00 -2.553125000000000089e+00 2.473472000000000115e+00 -1.529249000000000080e+00 8.851280000000000259e-01 7.539190000000000058e-01 5.031400000000000317e-01
-1.707942999999999989e+00 -9.876899999999999569e-02 -1.052772999999999959e+00 2.734183999999999948e+00 -1.802562999999999915e+00 2.211231999999999864e+00 -1.686441999999999997e+00 1.083040000000000003e+00 -2.319329000000000196e+00 1.392082000000000042e+00 7.632050000000000223e-01 5.357629999999999892e-01
-1.884748000000000090e+00 1.790779999999999872e-01 -1.708811000000000080e+00 2.706329000000000207e+00 -1.963182999999999900e+00 2.334219000000000044e+00 -1.908182000000000045e+00 3.583950000000000191e-01 -1.359318999999999944e+00 1.245567000000000091e+00 7.686629999999999852e-01 5.426090000000000080e-01
-2.283654999999999990e+00 5.445830000000000393e-01 -1.036475999999999953e+00 2.162888999999999839e+00 -1.668449999999999989e+00 2.042918999999999929e+00 -1.722526000000000002e+00 1.689819999999999933e-01 -1.174832000000000098e+00 1.351093000000000099e+00 7.619550000000000489e-01 5.771230000000000526e-01
-1.782383999999999968e+00 3.522999999999999743e-02 -8.414449999999999985e-01 2.326315000000000133e+00 -2.397279000000000160e+00 2.236237000000000030e+00 -2.425231000000000137e+00 2.700220999999999982e+00 -1.947297000000000056e+00 1.345217000000000107e+00 7.161549999999999860e-01 5.084030000000000493e-01
-1.765527999999999986e+00 -1.109689999999999982e-01 -5.515200000000000102e-01 2.245249999999999968e+00 -2.455754000000000214e+00 2.177592000000000194e+00 -1.652061999999999919e+00 2.595777000000000001e+00 -1.693626999999999994e+00 9.404169999999999474e-01 7.238179999999999614e-01 5.186460000000000514e-01
-1.435243000000000047e+00 -5.616529999999999578e-01 -1.038068999999999908e+00 1.789339999999999931e+00 -1.238836999999999966e+00 2.599038000000000181e+00 -1.875537000000000010e+00 2.188194999999999890e+00 -2.025074000000000041e+00 1.007452000000000014e+00 6.949109999999999454e-01 5.469720000000000137e-01
-2.082721999999999962e+00 5.072900000000000326e-02 -9.032810000000000006e-01 2.133976999999999791e+00 -2.248337999999999948e+00 2.068724000000000007e+00 -1.357626999999999917e+00 2.350566000000000155e+00 -1.898546999999999985e+00 1.027819999999999956e+00 7.667479999999999851e-01 5.133969999999999922e-01
-1.592027999999999999e+00 1.179701000000000111e+00 -1.002998999999999974e+00 2.649967999999999879e+00 -2.255399999999999849e+00 2.392215000000000202e+00 -1.380327999999999999e+00 2.415881999999999863e+00 -2.210653999999999897e+00 8.974199999999999955e-01 7.100260000000000460e-01 7.441410000000000524e-01
-1.130465000000000053e+00 2.668794999999999806e+00 -1.115815999999999919e+00 2.510063000000000155e+00 -2.303017999999999788e+00 2.168216999999999839e+00 -1.725125000000000020e+00 2.421876999999999835e+00 -1.635412000000000088e+00 9.063909999999999467e-01 7.408940000000000525e-01 5.013819999999999943e-01
-1.339652000000000065e+00 2.254685999999999968e+00 -1.092780000000000085e+00 2.253759000000000068e+00 -2.480827000000000115e+00 2.887426000000000048e+00 -2.953281000000000045e+00 2.069770999999999805e+00 -1.630001999999999951e+00 9.627240000000000242e-01 7.363790000000000058e-01 4.453929999999999834e-01
-1.021457000000000059e+00 1.825064999999999937e+00 -1.007257000000000069e+00 2.293032000000000181e+00 -2.202427000000000135e+00 2.057474000000000025e+00 -1.355607000000000006e+00 2.661388000000000087e+00 -2.030882000000000076e+00 9.324289999999999523e-01 7.499120000000000230e-01 5.000949999999999562e-01
-2.451208999999999971e+00 2.551477000000000217e+00 -1.312286999999999981e+00 2.138052000000000064e+00 -1.404946999999999946e+00 2.191908000000000190e+00 -1.378729000000000093e+00 2.536308000000000007e+00 -2.031733000000000011e+00 1.132698999999999900e+00 7.381579999999999808e-01 5.385429999999999939e-01
-1.029157000000000100e+00 2.008325000000000138e+00 -1.040470999999999924e+00 2.427052000000000209e+00 -2.090672000000000086e+00 2.315904999999999880e+00 -1.299585999999999908e+00 1.272102000000000066e+00 -1.697367999999999988e+00 8.391079999999999650e-01 7.094580000000000330e-01 4.794370000000000021e-01
-1.784324999999999939e+00 2.189982000000000095e+00 -1.407618000000000036e+00 1.487600000000000033e+00 -5.486860000000000070e-01 2.347042000000000073e+00 -1.639459999999999917e+00 2.535769999999999857e+00 -2.143010999999999999e+00 9.969010000000000371e-01 7.496669999999999723e-01 5.008559999999999679e-01
2.755676999999999932e+00 2.077029000000000014e+00 -1.301790999999999920e+00 2.207447000000000159e+00 -2.073093000000000075e+00 2.308848999999999929e+00 -1.453848000000000029e+00 2.567877999999999883e+00 -2.441904000000000075e+00 9.364519999999999511e-01 7.752590000000000314e-01 4.775590000000000113e-01
-1.973699000000000092e+00 2.051003999999999827e+00 -8.406040000000000179e-01 2.186579000000000050e+00 -2.341671999999999976e+00 2.189147000000000176e+00 -1.507182000000000022e+00 2.215605000000000047e+00 -2.138335999999999792e+00 9.525639999999999663e-01 7.692849999999999966e-01 4.507369999999999988e-01
-2.695230000000000015e+00 1.638298999999999950e+00 -2.570330000000000115e-01 2.177529999999999966e+00 -2.662082999999999977e+00 1.808592999999999895e+00 -1.708072999999999952e+00 2.860961000000000087e+00 -1.936239000000000043e+00 9.991060000000000496e-01 7.795750000000000179e-01 4.900749999999999829e-01
-5.537950000000000372e-01 2.046133000000000202e+00 -4.027149999999999896e-01 2.023810999999999805e+00 -2.768806999999999796e+00 1.203966000000000092e+00 -1.027856000000000103e+00 2.319392999999999816e+00 -1.431999999999999940e+00 8.877140000000000031e-01 7.858039999999999470e-01 5.166340000000000376e-01
-6.394919999999999494e-01 2.080076000000000036e+00 -1.652614999999999945e+00 2.621119000000000199e+00 -2.410368000000000066e+00 2.094335000000000058e+00 -1.066111999999999949e+00 2.823984999999999967e+00 -1.843431999999999960e+00 8.704549999999999788e-01 7.583849999999999758e-01 4.953179999999999805e-01
-2.361842000000000219e+00 2.181526999999999994e+00 -1.057031999999999972e+00 2.518764000000000003e+00 -2.423910999999999927e+00 2.617518000000000011e+00 -2.183063999999999893e+00 9.302869999999999751e-01 -5.825209999999999555e-01 8.246160000000000156e-01 7.448590000000000488e-01 4.781839999999999979e-01
2.847366000000000064e+00 1.745192999999999994e+00 -5.994660000000000544e-01 2.384530999999999956e+00 -2.710067000000000004e+00 1.329304000000000041e+00 -1.123483999999999927e+00 1.985865999999999909e+00 -1.455931000000000086e+00 1.023417999999999939e+00 7.514429999999999721e-01 5.034410000000000274e-01
2.976147999999999794e+00 1.048756000000000022e+00 -4.779019999999999935e-01 2.166094000000000186e+00 -2.544102000000000086e+00 2.290512999999999799e+00 -1.634880000000000111e+00 2.323954000000000075e+00 -1.424992999999999954e+00 9.839970000000000105e-01 8.783309999999999729e-01 4.562579999999999969e-01
-2.408894999999999786e+00 2.199447999999999848e+00 -1.206998000000000015e+00 2.362518000000000118e+00 -1.950747999999999927e+00 2.383157000000000192e+00 -1.983368999999999938e+00 1.804980000000000029e+00 -1.365726999999999913e+00 1.070545000000000080e+00 8.340859999999999941e-01 4.740570000000000062e-01
-2.322575000000000056e+00 1.932201000000000057e+00 -9.406750000000000389e-01 2.754900999999999822e+00 -2.372939000000000132e+00 1.970264999999999933e+00 -1.192947999999999897e+00 1.102597999999999967e+00 -9.230080000000000506e-01 1.042532000000000014e+00 7.684159999999999879e-01 4.667339999999999822e-01
-9.575299999999999923e-01 1.958479000000000081e+00 -7.197879999999999834e-01 2.316390000000000171e+00 -2.447655999999999832e+00 1.080785000000000107e+00 -1.281539999999999901e-01 2.208486000000000171e+00 -2.068804999999999783e+00 8.130309999999999482e-01 7.277749999999999497e-01 5.605959999999999832e-01
-2.380755999999999872e+00 2.202681999999999807e+00 -4.495990000000000264e-01 2.187349000000000210e+00 -2.665667000000000009e+00 1.304341999999999890e+00 -1.241943000000000019e+00 2.218093999999999788e+00 -1.451681999999999917e+00 1.038945999999999925e+00 7.447759999999999936e-01 5.149399999999999533e-01
-1.131264000000000047e+00 2.168762000000000079e+00 -1.174676999999999971e+00 2.263033000000000072e+00 -2.418162000000000145e+00 2.094025999999999943e+00 -1.488731000000000027e+00 1.989930000000000032e-01 1.028248999999999969e+00 1.055738000000000065e+00 8.145059999999999523e-01 4.494489999999999874e-01
-1.227934000000000081e+00 2.727663000000000171e+00 -1.425294000000000061e+00 1.789174999999999960e+00 -2.344316000000000066e+00 2.199994999999999923e+00 -2.871070000000000011e+00 8.713799999999999324e-02 1.341471000000000080e+00 1.022299999999999986e+00 6.858159999999999812e-01 4.404540000000000122e-01
-1.624832999999999972e+00 2.357432999999999890e+00 -1.366487999999999925e+00 2.548782000000000103e+00 -2.393282999999999827e+00 2.535819000000000045e+00 -2.622764999999999791e+00 2.491293000000000202e+00 -1.714588999999999919e+00 9.978590000000000515e-01 7.186519999999999575e-01 4.399170000000000025e-01
-1.398795999999999928e+00 2.765441000000000038e+00 -1.647831999999999963e+00 2.217216000000000076e+00 -2.094018000000000157e+00 2.464116000000000195e+00 -1.928803999999999963e+00 2.818150999999999851e+00 -2.371621999999999897e+00 7.870679999999999898e-01 7.236099999999999755e-01 4.866500000000000270e-01
-1.852964999999999973e+00 2.837616000000000138e+00 -1.556119999999999948e+00 2.579874999999999918e+00 -2.111794999999999867e+00 2.107329000000000008e+00 -1.033139999999999947e+00 5.032929999999999904e-01 -1.544775999999999927e+00 9.360500000000000487e-01 7.635410000000000252e-01 4.908460000000000045e-01
