0.0    0.48104493891932176    1.4441287405208816    2.4604271049859867    9.429512358483283    3.1153657076213133    9.429512358483283    9.429512358483283    9.429512358483283    2.4604271049859867    1.0877227030696177    0.2538641643950773    0.05362352411656182    0.3268480792026057    1.0400044889531175    2.368529364722425    9.429512358483283    9.429512358483283    9.429512358483283    3.1153657076213133    3.5285772783159346    2.702146645784072    1.6858503244481093    0.5741416739080236    0.10104960571163221    
0.18032440097807323    0.7369329706858091    1.8960511586736228    3.5422343364807456    5.474319445784844    7.198803985565885    7.579648381243917    7.015220368235752    5.276148201509704    3.256704480912556    1.5835988515933241    0.518512537248713    0.16211326360314232    0.5193400593171127    1.569491053776815    3.226034502849195    5.147627183303884    6.7027114595122965    8.084641855736336    7.536798941272662    6.155619443631888    4.101558982883187    2.2364756587254115    0.9148768028294361    0.23690601146779547    
0.18517094459808958    0.7459297453463039    1.9083687892729944    3.56760798254077    5.5154140386711665    7.331642893237354    7.551914894954396    7.1656318161442085    5.309810872345431    3.2754882458535537    1.5923825185339164    0.5250635188706856    0.16844917365609888    0.5249921778795903    1.570022975991764    3.2251203841935316    5.14336493204533    6.849852349965468    8.055748195330503    7.693751237201126    6.157596817533805    4.120998190194034    2.2370160423285532    0.9134024084677325    0.23750593925259245    
0.18807722624970918    0.7516691546931986    1.9121278111561222    3.5764970544216683    5.5454793930330055    7.309204228742174    7.665489641822017    7.2586947738610474    5.328160706422018    3.286606363626495    1.5979669790187787    0.5292314201266368    0.17185490736075154    0.5256899884302242    1.5672142836790992    3.2228855636195934    5.1761313316251725    6.8810806478613475    7.804509441684606    7.657094456307101    6.2048632390443474    4.135643556008371    2.2336737074766213    0.9106159831424357    0.23701491136314484    
0.19082952593163116    0.7568998528533599    1.9175191258575919    3.5855981148011846    5.555336834185211    7.282767814392525    7.717406427134371    7.223636526825766    5.34704698201108    3.289100808196042    1.5995969195899518    0.531338735885216    0.173794119880723    0.5255526545490561    1.5648369808735914    3.2201927736585856    5.201484312718822    6.980259199787315    7.957917889907372    7.757871330986063    6.243256456536304    4.142586838972705    2.2287020650153107    0.9069391012326632    0.23618231112235152    
0.1929800326269319    0.7610325092207715    1.9223670552841319    3.592466230654911    5.565563098877123    7.287561387628122    7.807700922830596    7.1972706833370195    5.352140278163149    3.2895093544232945    1.599477253499341    0.5322385857727451    0.17459403001499388    0.5254769151398987    1.5625845807504408    3.219757734911303    5.206893656125516    7.004542219148104    7.997630723478539    7.754503984284191    6.239831240620025    4.144510119699077    2.2243607488226607    0.9030903289406457    0.2351742468237003    
0.1950367104643616    0.7652496282580705    1.9264999617373897    3.594220881326928    5.561814468103713    7.277761043657706    7.874724679789787    7.235366152403263    5.366963498422125    3.2940875080756533    1.6005381134366994    0.5332839577612316    0.17587866408974984    0.5257945035879492    1.561019337327658    3.2195269466489282    5.204993757781993    6.994572345783895    7.926764165698289    7.819552182530525    6.261772721101101    4.143137490053393    2.2204313104940736    0.8991568557348911    0.23396694824314    
0.19691146373523669    0.7692341224494279    1.9319445354692202    3.6006513262248845    5.5826443470235    7.286305088418907    7.8493985863386175    7.271236948972572    5.373790324418873    3.2972900708244057    1.6019469366040264    0.5344325722982745    0.17718675521675975    0.5265589713208766    1.5603173020839805    3.217514723641121    5.212186282058645    7.011118444602695    7.9041631169255115    7.8068081016260935    6.261527678129506    4.140697097503973    2.2170238555097277    0.8959716721852452    0.233162295014912    
0.19881901569412255    0.7724317657606202    1.9350749659361715    3.606576780189746    5.600760262506543    7.334302511643027    7.825850030085815    7.252300797929624    5.38236851986197    3.3017251327208466    1.6032997538674298    0.5356399303614428    0.17841405029415783    0.5270181362611094    1.5591738760030285    3.2163577707559754    5.218398169479441    7.022612071608721    7.920937054639782    7.809594041538282    6.264076797023528    4.140495888650043    2.214200614827566    0.8937139265032727    0.2328713521167242    
0.20054959123603466    0.7755168476900597    1.9385126984682193    3.60969178968516    5.604005929473219    7.352501512469098    7.854972460523942    7.282383179715054    5.391302726374917    3.3061973542616645    1.6045610066890599    0.5366665451564279    0.1795181862578556    0.5273070057195037    1.5584521280067085    3.216416277728393    5.2173571099397895    7.045354214979587    7.961207050379141    7.825009595133238    6.270263855113436    4.1379488807664    2.2105365291853625    0.8910197524672431    0.23224110535313686    
0.20217883155640815    0.7787894234500555    1.942818290043842    3.615196304691676    5.607011340402311    7.37122421251935    7.849113685010819    7.2860927159691835    5.402969650340274    3.3100113167716216    1.6058964933996744    0.5378162498904843    0.1807897067424622    0.5281175115437294    1.558013385752414    3.2162621101115905    5.224186892574238    7.043947248246132    8.002977678094481    7.791582561858978    6.266343111279209    4.136094229111864    2.206407623989293    0.8880914234246916    0.23151408349724883    
0.20341070528954952    0.7811437094398547    1.9458282221759369    3.618673081002214    5.610123282279543    7.342271962213955    7.8587728614651295    7.287774643623493    5.407530683222139    3.3118366776621735    1.6063073137371624    0.5384295198238758    0.18178515954826074    0.528769921639921    1.5577686974364815    3.2159797225087092    5.225680520030107    7.068632137578736    8.039235849304388    7.812241089420123    6.273229687884101    4.1353141632097605    2.2035765091873887    0.8856647550494653    0.2306896826660128    
0.20446852527944318    0.7836419880111808    1.948749017331798    3.6215999955896314    5.611494923510589    7.34380945704498    7.88269976590807    7.282468840964874    5.410882452338652    3.3128241025994454    1.6064508208320865    0.538591198012096    0.1825782885142515    0.5294252623510396    1.5579234912534514    3.215930919581297    5.23141792813574    7.084887080613907    8.087860022351643    7.826259174448272    6.266614286349214    4.132706676493974    2.200147322974561    0.8830307065963784    0.22975818448945282    
0.2055172863167563    0.7857098306911503    1.9507815087266085    3.624012652107905    5.609541167573285    7.327750017569293    7.883010762308936    7.28821906254475    5.414581233706792    3.313894483720621    1.6068093783355384    0.5389177112104662    0.1831432011790773    0.530051060061448    1.558166973020188    3.216927959010822    5.234398515911293    7.1032645523322655    8.098162936306142    7.792128353854454    6.271018612833331    4.129577874829745    2.197016387159997    0.8807872654871334    0.2290107177236143    
0.2064454718202739    0.7878210766709706    1.953282942220485    3.627509533017228    5.611555924914264    7.335305075335524    7.905252327459502    7.281554275807546    5.417843996590295    3.3147535475463874    1.6070588304097606    0.539336834950047    0.1838493225298405    0.530551888513856    1.5582601273581635    3.2168309469823493    5.2398187999541745    7.115970020461315    8.126287684099463    7.8105799520996175    6.261493486114501    4.1261467876483024    2.1943503070676194    0.8786464605459506    0.22837742528292962    
0.20733607177542146    0.789677990538485    1.9558001911515714    3.6306643579915194    5.617919387163479    7.347849100676612    7.938325768155906    7.274470788440068    5.419095497611151    3.316201385084252    1.6070690812474269    0.5396338811188748    0.1845582638270824    0.5312904941957229    1.5587128405333834    3.2183460711532335    5.238154981335937    7.118751168036836    8.161983276995418    7.82491593257962    6.259885502684073    4.125624611962685    2.1919480090339065    0.8768095947636773    0.22781832446134906    
0.20806650634200916    0.7914179516067187    1.9578033784284674    3.632967182753299    5.621630404426881    7.352682527644513    7.957498382753427    7.293375933630775    5.422029802531001    3.316494799626685    1.6068134806096876    0.5396363607483626    0.18506722798882316    0.5317575301953318    1.5587802301130897    3.2178820678797364    5.23852424447571    7.112115356829298    8.168841284692109    7.815715358066162    6.255539524277243    4.123905158876043    2.189887194421413    0.8749948123065248    0.2271113228197834    
0.20886880166753868    0.7933416933113048    1.9604085915244958    3.6357752613671273    5.623011228740837    7.349602008981887    7.985097522079314    7.316726908731791    5.428232000143222    3.3172379720631358    1.6065690417859564    0.5397222507820453    0.18568603980066462    0.5326163270913056    1.5596502245223005    3.2193001680811433    5.2371589663780105    7.0967875430287926    8.201076170564287    7.819223927464284    6.253613741382571    4.1224174087813665    2.1872027208062392    0.8732722001447429    0.2265812903449818    
0.2096866621910972    0.7948641754942048    1.9619007127534884    3.6365367443050034    5.621831670453407    7.362091449182025    8.01496166487037    7.329056834138787    5.434082920820348    3.3185628450073197    1.6063883692514493    0.5398047373767867    0.1862807198600721    0.5335742750886341    1.560705432998552    3.2211693289508863    5.240828667997564    7.1036448825583705    8.217140158814699    7.838326843852329    6.255645112163453    4.120662805535204    2.1855077741144853    0.8720149081574341    0.22629101103599747    
0.21045954815184925    0.796338700742493    1.9637594464609183    3.6388619301322422    5.624272490735473    7.373777824345348    8.010851034507315    7.3299962185025835    5.437592039523799    3.3182598636604483    1.6059862286963795    0.5397853949363897    0.1868066935703792    0.5343763131871536    1.5615626189967369    3.222337326606757    5.242295911557187    7.096047147678415    8.239892661574581    7.851752449024817    6.259401525755959    4.1199409420343285    2.184295554404748    0.8711033119579044    0.2261347892588301    
0.2112073424688994    0.7976144625703119    1.9654448574398276    3.6409820713868353    5.630489062420153    7.375695628208804    8.027444203479984    7.3545660657355185    5.441087008248055    3.3192973124602347    1.6057906533635569    0.5396719856850061    0.18716331400042407    0.5349818309507883    1.5622878424420874    3.222946392907682    5.2427212230125875    7.09453238513147    8.24768128911492    7.849719578822185    6.262505197806464    4.1180304701679455    2.1827547342970983    0.8703402651422144    0.22610861533288254    
