3.5285772783159346    2.873648663933524    2.873648663933524    1.7135836274158078    0.7209739239791595    0.11643522871316689    0.2866423011345153    0.7713836240782403    0.9790299853970912    1.2863298652642223    1.8395572996314367    2.155895350373413    2.4604271049859867    2.5691189070317813    2.368529364722425    1.259227051892119    1.077868604272777    0.617676315047171    0.14845150123026304    0.10104960571163221    0.5575806175530189    1.2084594358202043    1.8395572996314367    2.2187067318061806    9.429512358483283    
6.67772996756572    6.281471444586515    4.54812143946546    2.418419045628721    0.824746869552615    0.1305483998105221    0.3757822896870995    1.3813398206214467    2.0992738263097737    2.41062540162436    3.0377564949590075    4.015806239781572    4.804959521653718    4.556241049139515    3.4093043228057476    2.3771712785117534    1.8372078491576749    1.0364497115538756    0.234697145674639    0.14106699405404266    0.8493159083740552    2.166243856523894    3.3420392891447515    4.671204793675406    5.924755464129969    
6.774857444302583    6.298024190297366    4.570457992436563    2.415530718334805    0.8174723423474455    0.1206440678285301    0.3651430807930405    1.3802744598605559    2.139169666011592    2.4583127837238177    3.074132019270584    4.075973138798866    4.923488112468982    4.678264003302862    3.4802035000114206    2.437760289770139    1.8949565862459057    1.0569809901176832    0.2471440460019275    0.1523178332195015    0.8672798267577394    2.230358673857709    3.48979740369498    4.8276835557129205    6.116128583640239    
6.835257799371305    6.274426368827753    4.578738360903228    2.409997658851276    0.8131332580226885    0.11546225624177553    0.35879213522352105    1.3779426944991437    2.1552294931290406    2.450330439805845    3.0498758480874746    4.075134949956578    4.9634467558962    4.728343788703762    3.5093316796012624    2.4715608458149174    1.928414993068475    1.0695984953618745    0.25503076612009035    0.15804621605915892    0.876126536424631    2.2618654740535233    3.557605316659469    4.899095948955588    6.1918741770492325    
6.821086729124321    6.251859616114748    4.593132641332144    2.4093301442919883    0.8100432937033647    0.11194842868273941    0.35342031726399525    1.3751003564748712    2.1661154364188815    2.449143998967038    3.046376151639088    4.08171330912376    4.980687700047791    4.74554056299152    3.5278804893092204    2.4882182123846124    1.9494004034861847    1.0807217717923985    0.26148611573881786    0.16145554138865087    0.8796665000265099    2.2812326480064145    3.608134058938461    4.9481749064045815    6.241124926358221    
6.853491789190365    6.279865930590249    4.595250390814082    2.407596341923586    0.807517310666912    0.10779367771715292    0.34746926235322045    1.369650698875111    2.1712070373602987    2.4446612047789866    3.0352863678254702    4.081211824577944    4.981920946526083    4.759551970939683    3.540303959563273    2.5021794323816553    1.9657800725013617    1.090635648147911    0.26724754164557196    0.1649598853409585    0.8830316277070902    2.2973689537770627    3.6534206939001206    4.993134825038721    6.287503647663334    
6.864197610642572    6.298588821678894    4.600829576761881    2.4054048185085724    0.8039768057059229    0.10308936744027973    0.3409614250066469    1.3644237611137875    2.166762058589436    2.4223086797659024    3.0065417346639185    4.0477638765556465    4.95678982467845    4.776110843541018    3.5597108236683894    2.525159954409142    1.985310582241978    1.101500524739883    0.2743652148681106    0.16971245506965763    0.8874206973920448    2.31187012124431    3.6931617444275164    5.038649303481543    6.3177397838172995    
6.8486583926008455    6.281343205044735    4.597631389755267    2.403048189783286    0.8001664203127938    0.09870235989708884    0.33541228261443545    1.3597982399358246    2.171892945445296    2.429048748607363    3.0108081274408334    4.052610195957505    4.9689473471152645    4.799848456846171    3.5833855647615147    2.5470975489027023    2.00505243339035    1.1102459482165836    0.2804165548315317    0.17429216805550282    0.892735181274681    2.32623313145633    3.7228959496642773    5.064392469093087    6.3280157420867065    
6.855326199994251    6.26738623862301    4.600236763419444    2.4013421050667385    0.797757185906437    0.09558626178795485    0.330732371081912    1.3547033939082413    2.173185054737474    2.4292041853398856    3.0118860043649307    4.057975123645917    4.997758311519255    4.825015097960895    3.6070544788466736    2.570162566616598    2.0256540249423756    1.1175687218296337    0.28537750286948377    0.17839941545115956    0.8973778088708496    2.3380550331864    3.749527992722677    5.095867396402892    6.352765205177345    
6.885454611844392    6.267310400088606    4.602681433503465    2.3990209630064556    0.795372867740908    0.09237906625640027    0.3259786624470524    1.3501448854842575    2.1744755379727594    2.4277308357827527    3.0088850771365108    4.056785600900027    5.004937946857083    4.850273807847773    3.6312367806077748    2.5945077211895997    2.044434116376538    1.1246402010251864    0.29001075749695737    0.1823244048270006    0.9019044142094035    2.349637818822756    3.7826073448661406    5.130484619453846    6.380095050466561    
6.9073345282297955    6.279875042065837    4.608579587810737    2.3979471390349465    0.7932349694420301    0.08910471213846188    0.3210255358472038    1.3456318929402469    2.178054428208759    2.43000972978315    3.0087399912781447    4.055971025214804    5.012120123787611    4.87668591981093    3.6551359358496347    2.6187679106415773    2.0636244702897444    1.1320187898120724    0.2950708069094754    0.1864747017469649    0.9061706876121923    2.3594365711341276    3.804527583002171    5.150501858454919    6.399449810472362    
6.9291883265143355    6.284826693066144    4.6104651283078875    2.3962602291584503    0.7911363169931429    0.0859804517905274    0.31634727822096104    1.3413964924822401    2.1779673353503113    2.4232233067630844    2.9982293693712183    4.043990489239231    5.009352644936287    4.898307535887749    3.676169422717665    2.6393730964773057    2.0806456752946856    1.138858385247672    0.2998064531492829    0.19012406056996425    0.9099605838550113    2.3673036255559654    3.8242559486391188    5.172943271688442    6.423955373111868    
6.896654410081301    6.284696187230406    4.609501269613673    2.3944047151917744    0.7893276326979893    0.08285539466962587    0.31164162374465193    1.3365651394309321    2.1785176348042365    2.421062520849504    2.9947660633513262    4.038358448931765    5.005367579600181    4.909321481283408    3.6923878321806707    2.657606772162283    2.0953907880548743    1.1451500764133813    0.30434340716088554    0.19364137570985057    0.9132379621353761    2.372872878244555    3.8353275513466487    5.184406139848568    6.429264996064755    
6.898621236929114    6.2785052787095905    4.609988388610565    2.3930496220349933    0.7873367022424989    0.0800171155095719    0.3076038569026893    1.3323791490732753    2.174581408705443    2.4088466926012364    2.978588994674682    4.021416833644158    4.996800491649888    4.9237177849504095    3.710797586760757    2.677365721686362    2.1110393969851446    1.151537792683064    0.30880015509915143    0.1968557432497382    0.9163943270137889    2.379250734940833    3.848159424839463    5.2016703982006405    6.442034104426182    
6.897089639529426    6.288186437277722    4.612193102540644    2.391649838085553    0.7855173456977005    0.07750515230554259    0.30395852605916646    1.3283516827613104    2.172849379339626    2.4022960335673162    2.9684781034930534    4.011910770367373    4.99173411349758    4.940676956461543    3.729798234918679    2.695989155907905    2.1254313736861277    1.1573669218188063    0.3128538987530093    0.1999326360096432    0.9193451832913675    2.383110557579416    3.8518498503098164    5.210960064157361    6.458051172303014    
6.90868198915139    6.294867448485828    4.612328287515432    2.3902802686885867    0.7836963158438524    0.07496976467273454    0.30050835639611256    1.3245847541591944    2.1723427802161916    2.398762493273743    2.9637684405889004    4.007872063569273    4.989090643799692    4.952507951780785    3.7468634177601468    2.712415072249866    2.1379241294052806    1.1629351860274963    0.3168149362112574    0.2030445892619471    0.9223777956190274    2.3892983158899455    3.8654084013734717    5.227637952544798    6.485044370118372    
6.917963381935287    6.277655867205202    4.609981372112061    2.3890278094507447    0.7820625550594626    0.0725270527088791    0.29692326315359524    1.320639334431742    2.170989167771582    2.3941465969918405    2.9566996962235583    3.9992903000654785    4.980442482349681    4.965545792317543    3.7615454734006293    2.7266275552979238    2.1485690188047206    1.1678404652906271    0.3203971610999905    0.205831899803999    0.9254167237568692    2.3967291925016334    3.887710758220341    5.25480026635137    6.508561405787294    
6.942870793959693    6.285709312579978    4.610865202604207    2.3885929063645683    0.7808643155174767    0.07029639031774176    0.29354502743868316    1.316712971229957    2.1704122989813994    2.3913515506287095    2.95247829803418    3.9948769625916905    4.979041908075836    4.97951340684415    3.775725759193077    2.740614200582626    2.1594531174214473    1.1732865404148365    0.32429620764130407    0.20859179372915945    0.9281286063814493    2.4020779169583166    3.903799076281747    5.2736963939825    6.524680256411021    
6.923417013077764    6.282617945786979    4.61312787257744    2.388098026503034    0.780092713406176    0.06852436602498707    0.2907233358066772    1.313571209159844    2.1692925581938387    2.3853215810154533    2.9440050567684577    3.986728519266427    4.972194403677979    4.991070958264201    3.789466759384045    2.7549005006771505    2.170729906025394    1.1784177261805089    0.3278112437484143    0.21112820119948825    0.9302696463606742    2.405204074282038    3.912841534128227    5.286604591628543    6.5291805216001295    
6.934869917385201    6.295684084188952    4.6164832886722005    2.3877269301685087    0.7789951197709866    0.06683719115051431    0.28824703147899033    1.3107107180585722    2.1667190721084952    2.38094237323121    2.938460177369088    3.9813010298104636    4.97156413069784    5.001492405115248    3.803745849543111    2.7697193264031537    2.18266999312536    1.183251141786899    0.3310799721988042    0.2134811283615874    0.9325119416350399    2.4095673685867816    3.9255217767273347    5.302886959460025    6.540659060884973    
6.944966822195155    6.286280859242272    4.6153521607702785    2.386733342837427    0.7777171185144287    0.06515617497698868    0.28588970439598826    1.3080269610684072    2.164988628736342    2.376884686286927    2.933831101746412    3.9770356270552063    4.971258602703271    5.013402469395973    3.8184806256821457    2.78464188671533    2.1939562342043457    1.1879163033555864    0.33417212773112187    0.21572806847033496    0.9347970449167661    2.4130944344156533    3.934399875895877    5.3112634903499805    6.546610773186231    
