0.2687689350746323    0.4294716123507277    1.0681747417130312    2.0990755156120944    2.368529364722425    2.4604271049859867    9.429512358483283    3.1153657076213133    2.2187067318061806    1.6593500253783493    0.9790299853970912    0.33804389666200907    0.17794952193710814    0.2971015127007638    0.7373080861690375    1.5211594680790177    2.5691189070317813    2.873648663933524    2.873648663933524    3.5285772783159346    2.155895350373413    1.8054818433294357    0.98736801614037    0.4261869774077479    0.244130727336379    
0.31757746259840175    0.7214861498367968    1.602577447610714    2.9552582533086387    4.479466503833584    5.555428174278463    5.724165965409009    5.023367795183304    3.9210480947627904    2.4819441608403654    1.2595724007234448    0.5220869697495454    0.28699421593861757    0.5114545412595695    1.255195099263245    2.4541438604359915    3.8727250559843984    5.027142254399467    5.574087165692446    5.361542545427172    4.229558828713622    2.6980540300502023    1.4285241868260046    0.6529439829845982    0.30267743263236396    
0.3038843104126784    0.709172734489489    1.595658291210297    2.961718497529557    4.515942225037313    5.6403788818831995    5.734481925471856    5.067464553761507    3.9590779535038956    2.503904149881443    1.2761483427108722    0.5379453850886324    0.3078509547765548    0.5402692586830413    1.292909711890903    2.5003647904751047    3.919804550107463    5.080923666501172    5.670374986747092    5.447055023383673    4.275953014458855    2.70165533572273    1.4198562017795244    0.6456106180221046    0.2930262445018712    
0.29277544183456466    0.6999022927064864    1.5908046814822951    2.9627394633446045    4.522990874284347    5.656889183131333    5.786134707759996    5.102036686387233    3.9778788246425796    2.521903788220916    1.2895132492684098    0.549357134657124    0.32278207830341654    0.5606563834495333    1.3227367122399405    2.5400543737373718    3.964788689761255    5.127386510142077    5.716728108849687    5.457589027023741    4.277504646447643    2.7000693560984272    1.4090505096060175    0.6367625529887364    0.2838889279021108    
0.2819499129168834    0.6894798429963721    1.5828424991785162    2.9604801290617364    4.530082127288401    5.647592003416773    5.770591705960619    5.116818729187808    3.994015202590216    2.5388517389276113    1.3026602515062393    0.5605906315725813    0.33567884726158254    0.5776139933256291    1.345948934705965    2.569784423799306    3.996770174533009    5.178269081358438    5.75515584123001    5.498500325070315    4.289677666669916    2.700012816870808    1.402508212764376    0.6300924853293541    0.27556402191744256    
0.27366077422269197    0.6815194967982745    1.5761190384191803    2.9562006691470675    4.533645959537413    5.649626517818168    5.779859857151107    5.1299035250474905    4.012226428363526    2.551759759415367    1.3122251094697828    0.5689519127735151    0.3456227042964168    0.5907765912648525    1.364833607872406    2.595564945904858    4.029218250776271    5.21463554279534    5.766950063359812    5.505743603911223    4.2910239761504405    2.6974303629768497    1.39600426737191    0.6237717207426107    0.26885435557876347    
0.26712788350314454    0.675192644658957    1.5711362691611235    2.9540978066381123    4.536796844408035    5.640350427018386    5.765840187574482    5.137998797959013    4.023638122385919    2.5586563086793848    1.319133587832876    0.5764407966004094    0.35457847356827643    0.6024767539576757    1.3806052651848348    2.617658330527632    4.057946766501171    5.243749611995559    5.791066128447036    5.5193074456055475    4.297845732713779    2.6942719532994155    1.3889349000055797    0.6184058542832787    0.2638317250238281    
0.2617062500255596    0.6692017915050673    1.5655464798579768    2.9507871806561563    4.535101989191831    5.657604309432674    5.793437952190346    5.159888286494884    4.03258547651227    2.5654908532947616    1.3252085640158466    0.5828765332989971    0.3626341197412275    0.6134764482722553    1.3953612194896032    2.63692771545918    4.082986289255079    5.27790760454744    5.824209597789862    5.53848133335726    4.301477210537732    2.691751219382309    1.3831069433840328    0.614394874799699    0.2603016709005578    
0.2573748439852002    0.6645076135663748    1.5619088266817491    2.9492928335509836    4.541769276867093    5.682473316175902    5.821202620415729    5.180282277108339    4.043649677976225    2.5729940877480693    1.3310235056400446    0.5884423318708887    0.36943349222202765    0.6230363049658411    1.4085481410689986    2.653110317649031    4.105124409706128    5.305123231032811    5.849008252031215    5.554632341266508    4.310594239494863    2.691243941535061    1.3780359133281064    0.6113925635795406    0.2572690803688138    
0.25377098855971014    0.6607825171320798    1.5592996180786338    2.94850872016003    4.545679123745426    5.693163913223592    5.828082230162269    5.192566508730939    4.052502456528509    2.5786945255839133    1.335768112482217    0.5929181142062327    0.37533764948020865    0.6315118145591151    1.4204883235692884    2.668432203184681    4.124188059990408    5.337300546720399    5.872194654776891    5.573712547224681    4.315654223441208    2.688464204444973    1.3723087773143472    0.6081069338322186    0.25474618837694185    
0.25072354242989764    0.6578075394052479    1.5576376369264469    2.9490426308836186    4.545843437534989    5.684892461269419    5.823467209029084    5.196496723986956    4.061315818649045    2.585171768000345    1.3405782436261837    0.5971453180966912    0.38102964165411546    0.6399737564306324    1.432394754174538    2.6831477792100924    4.142675399644108    5.357093629947102    5.8926606417224    5.590617084070485    4.321322766273054    2.6851529337422715    1.366625926961249    0.6046089982046908    0.25228037245611484    
0.24780509026140835    0.6552816547503622    1.5561617938935521    2.9497892541419373    4.5498032942718325    5.704562228849227    5.840009646053362    5.20683922165418    4.069309061162107    2.5905042864402312    1.3447055676186046    0.6010671448553335    0.385807876400741    0.6470832451432118    1.4416176549412623    2.694884974502605    4.15789764291222    5.378554445451659    5.918499801007058    5.606238649125766    4.327180090370935    2.683561659946748    1.3620855628133437    0.6014766100871979    0.2497604342845407    
0.24515573031006754    0.652971065794542    1.5548079614676868    2.9504887756068223    4.551202892372776    5.709380086267153    5.8503987941525075    5.217482126775791    4.075090814257242    2.595219018685463    1.3484987352970985    0.6045731556294817    0.3899515258907999    0.6530084547431171    1.4498849407703516    2.705641652767275    4.17141343173459    5.3951356678455085    5.942866332365156    5.620972681229983    4.331014835675529    2.681431497671534    1.3576573160574639    0.5986146034732167    0.24755553913787726    
0.24273200352185248    0.6508964992609705    1.5539285896841737    2.9518725328511    4.553624259249371    5.715083442209873    5.85170620121925    5.223773283213939    4.081431664431735    2.600921910043763    1.3524543447137543    0.6081365611148557    0.39372390081775704    0.6586483961830312    1.4577261424763412    2.716067471628061    4.1838501971805435    5.41199272613224    5.961205491507506    5.631718440606435    4.33642642135666    2.6792291089088454    1.3531008314242485    0.5956738286593739    0.24550291533140542    
0.24079801993529232    0.6492551846902966    1.5531390521363493    2.9526527729419882    4.55526139445187    5.723293666008883    5.8558227051503655    5.225922136399062    4.085682442359648    2.60521127853306    1.3559764199304467    0.6113289541644912    0.39712773650683636    0.663103762086284    1.4638659380836605    2.7247723925939122    4.195402769914149    5.428095677577767    5.978116370704763    5.646216024517405    4.3419706489131205    2.67826392901051    1.3495686380884369    0.593403912112606    0.24388729236104806    
0.23913820712844336    0.6478021147136385    1.5527099055724505    2.953655174129721    4.554933382934465    5.719378877922603    5.856663748169716    5.231754920866848    4.088762706113322    2.6073804122227284    1.3585885472555121    0.6139665029939202    0.40003618183193274    0.6670966718274782    1.4693582380126313    2.7321795064058216    4.2062695421075915    5.440547591489784    5.997045277236159    5.6624479602915905    4.34656849584869    2.6775389902543263    1.34686302430071    0.5918584766447537    0.24273722847404502    
0.23773008492526812    0.6465391611710235    1.5523307954267371    2.9541385540726846    4.559442392567469    5.732964977609536    5.861213691224227    5.236365424200048    4.091984176300334    2.6096135659254407    1.36035216032648    0.6159585400733516    0.40236192804667525    0.6706746156482768    1.4744263524858598    2.7385376486669792    4.215440503774061    5.453389203283338    6.0112778885588884    5.672182680545898    4.350022784267422    2.6763393992284406    1.343697214986107    0.5900452339699204    0.24166462714875725    
0.23638347529906084    0.6452849779998556    1.5518240690868579    2.95511329367486    4.565446343995048    5.73805059461631    5.8592639233287    5.241038842285845    4.095998321651779    2.612558877477603    1.362681740469474    0.6180637535774361    0.4047380760525804    0.6742624384374523    1.4793700584245002    2.744885692363995    4.222075373470416    5.463895316964361    6.0243939075567114    5.6780665101550545    4.353687727883415    2.675511500778699    1.3413380491636635    0.588809534776352    0.24081756633861415    
0.23503410251976703    0.6442217591727745    1.5514822016420249    2.956448932570781    4.567708497413852    5.736796842514464    5.860471352342029    5.247545158349483    4.100676945116782    2.6166519853688723    1.3657455777622418    0.6207112635122868    0.40747820888071495    0.6780326611337865    1.4846938041288753    2.7523119605321145    4.230624719909282    5.472688936058501    6.033343747623565    5.681468560864551    4.356597188930103    2.674010601784125    1.3382846604015728    0.5871538541676289    0.23969595623765308    
0.2335539375043632    0.6428130296672955    1.550590442709692    2.9564784229437233    4.570426603683631    5.741821168910326    5.862967884395287    5.255317930845382    4.106301570752882    2.620757285861364    1.36922019218413    0.6237767115829306    0.4104317911348514    0.681600216489201    1.4891207850626047    2.758474192469649    4.2380570763019225    5.482094756607062    6.040022530485569    5.683577016051244    4.359771128891623    2.6730252818837767    1.3356467661277445    0.5856799453795778    0.2385512169042964    
0.23212761561731368    0.6414533372389855    1.5497158678355076    2.9572818032321098    4.572548136256751    5.746041496617397    5.8641489683243995    5.262383595829826    4.112192872656609    2.6251607584973184    1.3727232381941548    0.6268670837961652    0.413313893087192    0.6848515911312243    1.4929114381075492    2.7634092634724983    4.24442234609458    5.487806528322485    6.045606661069861    5.6910504381077995    4.363391100304029    2.672027993913175    1.3331958186565136    0.5841218105453133    0.23736200027131735    
