2.873648663933524    2.702146645784072    2.702146645784072    1.5637603602982957    0.7209739239791595    0.17364510041446282    0.25141586618573275    0.5658036402337753    1.1505343619660842    1.3759219752698966    1.9141743112840466    2.873648663933524    3.5285772783159346    2.368529364722425    1.9141743112840466    1.021937668615886    0.9313117648775522    0.5296616840464896    0.21126320413843816    0.13826048731405757    0.595511692509174    1.2863298652642223    2.0472030488967734    2.702146645784072    2.873648663933524    
6.012554291343198    5.498642220151886    4.395641186876477    2.6188815983700677    1.1223355639637829    0.3576120787092268    0.3676578215625333    0.8622354397009965    1.4500682893498493    2.144088830045234    3.022586881698942    3.990047460458745    4.599683822641187    3.9740735103898066    2.78676671911913    1.8263339752770755    1.235714211907931    0.758629764270858    0.21419874278575315    0.20316954841693952    0.8986543241726396    2.17041342433468    3.429462787693892    4.760746657628584    5.7686119894443975    
6.049074612917168    5.617669404191526    4.433093020292428    2.641334252237523    1.1433367653700497    0.37934943649029945    0.39264547161417096    0.896561327796578    1.490499599712531    2.2069740454593227    3.1169400896507504    4.08380818439018    4.6477288663072915    4.001258423024366    2.8084717898127427    1.8440532053232763    1.2486399280285796    0.753780311653677    0.20010673752290337    0.18758078874005069    0.8797094518847557    2.1549698872313257    3.445635643032156    4.799062429742216    5.897345300269141    
6.112254430496618    5.642515198749157    4.45980508405847    2.661505747677914    1.1621203689528632    0.3957872811439306    0.410859840893211    0.9192716319205918    1.5129583939537365    2.2353010470454246    3.151757436758341    4.119033312010424    4.671688158577793    4.034044485453845    2.831528635692523    1.8587639092219566    1.2606211869452013    0.7491496458956821    0.18835034861402355    0.17505190685119879    0.8636249715069791    2.1415103727356404    3.448808136332389    4.787266850709611    5.875237952900003    
6.1331435044497375    5.699847829970188    4.494422895525146    2.6775977944464486    1.177251896573364    0.4107608406090744    0.42633396606101454    0.9362773456632539    1.5302889711269714    2.26017970984362    3.186693566121098    4.159913501038446    4.710632282360128    4.047418695310764    2.841567554965609    1.8670398405765    1.2681085367235472    0.7431498840188883    0.177323960744056    0.16485998954968623    0.8531414405058402    2.1323001272417104    3.4414471782286946    4.779313378032522    5.873513446590321    
6.17651940570116    5.719739681305784    4.514744991358426    2.693313988158351    1.1918924324480247    0.4246490649709835    0.4389115122735457    0.9487568567688794    1.5421108723517953    2.270440709210492    3.1991806650527965    4.18041069262899    4.726947612330227    4.066585684303327    2.8529314746754966    1.874510391067528    1.2736723607929499    0.7385955085914311    0.16856310078847772    0.15574384513885192    0.8414389464425838    2.1214751825988705    3.4335816392750216    4.783962164695754    5.904575584855913    
6.221718239481978    5.73825199865086    4.531493567508529    2.708334376679062    1.2060064439289597    0.43805509174536916    0.4520637815936608    0.9616652094263014    1.5547755598762614    2.282251561722736    3.2131074755342275    4.196416747530675    4.743719246760368    4.065833651357459    2.853984027879529    1.8776683830337026    1.277061272441301    0.7338328589391245    0.1605319279395603    0.14742266229782888    0.8315261911082172    2.1114230588012033    3.4260235176499085    4.780580618823057    5.925896351792131    
6.2472257119932655    5.758856101584777    4.5485003216049495    2.7220964063000723    1.2184981722060826    0.4504203045062993    0.46488857134570427    0.9757482360090346    1.5693661577945042    2.2968456166264017    3.231480674000184    4.218220353680837    4.755997646596228    4.068293644998694    2.852488943020822    1.8763301704347657    1.2765959529209525    0.7276313685735549    0.1534563228028392    0.14082900772092877    0.82396444200351    2.1030498375760414    3.4220370863970966    4.772815033666952    5.923038850592235    
6.270410847788169    5.780294247180072    4.565983301152295    2.7371925363314995    1.2317965529351897    0.4631074502604208    0.47816643179793866    0.9910185665593613    1.5868722263919741    2.3168877213901484    3.254921228115397    4.2381656117902535    4.765378417304057    4.066068864001539    2.8494679674842773    1.8725178911984353    1.274092783927622    0.7212903487981468    0.14637218570046964    0.13407021643479647    0.8167954279882812    2.0962801819667902    3.417140321264603    4.772185130770837    5.945551600843278    
6.291079378888783    5.804619257567134    4.5832082252370165    2.75140501591913    1.2435173884468536    0.4747255056042876    0.4906093312845473    1.0051241942778764    1.6035891226569972    2.333843710604628    3.2688116872217066    4.248738704791424    4.760805863035284    4.062800552675714    2.84622087628924    1.869125995246474    1.2707648208561202    0.7157724650961675    0.14018216755328022    0.12795296652525745    0.8094818998777565    2.088370309902882    3.410041610711607    4.771689721732252    5.949572346591742    
6.304214439587525    5.821032833778752    4.597912814771427    2.764081425199315    1.2550354663948042    0.4856872937966297    0.501450885675549    1.016739758401793    1.6186356168715348    2.3505923669895306    3.2867101754847425    4.263925425236832    4.764792306291774    4.061137347331492    2.841995439036033    1.8644735004042607    1.2667202794675418    0.7111523086208177    0.13530224316562214    0.12283299695756675    0.8032740432330077    2.0825294064633133    3.4078620479611303    4.769392721667972    5.957486990083296    
6.3285817820641945    5.838907170296802    4.610184590231478    2.7753133001226944    1.2641467669659785    0.4944124760874505    0.5102420013364256    1.0262159927496017    1.6311010975905045    2.3635610267771217    3.2977305342191343    4.2749132414131665    4.772958220558504    4.060966729799738    2.8391210846385397    1.8622151270405083    1.2653490431072785    0.7077731214695995    0.13131877547240994    0.11828682587403216    0.797608264554241    2.0758936938312327    3.402350537878942    4.766296727161147    5.959901410868521    
6.3427128222233025    5.852959613921999    4.62103379045747    2.7863924209169575    1.27274043238184    0.5023794273109569    0.5181274122788146    1.03480185497539    1.6417591673232326    2.3750843712804945    3.308122380044788    4.282714664292475    4.768639439482597    4.05664808209772    2.8354211026659755    1.8601599179866866    1.2631753421882461    0.7044186176608608    0.12755648611847328    0.1143002710331926    0.7927234959950775    2.069997703525703    3.3947625165660673    4.762117276054621    5.973969442553793    
6.352757055315864    5.8657394934797225    4.6331216929688965    2.796774687098888    1.2801327158987825    0.5090517764463014    0.5247889361893778    1.0418431137917092    1.6504531587838516    2.3853446145356254    3.320318155417452    4.295484852001071    4.775527078965183    4.058651321596972    2.8365582199497075    1.8605200079291626    1.263113792056368    0.7019052445196352    0.1243760858311095    0.11090212365447455    0.7883608630255232    2.0642333869084237    3.388404685720018    4.759816152873784    5.975723780975974    
6.360033306988451    5.8728373184645415    4.6420725560470215    2.8060663663341865    1.2875920225477393    0.5158824255468062    0.5316727867662372    1.0492257668379024    1.6584819573021476    2.394245377809138    3.331356303244788    4.307606921227169    4.781131032301729    4.0589313025292135    2.837099493196584    1.8611382341954452    1.263656206531364    0.6996677303432881    0.1211841526628947    0.10734215495775526    0.7841938434378278    2.0597570501151505    3.3849166788860474    4.760243951790105    5.98253299581865    
6.356050948933818    5.878734950208019    4.65292764428629    2.815264365937833    1.2950080333624596    0.5225184348824966    0.5384119526042721    1.0562938325978506    1.6658761772161144    2.4037243446097363    3.3434801026025576    4.3199252442064235    4.786182995386078    4.05995003069847    2.8388378433882906    1.8626979540649142    1.2643787063655814    0.6974527433261991    0.1181188251492513    0.10400083492814419    0.7803247131629947    2.05594668936072    3.381239897545    4.756036293556006    5.983341157285347    
6.3656237303543595    5.886136169326422    4.665102897936695    2.8234393566791276    1.3011358826230162    0.5278585870215782    0.544383689231987    1.062744696265361    1.6720707176985095    2.411301104274994    3.3540456951061643    4.332013095925481    4.789411741519334    4.062545637388596    2.8401923604210157    1.8633797432424781    1.2645910896730579    0.6952511830766943    0.11525821700269048    0.10116537992841948    0.7770402564663537    2.0519023159480394    3.3775166111941877    4.75448323078752    5.989147707291367    
6.372355530544883    5.897760188427663    4.674120885982292    2.8315356299115293    1.3072626975466732    0.5334645410254395    0.5503146462159232    1.069357784922112    1.6791222788263225    2.417861123987216    3.3613945742407934    4.340161819340191    4.787823625976243    4.061260599939743    2.839595272435075    1.8625379371278896    1.263686060777317    0.6930531941416703    0.11283658266744964    0.09860093496681255    0.7742370898796178    2.0491714958244587    3.3761950643577268    4.754536455684184    5.9869004188683945    
6.382136550539297    5.910484949469621    4.685364978307862    2.8404890294891523    1.3141972274506397    0.5395987553026224    0.5566370210201326    1.0764800482552812    1.6873298651306305    2.4258534281860538    3.369005972318453    4.348060733276991    4.792405347709105    4.061952539369052    2.8392323777982362    1.8618953555282935    1.2630022175984712    0.69090712671178    0.11023261592442982    0.09588244498073686    0.7711443866925741    2.0452395916795183    3.3726871299909043    4.752377800668459    5.984478972525699    
6.382269153325195    5.915052385904222    4.692181995158253    2.8476625931335424    1.3198783368931228    0.5448669702881829    0.5623382637279101    1.082958380402206    1.694806483693892    2.4317660260044174    3.3740337501717144    4.353450810065104    4.7958874683663595    4.062852461759666    2.840456329599578    1.863141549073027    1.2635876838869469    0.689097390091662    0.10785358871868646    0.09346684528968374    0.7686375910793409    2.042548637087396    3.3705131024145336    4.7502424004373385    5.987561259447772    
6.386255552977814    5.924400582020009    4.7008862982298405    2.8542406467227117    1.3249232130224395    0.5494124249238201    0.5668213787078423    1.0879094937560299    1.700973398957974    2.4398390531263177    3.383802089898467    4.362735238550458    4.800962346832104    4.064399069772355    2.8416533443211742    1.8644585943549585    1.2642828834831668    0.6876534187486251    0.10578323755944027    0.09150287720641187    0.7667678634200139    2.0406039851356086    3.3691264754517722    4.749797588897282    5.986182638707392    
