2.0990755156120944    2.5691189070317813    2.155895350373413    1.6096413580321214    1.2726244522361494    1.2863298652642223    1.1395953513977113    1.0877227030696177    0.9467972981221557    0.6947071365432504    0.47746438930221846    0.2789165804488317    0.17150448845010055    0.1693715352197436    0.40685037194045903    0.98736801614037    1.2207518152588916    1.3003577876347567    1.173033610746946    0.970806965567004    1.1183016819928588    1.5420794688547221    1.8395572996314367    2.0990755156120944    2.2187067318061806    
5.17728716312847    4.703079253085848    3.9574266697009053    3.103652374528618    2.281634226741309    1.7928179940864475    1.6944165349405511    1.8462380494794728    1.694363806794439    1.2669366105045943    0.6693841925532641    0.23754085935625768    0.06438054360239272    0.1502802078336289    0.5738856746887374    1.3014480072399996    2.013464147247131    2.184997263167583    1.7938247579275226    1.621619513135574    2.113732156164358    3.092855152521411    4.177617916238235    4.914124652515818    5.3141625264825345    
5.367397965644827    4.846319075033989    4.067346029785681    3.1720076251879035    2.3337752681023027    1.8396779656939048    1.7421851306721203    1.8913243459883446    1.7331804642156827    1.2837589832521674    0.6665333283263712    0.23626201731563665    0.0667124797001817    0.15187659787244073    0.5759073330386963    1.3097401527482826    2.0169113646132764    2.1803969552649467    1.7938299074286186    1.622116313491238    2.145712952191607    3.1791059868015683    4.308292109196082    5.099718307363908    5.51495359698973    
5.446855224881259    4.9297443520265345    4.1372636073399045    3.227277722505532    2.385845599307649    1.8940965452235765    1.8013233470087384    1.9425242189775602    1.7663167547229135    1.2964054537526744    0.6620820431108967    0.23243656593675707    0.06569576290666866    0.1506456707446527    0.5762539372214317    1.315201610815816    2.0221731713516204    2.1812999547041816    1.7959447880640336    1.6216480825680588    2.15943810545487    3.2173286839885042    4.363871528932    5.15386231120106    5.575425484725429    
5.544777594249349    5.002712899990589    4.20207781785997    3.286363358466409    2.433659244635729    1.9344629897353083    1.8410138923155035    1.9805847598352182    1.793500848141813    1.3046836794404504    0.6568313981913135    0.2276332279481559    0.06398199825568    0.15031258075338144    0.577865426337136    1.3203674376327075    2.0244713466552486    2.182500928154216    1.8024174096873709    1.628516764928456    2.1796493073803864    3.2634972537159856    4.427006672405318    5.259811079777968    5.701801543935464    
5.578343582893391    5.047969490715386    4.252937135859811    3.339490001098058    2.481105025248808    1.9772711959098015    1.8802980188675509    2.0142726575325103    1.8163152951766135    1.3125816974513875    0.6534783207245851    0.224024716423467    0.06298901666223736    0.14974318014721272    0.5772978704859697    1.3209031564352625    2.0216478311527317    2.178084753025483    1.7993211598355034    1.624622760238446    2.183287234921021    3.2870977331480082    4.465955067589111    5.3149727005438265    5.729293452822577    
5.6404443838594345    5.097649353495582    4.298646809806947    3.3822756687145965    2.5213084040432316    2.012096977382233    1.9112015497668149    2.0417330689521758    1.8345298536156764    1.318065862495003    0.6504303916505678    0.22166422043858164    0.06276467747189485    0.14995116366038422    0.5772736909616983    1.3209150223886799    2.0194622628476893    2.1740134157355184    1.7961885004137788    1.6198024682556216    2.186258078504979    3.309705630170693    4.503600365715764    5.357038844333963    5.773132162264532    
5.679781179319703    5.138648536018548    4.336928449402736    3.420067309059315    2.5590734278854117    2.04627507512428    1.9419857352221375    2.0673370127697948    1.8505898330980972    1.3219104683178755    0.646686054046111    0.219241925792743    0.06321927050902366    0.15122991285738435    0.5788237428206393    1.3219457236187198    2.017265548423057    2.168415210621969    1.7902727333094424    1.6125871531265945    2.1828662515013098    3.3180325438926888    4.527363045401474    5.397711691319763    5.811002667235979    
5.6839454465762165    5.163204348611496    4.374984810117817    3.4550117343727496    2.5920352287398196    2.0761369692718588    1.9694734124903759    2.09017862230319    1.8648048960544292    1.3256122821949532    0.6436909179527563    0.21736515426031666    0.06385344041320669    0.15210775552633984    0.5800710002736643    1.322411524682558    2.014282351157488    2.1644422854484824    1.7874832828467921    1.6085756934096103    2.18403934419359    3.3336463534481897    4.5546822080626175    5.417063575156634    5.803761172816163    
5.715843277814636    5.195561469038444    4.407170449942241    3.485817403680357    2.62040231760747    2.1036512751152876    1.9970956305435774    2.1137356188140997    1.8787661303696837    1.3296188286252029    0.6415388176763882    0.21609957063804494    0.0644131010077915    0.15246769196218812    0.5803916976583202    1.3222087478716396    2.01060835933547    2.1590313473463576    1.7825455834999748    1.6034997887197147    2.1844499127224717    3.3462787791795    4.575772451196787    5.452438026953294    5.8303085280330516    
5.761957138137628    5.2313010514481215    4.437905248908722    3.516534418504789    2.650845557928933    2.1315378666627183    2.0233683742002864    2.13636747888342    1.8943509391052442    1.3354162867423753    0.6409624170712561    0.21536483180046856    0.06491363301726846    0.1526485494910278    0.5797933088221384    1.3214210739938654    2.0077484944519823    2.1538536229526133    1.7776516478763442    1.5979731807667195    2.1819822911418774    3.354618686486282    4.599299947861292    5.491413654001467    5.872625614606098    
5.782373465707255    5.252956998370664    4.462358460867334    3.544099478353631    2.677075281421225    2.1557125567319457    2.046655997309831    2.156904243439061    1.9083418014698506    1.3404176168829103    0.6403386854683244    0.21483776348900238    0.0653331801287947    0.15239830633782459    0.5781561398843984    1.3188281664634913    2.0042109393942367    2.149956934461967    1.7747079366162484    1.5952072227931275    2.1839673192338047    3.3665937367162915    4.617604272640091    5.5120038695459055    5.889145599215331    
5.818166363280901    5.282443987387609    4.487346628744247    3.5697481006567195    2.7042329588449    2.181732935435663    2.071550707687996    2.1777303484953094    1.9217857904470679    1.3447747095431033    0.6394890309927207    0.2141030335622801    0.06547604556848556    0.15195390549527377    0.5764848123556923    1.3164219581456007    2.000689105338229    2.1465042800147933    1.773022182627852    1.593642174159329    2.185644641864216    3.377217560753728    4.637031790665747    5.543482526839583    5.924661456480478    
5.844205192335823    5.3100339551841165    4.513002511649603    3.5935473209118833    2.727785066644778    2.204845032093893    2.094540340258907    2.1972971860899793    1.9346668668075415    1.3490465767676092    0.6388349401273141    0.21360848390847548    0.06575050855490608    0.15158613641233148    0.5749485307984383    1.3139205960252667    1.99743167324325    2.142614452178247    1.7706001671762048    1.5915776621509439    2.1859129511516873    3.3830571489040056    4.6470561932157635    5.561585015731875    5.945953202464174    
5.870834426223423    5.33197887502343    4.5314332902679775    3.612328174753537    2.746471820461968    2.2228824234131928    2.112215469696951    2.212994034770316    1.9453415652753328    1.352360852534096    0.6379522167801752    0.2130253224929528    0.06605365661712106    0.1516008647806002    0.5743428403365167    1.3128952472626632    1.9962181263816696    2.1408560487940713    1.7687462213194178    1.5893198421645522    2.185525217846095    3.388568233008384    4.661852280660883    5.584630495323693    5.972336081032943    
5.898744755530625    5.35467216914715    4.552762111888697    3.6320607844959265    2.767099109812423    2.2431867856722145    2.1313849405073304    2.2281345536908166    1.9551607093047898    1.3553045366938135    0.6371500030895053    0.21263845686166813    0.06653408657114845    0.1517781220510896    0.573602862436835    1.3114328715061685    1.994288143676622    2.1380126906519132    1.7657960422285046    1.5861527769141293    2.1837508998531967    3.3901710322981327    4.669670919923721    5.603540874317192    5.999116434425504    
5.920860232784919    5.374848474166004    4.572714450799356    3.650978553771598    2.785686119387812    2.261578467520182    2.149394117834693    2.2432030567655823    1.9650275991262482    1.3580162711047918    0.6362532932699361    0.21211498909040552    0.06683800912118024    0.15189430828399478    0.5726494878271572    1.3093978570474636    1.9917550701325255    2.134510921215536    1.7628516173197317    1.583072384319092    2.1820370162977802    3.391166700574785    4.6777258056007165    5.624344296709616    6.024236099806447    
5.923292326026697    5.384583667520618    4.584468334476351    3.665610331800685    2.8013481082578466    2.2773983970365586    2.164654010478554    2.2565688895693485    1.9737403493156547    1.3602593250680484    0.6354163610035485    0.2115949593686355    0.06717897626925465    0.15228938577833662    0.5722934254388926    1.308123403619796    1.9902562785999216    2.1326390458042432    1.7617930291671624    1.581880142166786    2.1819631329037144    3.39363175915067    4.683428133466168    5.634025976519814    6.028002401858867    
5.94077873169324    5.401989499709056    4.603135000660284    3.682831051417909    2.8184058615776735    2.2952601943092716    2.181893036419083    2.270498428500001    1.9826539658157063    1.3629135686648772    0.6349970787612133    0.21129708984823728    0.06757074482698698    0.15263203562014827    0.5719342806865865    1.3068392181935737    1.9882576770961224    2.129972953185354    1.759512491820774    1.5793382677333734    2.1800922176756603    3.3953700944038716    4.689893473881123    5.640176387137458    6.042586609984146    
5.954167528494081    5.414860964512361    4.6158854200624715    3.6940140031216844    2.830857054986134    2.3085883199800126    2.194830035058169    2.2809879927095733    1.9896852328652725    1.3649580141102042    0.6344877962336843    0.2109662066304749    0.06807639100981386    0.1531199582600847    0.5717481861734502    1.3056800691313772    1.9871472438947504    2.1288135834233715    1.7583743521979425    1.5778766163008087    2.178879798717488    3.396804920087985    4.695692804105693    5.647612158980674    6.055075706756282    
5.967629844870958    5.42615076888672    4.626870019336255    3.7048517736952227    2.8420274012213427    2.31916483311862    2.204801346628753    2.2896789107951716    1.9956666120000905    1.3668633849385476    0.6338949647105242    0.21064492492541007    0.06869212921203625    0.15362166166552294    0.5714540592918579    1.3047728567720434    1.9863549824674271    2.1280930398325553    1.7571229158840371    1.5759352033404934    2.1776973359683196    3.3977463874683442    4.701177500667779    5.658526519132513    6.067882495676251    
