2.155895350373413    2.288923838269619    1.9141743112840466    1.6096413580321214    1.2207518152588916    1.0044023027415234    1.2084594358202043    1.3003577876347567    1.1964154040942474    0.8264528648611928    0.502991946654174    0.2298222057982842    0.1362430241442191    0.26375915959977825    0.4992775439064401    0.9014975763316739    1.2084594358202043    1.3003577876347567    1.0131055151455561    0.9313117648775522    0.9546935659084987    1.259227051892119    1.7426702954187432    1.8054818433294357    2.5691189070317813    
5.299763067234459    5.074182802460701    4.426626462819412    3.4325370523799648    2.4944817262188104    2.1087409254855065    2.4366896899960566    2.5402535624420692    1.896326666667715    1.2594708883150467    0.6569750483939092    0.1916648321287311    0.0    0.15595390963799055    0.6097297740382337    1.1844260101086093    1.6636527058343498    2.0786722515704    2.3298022186123344    2.121044953370968    2.297057317089137    2.984285052454053    3.794897337231133    4.504018201325732    5.041958913484238    
5.494259871964022    5.272734167531176    4.586822299796389    3.5335807119955804    2.5749048248423225    2.1804260816587804    2.5086423552955917    2.5859335858019645    1.9146297447018639    1.2657495470216769    0.6568222732386385    0.19030238573398947    0.0    0.15904163257662443    0.6151691973239976    1.193252171327091    1.6765831948236651    2.088526283336857    2.3675959757725717    2.187332649338157    2.3792408291713074    3.089379478051932    3.926361293258249    4.649935868964573    5.22446211468352    
5.54051172559872    5.345797779387879    4.64544597731364    3.586581464944774    2.614273668500711    2.2211554497827852    2.5492051556883832    2.6073461711837003    1.9239616316752208    1.2692249923092984    0.6570901688622234    0.1891839781058409    0.0    0.1615487689476062    0.6183832902336399    1.1963261247468504    1.6821470973992354    2.093214447649995    2.386534382282702    2.200265687080278    2.39034143089236    3.124528403925979    3.976702132320897    4.709955956140283    5.297449111941515    
5.604781843571533    5.40394457379127    4.680894877858517    3.6048009527562765    2.63300717549678    2.2429241800697177    2.5712042024992705    2.6189894281440167    1.9290986960010934    1.2692349744550482    0.6558224764380909    0.18743850055579034    0.0    0.1636388020746951    0.6207512342396619    1.1984957355235077    1.6901030220443198    2.1037502490790456    2.402845675414069    2.214790812754728    2.40482200789213    3.1555911453503733    4.034844220271381    4.793302032857596    5.38276263924925    
5.655733606128955    5.426546128395233    4.693780910601433    3.6208493359789924    2.649078387816661    2.261456457076863    2.5887280781691784    2.6244246347947255    1.9292587321375103    1.2668624329461793    0.6532823190102429    0.18565443484973196    0.0    0.1654994563209852    0.6221740669353941    1.199875826012647    1.6970577122332748    2.1127702509567343    2.4130334637778503    2.22221289290236    2.417122067437223    3.1811516778430136    4.075403261839024    4.838893939405098    5.44087119030482    
5.688412948237518    5.451190040797118    4.717715689488584    3.642089176674465    2.670464895337195    2.284879503330257    2.610182887421232    2.632560571666291    1.9317545025538236    1.2655782386334948    0.651610802639161    0.18429802770057688    0.0    0.1673045083424677    0.6244543019854255    1.2017853706735782    1.7038720840861883    2.1212354194711125    2.415125209141207    2.2139679525092752    2.413232270316785    3.1976509976375675    4.106364857969325    4.8767456659419794    5.479558814705918    
5.723114133446882    5.486302551143066    4.750188454772178    3.66874383985167    2.6939613519432832    2.308592601521516    2.6325751835250073    2.644743572635082    1.9363691715918663    1.2662206066483912    0.650497149031311    0.1832060594643128    0.0    0.16863011586488075    0.6258187744821407    1.2031112413983687    1.7087257600563064    2.1268048995462334    2.423970621069411    2.2255100229743303    2.424620220415802    3.211650609696876    4.124597516280074    4.906039938172308    5.503246321275522    
5.75994448336203    5.520747991863351    4.782526511143161    3.6949898825375675    2.7203434601161396    2.3349010634075635    2.6573701832542223    2.6545502081898977    1.9390595575869811    1.266078938274568    0.6492998264864911    0.1819867119720773    0.0    0.17034281722131006    0.6282866659648603    1.2052355314397833    1.7126194568360418    2.131583817002603    2.428958478896845    2.2308944778427118    2.4300118061201834    3.2185922733802528    4.139713072756389    4.923838512692165    5.531127796001201    
5.783549945733701    5.54273569718498    4.8062254117279    3.7192842685561427    2.745078251815832    2.360512279143227    2.6805644733189022    2.6652381721378084    1.9421725694184964    1.265626281491678    0.6481848719269104    0.18094703287639746    0.0    0.17169558654859493    0.6300960641840091    1.2066101201407262    1.714812795675931    2.133013417257863    2.4322395393122362    2.2353917432822166    2.4377968739924385    3.234187947174352    4.16341890509817    4.950440490163323    5.551430886913793    
5.810796225144276    5.57040817199831    4.831732587593203    3.742661369247096    2.769871075428046    2.385923263473444    2.7041861698163356    2.676037297588373    1.9443418676153388    1.2645552792921522    0.6465606658338457    0.17972512189706524    0.0    0.1732847396437054    0.6323906192561018    1.2090335937808827    1.718704096614218    2.136612496056366    2.4379827317027614    2.241898668568871    2.4465841388515055    3.2514274616912444    4.193540803950655    4.9853551530035745    5.5890201894107685    
5.841756437945468    5.605085378974415    4.8537128739407    3.764616218097066    2.7915742428458454    2.408660585084677    2.724756991389    2.6846670373291133    1.945979833345441    1.2630541694835462    0.6446490860888547    0.1784364567465093    0.0    0.17460389703248522    0.6344823744758965    1.2115043727349903    1.7229272220130343    2.1407107707504975    2.441341165222263    2.2411729018199584    2.4463164163075652    3.258264010388318    4.2116466192569275    5.009989221811548    5.615765911451516    
5.860978923704469    5.623462233165063    4.870653777670131    3.781268101941949    2.808599888621216    2.427722290867393    2.742449545048725    2.69125731290416    1.9458950494337584    1.2603337700632304    0.6423565643234942    0.17718609502201935    0.0    0.1758811200249434    0.6364546547099826    1.2135322842878702    1.7267760234388414    2.1449828042348327    2.445147206863516    2.243452938308467    2.449467478656011    3.264079045995192    4.221186228430353    5.0216972459553855    5.6291363738444895    
5.880046741479063    5.6428972992424375    4.886286547250804    3.7989050560015385    2.828865078521036    2.4486153431245694    2.761736009539822    2.6989819467725837    1.9468888542949103    1.2588630373628835    0.6409023212039204    0.17627192524724933    0.0    0.17697533139474753    0.638054555991626    1.2150648309736256    1.72998148751206    2.1482858281159753    2.445760057927312    2.2372438846492035    2.4430324518456024    3.26527656783494    4.234054773618175    5.0426258962782065    5.646083569013855    
5.891172756131112    5.655773923877507    4.905184045312672    3.817488117290446    2.848179926130216    2.4681006158540453    2.779174913076264    2.705175368879936    1.9475007798174044    1.2575034399860345    0.6396575522582916    0.17548889034336398    0.0    0.1780161915715128    0.6396448023977536    1.216853803481352    1.7327795861999589    2.150557707054039    2.4462272049657927    2.2342065546995586    2.439774543534585    3.2648910994146356    4.2396158896286344    5.0499542047290635    5.6495743176045465    
5.910559083450313    5.675328918032326    4.920603765126092    3.83206046266922    2.864685691118247    2.4854996624447705    2.794591996124343    2.711387724638084    1.9483776098803376    1.256300835708907    0.6384331668176952    0.17469616794286702    0.0    0.1790288940891384    0.6411075217118652    1.2183471509935104    1.7359128746779238    2.1541990435990566    2.449128896948299    2.2346080005232634    2.440649836866292    3.270589609539003    4.253168622276844    5.070054668228204    5.665647062095482    
5.930441735663972    5.693370399671538    4.935484782877423    3.84624122966386    2.8785410617845963    2.499972514561511    2.8075651045915193    2.7159583808383783    1.9487768717161018    1.2546302884475555    0.6369187952903971    0.17397657899962954    0.0    0.1799417361672399    0.6422316851270834    1.219105010580977    1.7375201681480341    2.155800104678635    2.4501943264120225    2.2342068972973665    2.4418931887091193    3.2794776742728784    4.271983058181963    5.092506640604247    5.688390367025111    
5.931935857894884    5.701916282316935    4.948318201992697    3.859055791222981    2.892940199493368    2.514715937670046    2.819240099188458    2.720535502796396    1.9492054658396343    1.2530619538872025    0.6355034585637269    0.17313981687052318    0.0    0.18093325673879912    0.643983472876125    1.2211247491336703    1.7414171802685752    2.1600905410727345    2.452887379795361    2.2345674767492487    2.443499392021487    3.284829053512733    4.280107017992999    5.099639135371417    5.691964166505398    
5.941728982370423    5.709926720442001    4.959397920651047    3.872662395955745    2.9073210031591152    2.5295856154574836    2.8325178255324417    2.725117335367996    1.949822242502666    1.2520053131258722    0.6342585450523502    0.17241111273057577    0.0    0.18195554104829395    0.6458041354668388    1.2233790553747232    1.7456833337333113    2.1654331314755146    2.45564156566004    2.2323742606041264    2.4409052185678983    3.287653164688579    4.290350168714077    5.11421475612232    5.711147565207121    
5.950723692250889    5.714260064851783    4.968003782842081    3.883755669642986    2.9222478362902153    2.5455885521767327    2.8467829760943144    2.730330900677687    1.9504920222369257    1.2512188339280534    0.6335536895493075    0.17200629455827893    0.0    0.18272611578934506    0.6471146143766412    1.2249228566939068    1.7490960572010328    2.169730010695292    2.4564329790104673    2.230518639988201    2.4402724671361367    3.29054926634245    4.299974182745943    5.125985413637763    5.722895908616044    
5.950597765764042    5.714588098396928    4.975602301868419    3.89655886557368    2.936873145471565    2.5611781202484893    2.860958419879491    2.735202832778741    1.9512487895251125    1.2505103586517112    0.632884919112817    0.1716131355268564    0.0    0.1833673902188729    0.6482265332971342    1.226356186853049    1.7522000627859071    2.1738272468729405    2.457756551596142    2.229106436551628    2.438530829401109    3.2914566880508134    4.3075786074777715    5.137033398116183    5.733543778909649    
