1.9682308347332254    1.7742276896099771    1.555005434016266    1.555005434016266    1.097599296984148    1.0870475282734002    0.9645701669578428    1.0369205879935726    0.9818513614260975    0.7700935455694595    0.5062518501076906    0.2128765736169204    0.2350046312341779    0.19856805207882558    0.48683124998717364    0.8214077478853152    1.0664882708457017    1.1417794570274873    1.2550757115447637    1.0766792777563585    1.1083411976782527    1.2691036339152981    1.4696946031753066    1.6823294736963492    1.9682308347332254    
4.118512050408242    3.8565378728697213    3.5428330739494496    3.0937366103991795    2.685671240814096    2.376904827394902    2.236305508317651    2.0751380632466416    1.6913626418600634    1.1645456468398532    0.5612793760660525    0.16968095988183154    0.0    0.07028445537858816    0.4618415775581141    1.158398464556164    1.8482230031075852    2.2574552471875347    2.2661241608218776    2.2161976881494714    2.540520078538119    3.1491179979470347    3.8381283913518027    4.358254022848228    4.366985769796595    
4.353100013316771    4.069955248539644    3.7520809819257366    3.2861439707593485    2.8586958743329256    2.529810982996557    2.387604425649612    2.2290998008376697    1.7981177756066948    1.20066229047176    0.5590901391264439    0.16516638537526002    0.0    0.07669154479811376    0.4798155145010573    1.1953196040439913    1.9118888330732762    2.3504509873924424    2.385411921665261    2.3266205359354335    2.645708354294837    3.288571183826138    4.030081788925649    4.5535221262593115    4.600561176584794    
4.44439332939692    4.164370085950258    3.8567955564258747    3.400184173689783    2.9722649151859755    2.6376919327062147    2.4897130259121707    2.3230712191541727    1.8563040247269975    1.2152082547579488    0.5498140365376591    0.15779927901173416    0.0    0.08082646378831751    0.49066529285159893    1.2141871129028938    1.9431215522235692    2.4036799543365004    2.4623730790195077    2.3917391903431056    2.6967127272743374    3.3403067140047784    4.087232864364523    4.6337770886072365    4.675308088543194    
4.542214450263214    4.256411998332838    3.9558153846381106    3.500493860050965    3.0656073555337637    2.7261971882120037    2.572301663423195    2.3910430158575062    1.8938749916949893    1.2194173349145134    0.5397560839407319    0.15023212527824806    0.0    0.08483127404847923    0.49862301130103764    1.2271307406097562    1.9651103557469758    2.4383902715227426    2.5115000834202914    2.4328413852074373    2.7316803526625573    3.3841154964865288    4.1498826460433635    4.711021439739479    4.772191787763021    
4.628341430285596    4.341038087105489    4.028296541588029    3.572666361859958    3.131389058223925    2.7834794149825357    2.6262544934012477    2.437924973082358    1.9199396976618786    1.2207754509255078    0.5301219827903032    0.14343046023901224    0.0    0.08782703192661435    0.5037468766228157    1.236690573207784    1.9809521147904212    2.4617360764260843    2.541793099891999    2.455119140256928    2.7503756839954776    3.4109389829854915    4.195475513033156    4.775458362690696    4.85327360963432    
4.701797740252796    4.414671483908557    4.097510563005472    3.6377222283995008    3.185089694742809    2.8241133935404608    2.668126881795503    2.4796220794109614    1.9437469891146686    1.2249107370221524    0.5264879081679639    0.14211543098105295    0.0037680376020770776    0.0937058956486186    0.5110564625145864    1.247655761189207    1.9975812425456565    2.4866764512926047    2.574849002109064    2.486403734625744    2.7782198410827545    3.448423107008957    4.248876321315041    4.826592027000674    4.9282625201505255    
4.763960106218514    4.475244524688409    4.148908113647989    3.6842167076245964    3.228749108354437    2.8707914029592545    2.713011973482434    2.519246558490812    1.9671954546264399    1.2302776294179012    0.5242046237324229    0.14141203825265988    0.006881512204692197    0.0980652402961482    0.5167429433775121    1.2562997812917576    2.0132530416048517    2.5109332449774073    2.605132159715676    2.514243641279213    2.801121365634676    3.4746171436332105    4.275146603208302    4.8649736073339716    4.978458090641712    
4.829721874107987    4.537084018545138    4.201918444376632    3.730723295051175    3.2723998072644207    2.910681574734251    2.749576114580114    2.549999357808293    1.9848727094535992    1.233609065412246    0.5209496108053724    0.14024420233746995    0.01019945054237313    0.10318426670855944    0.5228899572664168    1.2648696695816743    2.0284496842767434    2.5333852121331355    2.6329698588947843    2.5386323437434664    2.825669460817838    3.5024323400524477    4.311249686393989    4.911049889874089    5.042012917844123    
4.876125183673603    4.582570202249005    4.24684711303531    3.7780719095561994    3.320291810182384    2.956196271809495    2.7931355012393384    2.586281367401897    2.0054906111927826    1.239074404612222    0.5202565262360376    0.1413679195661714    0.01594370782740049    0.11067138944154184    0.5317302577536336    1.2767298525713153    2.045844255129076    2.556403422735191    2.659817883228918    2.564044934476469    2.848844769302464    3.5275604838061367    4.336253885946412    4.938120180373065    5.082089802337499    
4.931018891477397    4.630426442697221    4.283415980069692    3.8096206127600776    3.3567080029622884    2.9977242624201725    2.833389499860195    2.6191286494790704    2.0247964812430017    1.2450641434507685    0.520569545663946    0.14376032145145132    0.023023230122381687    0.11976915932188631    0.5422933786591045    1.2897773347244104    2.06342593976462    2.578672289023978    2.685098050517087    2.5896056093992272    2.873425660183472    3.5527278255252472    4.367161853345679    4.983316987854599    5.1353292177425205    
4.975539095387084    4.672871768689536    4.3208527470731    3.844671981860028    3.3913555164160027    3.029861489958745    2.8658436416028223    2.6475843275891453    2.041377721362481    1.250300420178487    0.5210194158170008    0.1461363695040635    0.02997735019553875    0.12816759904722155    0.5514828475700989    1.3007267561469522    2.0783341509699564    2.5989534601734854    2.709147904138684    2.6127613908788665    2.896898338262567    3.5789998706032273    4.3995976157550185    5.020035599002217    5.173105250031954    
5.009228763298639    4.703365176262858    4.343104837882255    3.8655520783728434    3.414246263183483    3.052703939586325    2.8891842394990066    2.668530787330773    2.053542161740766    1.254326996799689    0.5208244266815382    0.1480313258886884    0.0362131643764106    0.135607282720024    0.5595704425625481    1.3097582995553059    2.0903561226374405    2.615535550432361    2.729402882992441    2.6326264585520742    2.917848401465047    3.602717494713585    4.430229921771222    5.0555492674248415    5.20695792248431    
5.0352344264065945    4.733797283336435    4.3762083800300395    3.8999129520216465    3.44694131359842    3.0813590826502235    2.914244435096856    2.6885294558445416    2.06534630570074    1.2572904232455304    0.5205208282778829    0.149616955196214    0.0420012143893362    0.14269633137811727    0.5674190582895251    1.3192276286747644    2.10322443840333    2.6324725136753693    2.750629846274918    2.653926586766482    2.9392364021210167    3.6268737915761897    4.462443402920335    5.09293471655209    5.23909595371159    
5.065843858504378    4.769769054015868    4.408151615983522    3.9293349069833847    3.470934116856609    3.1009614501656544    2.933505175251196    2.7061896265446266    2.0755720543430876    1.2599863864302276    0.5197926521311679    0.15061044554074593    0.04702768313835634    0.14889986864656846    0.5738004791067772    1.3268741407453823    2.1138913801625123    2.646594441442451    2.767033210486542    2.669617034549511    2.9561298651585313    3.6429511304366144    4.475365115228619    5.10564074352191    5.2602821679099945    
5.091044436723174    4.795028670521684    4.436361570646915    3.9576972853456702    3.4988266929463907    3.128108240584254    2.957406325241221    2.722751599632383    2.0839899540381555    1.262027842472597    0.5190576118274057    0.15153815816613753    0.05143186504100716    0.15439552602548656    0.5793420380925729    1.3334662351088449    2.123235156012075    2.6584978522475198    2.781817806428471    2.6849838538835726    2.973548388556341    3.6635320801498965    4.501499051876426    5.13517221178414    5.286189801448047    
5.102633811720417    4.807815859798869    4.449503269229906    3.9715933689828105    3.5105007784820934    3.1394824672376886    2.9689178880838156    2.7350246087958063    2.0919792879750987    1.2642567063144652    0.5187099057128906    0.15265274858079508    0.0557610490321715    0.15946356202378725    0.5844403347864945    1.33951617638691    2.132139874938776    2.669114833481739    2.7920714429597084    2.695587833684864    2.98407509356381    3.675562380684261    4.5152779802281175    5.148663481281062    5.301892843542036    
5.124595252352087    4.822059057665924    4.46480320060918    3.9852632060438    3.5234441187140146    3.1545652784466074    2.985093642857295    2.748244188480238    2.0996551193602957    1.2666872836055105    0.5187592701130979    0.15407672420045182    0.06003155491682516    0.1645209219243728    0.5898788651043613    1.3457691034769346    2.1405839937513558    2.6802009828745277    2.8031031842717793    2.7061783616210295    2.994930172813149    3.688492579117096    4.528771497804209    5.166204902901432    5.323659423662497    
5.154089295627827    4.849823397762707    4.489644715529582    4.005217199784325    3.5413310285226367    3.169908739629696    3.0017156858608653    2.763602028786803    2.108417695541558    1.2699524011179595    0.5198382442703323    0.15632367088494745    0.06506814465811986    0.17042748965478477    0.595823658638555    1.3521415081429549    2.149394902821406    2.6915642748618795    2.8159827088682983    2.7190973561346894    3.008785132928288    3.7046012302626328    4.547667372377882    5.187042187585595    5.3512036862856895    
5.17919861805154    4.874770381193841    4.512978315593252    4.025975891834552    3.5597335193660244    3.1846230802701396    3.0164566269064657    2.7770884830262887    2.116264473853808    1.2728082206883178    0.5207610481379981    0.15851426778932004    0.06994372478506479    0.176072992622261    0.6016211501336785    1.3582163724745422    2.157011891096467    2.701559883952871    2.8276102752264514    2.7300936168734102    3.019864871102793    3.715969149370205    4.560444463727722    5.202606711203845    5.371602259178257    
5.200229177919105    4.897414975852081    4.535602458677872    4.047308719529523    3.5786447464888846    3.200551623496821    3.031057905343242    2.7904371532514833    2.1238366765005097    1.275645951528342    0.5217424862975745    0.1606229642732875    0.07466723041999092    0.18144239673063434    0.6070805717262238    1.364273338627249    2.1649688481015676    2.7121472503587003    2.8405544858906304    2.7433967893884623    3.032493656505989    3.7293412454782207    4.574108787061954    5.217341771088355    5.389560149991196    
