2.2576696845501605    3.0841115539018547    2.015948895177315    1.6280958716588907    0.5304237974411522    0.10498887042476049    0.27649335198056146    0.6141555183469678    1.0664882708457017    1.4696946031753066    1.5783872043126628    1.7419950680503116    1.808303145911978    1.9682308347332254    1.6545961707286507    1.6027235905054964    1.1417794570274873    0.7285531919021724    0.24256701305140457    0.10700633359459896    0.46802339018698147    0.9731481490220648    1.6823294736963492    2.015948895177315    2.2576696845501605    
5.110190006521479    4.903829446909598    3.781875593521945    2.0843057952677406    0.7211730924170892    0.06627979921407082    0.23572894646445589    1.1218544590941575    2.1456088034785017    2.8354844775389867    3.330268475026037    3.658545122609342    3.7617243945776213    3.2882897123492096    2.845138063427575    2.681540491109675    2.2994927318174256    1.3002796990587366    0.33075899746324605    0.09215601473062256    0.6545294206742559    1.8604500714156849    3.2262556423850928    4.317668754009973    4.9676229800816    
5.153194566545594    4.9221668420452405    3.8090346816454863    2.079148721257272    0.7148777837600906    0.06154941592818532    0.23466196582391402    1.1452931050489679    2.226586260882209    2.9655578942904928    3.509394217969834    3.867417139591396    3.913213419538425    3.3944529601994744    2.9429292337577726    2.814409174429825    2.4023222890388674    1.342454275951499    0.3526388065092606    0.11280696249147916    0.6817427145686461    1.9064492745458639    3.279400462478408    4.3913347493173545    5.032168461607715    
5.249200788530448    4.978443867357093    3.813430643720075    2.062828760838581    0.7025259588446741    0.051395438297066456    0.22633524244652256    1.1502038683702345    2.2649887577188457    3.0419914689102643    3.623387693078421    3.987302654949295    4.0139587332168984    3.500731227237285    3.0589144215986743    2.9104184880697614    2.4626040711363477    1.3719589504484109    0.37047271318955755    0.1284970991108634    0.6995389780180041    1.932354859008869    3.3035050037316664    4.423069905446579    5.107840643132472    
5.246716159009435    4.958878315164127    3.8079335391837787    2.0478260275996325    0.6884341246853016    0.03850223241846797    0.21466642881529965    1.146254406715033    2.2877545611932812    3.0900855376854706    3.6971300359017243    4.077207128300008    4.107440404852327    3.594284211453168    3.1525449120814124    2.9955654610775504    2.5207517904664147    1.3991964833795771    0.38905764319896946    0.1442726911615695    0.7165132195674617    1.9539854955407725    3.331401522921684    4.468016886807343    5.16017106080924    
5.25802865879052    4.967905408787881    3.7994418122329607    2.035508583049315    0.6767453310542855    0.027736374528922386    0.20435746121521467    1.1396081030318492    2.2992512082401615    3.1176884629985264    3.746728371915402    4.1478141259360966    4.184413182147718    3.660996700561046    3.215788204470551    3.0577334514249768    2.5641057270191174    1.42128529959362    0.4034778191661435    0.15632582716369164    0.7295404033120482    1.9706010247347532    3.3475901710913565    4.476873607516204    5.172760233926863    
5.265821855596971    4.961028525279179    3.7939941915753033    2.026825901485266    0.6695767774985353    0.02254693385623923    0.19956837738750105    1.1377586998746547    2.3123927421147483    3.144941972808762    3.796267366581596    4.212431457355823    4.2495283870748795    3.7035667321597083    3.251515201990436    3.103846808254545    2.6024169955310166    1.4431954497278352    0.41970191934663004    0.17072224025408414    0.7451089869717258    1.9901092844666615    3.3708180985767164    4.4967827522202235    5.200339759326271    
5.284853576896226    4.9678424354659425    3.7846965435216906    2.016223867152841    0.6622402459686303    0.01694850332161868    0.1951628941247883    1.136938772004724    2.325718179955859    3.172783217955766    3.836757428259782    4.271107572552963    4.305681367818759    3.7487988807809542    3.291547731297826    3.1444570226341093    2.635783913857453    1.464185404303066    0.4357806505961443    0.18437883793504928    0.758733125491315    2.0057721476185395    3.3887229248315576    4.512139350474914    5.2054333737639915    
5.29552862960978    4.974046184853847    3.7804090299794826    2.0069587627057524    0.6553868862346859    0.011752862048889562    0.19091482040516192    1.1355626394084868    2.336061924979819    3.1971397493780938    3.880264882115855    4.329274954202845    4.3603335677091115    3.798327177721963    3.340355210444363    3.188512957280968    2.665901916529528    1.4836631526057817    0.4513354110692937    0.19768543061733282    0.772105015775259    2.0214731188838577    3.4064389114080504    4.530047839688216    5.221262499165296    
5.316892209377207    4.988077759864931    3.779788440281222    2.0020801285348044    0.6514636261220011    0.008605495092483408    0.18820077124805573    1.1354023516497347    2.3471743192032988    3.2204064363989295    3.921982930364855    4.3794186227635015    4.403917004230292    3.8457611239172045    3.388193174581602    3.2361946132053396    2.7012933154077676    1.5063139120939164    0.4697986285520414    0.2144879207623837    0.7894102586696256    2.0408458304337938    3.427742768514256    4.547801092571652    5.241576731031664    
5.330954807884665    4.993211240669387    3.7774509967767647    2.0008247357395623    0.650282939398432    0.00784484061133155    0.18792072934693935    1.1373318775709333    2.3600434231505645    3.244106602044884    3.9568115942198454    4.423643521062331    4.452678793181021    3.8954032480485066    3.4355293793742967    3.2766555892313294    2.732116655731917    1.5282139542808773    0.4883369544506296    0.23115137734630037    0.806289463673444    2.06021090392896    3.447938590358178    4.56838447154877    5.258570189357553    
5.3535735921812675    5.0036598957682585    3.778431239892424    1.9994450641565684    0.6491642823730553    0.007266773898060807    0.18776823981546437    1.139424999242502    2.372523654287477    3.2667234967937784    3.988523114085825    4.460826623839451    4.488313813979009    3.923186978373379    3.4622334795804206    3.3078858162998133    2.7584914654642816    1.5477793338600536    0.50574519236015    0.2469094600973382    0.8217868706999943    2.076587632545258    3.46532269113204    4.584241433209785    5.269211679028222    
5.368465220811242    5.013000293347575    3.7770592662618925    1.9978296909550257    0.6480802994070478    0.006642872094378992    0.1872861544593866    1.1406541562936778    2.3826801931464896    3.2882278390341817    4.021953572603433    4.493251470490784    4.5128994028802785    3.9455836975781198    3.4836431929637417    3.3303398042356496    2.7785997692423843    1.5640215708165481    0.5209545678938581    0.2609282687139414    0.8359473642612092    2.0917939702851474    3.480536097873219    4.597421577373178    5.282459658846908    
5.378361168153491    5.020257966214183    3.777271512291729    1.996398157952227    0.646908121874964    0.005818238225917767    0.18664422291006735    1.1415761327805538    2.392577532768352    3.3074064299687795    4.049220852633772    4.530340653915024    4.543321069787626    3.9700516802931256    3.5115866306181567    3.3597327665681065    2.8002947699704466    1.5804440165990332    0.5358484966029293    0.27459660671984454    0.8497082256256948    2.107248786127822    3.497199618441902    4.61386860858848    5.299282074716407    
5.392634768896251    5.0238454639388985    3.7768062684470785    1.9935447853548889    0.6450081049205466    0.004242493723239989    0.18521191891491795    1.1417164437143419    2.4007050652631707    3.3195190968819666    4.0620047770326275    4.5515285043365346    4.570461786087669    3.9919699401508035    3.531369667806181    3.379956362835592    2.8178326621891014    1.5947619780652453    0.5494142068608421    0.28774297095255874    0.863036387555393    2.1217550098518756    3.5109117775053997    4.6252236285213995    5.316453804916376    
5.408397098156433    5.030614312576552    3.774689771251647    1.9908929934249906    0.6428349131489449    0.002476567317230109    0.18365454824575067    1.1412347743328646    2.4067690851490746    3.3303648577355847    4.077409743645478    4.571632581793785    4.593777018020686    4.017272819756893    3.5586409807154906    3.4056004148282684    2.837074127605635    1.6088490335894845    0.5622248472943358    0.30002146753755216    0.875578689437319    2.13550418017435    3.525519660444908    4.641385472595908    5.333488561987361    
5.411436905691645    5.031910499585755    3.7733426584849705    1.9880730956912223    0.6409043882427427    0.0009845338634217118    0.1824242832971146    1.140723050446792    2.4110958754770615    3.3398669548102937    4.089787800008956    4.5883318630526215    4.609289580597926    4.024508907273479    3.564734656005132    3.4178188789262745    2.8512453811398597    1.621309475565572    0.574378415228844    0.31168095761406533    0.8873989301853447    2.147999654849235    3.5372492237706776    4.650571082625822    5.345274605054204    
5.409883449815019    5.033143274775992    3.771276904738806    1.9863168001561402    0.639627837168037    0.0    0.18149858455679108    1.1403461227026985    2.414806785695172    3.3462190637318323    4.097691295717646    4.603881913170652    4.626204729713265    4.038610340500599    3.5788435061564825    3.434152468100604    2.865680390040272    1.6335053992666018    0.5864619503355627    0.3232700642413115    0.8987193894069648    2.1590018039296437    3.547598096772472    4.662107991102122    5.3548473881256164    
5.418629358261651    5.038903625526913    3.7704543782784063    1.984957351824204    0.6392391958829413    0.0    0.18164408399811924    1.1413816820147813    2.4211957462045666    3.3582360035022543    4.117861113449028    4.629150764164233    4.649183736422872    4.055368604658128    3.5931084104131163    3.450099795253588    2.880873833417855    1.6464015796878209    0.5989491947754471    0.3353604327029409    0.9106398680303459    2.171213416708194    3.5607445583082216    4.675510330307685    5.367124778248679    
5.4181364822018105    5.037387759958307    3.7684443835405603    1.9839397503714766    0.6389743785757774    0.0    0.18177988124046915    1.1422875940674493    2.4268765194543036    3.370017304690571    4.136658347547745    4.653338388622119    4.671687561369345    4.070794687348149    3.6050256066738187    3.463718670259029    2.8952653079581157    1.6589347318901226    0.6111661689571378    0.34697850532985636    0.921808065096358    2.1827439065285335    3.573370622926091    4.686114907527365    5.374668626311948    
5.423307008895131    5.0400199940220745    3.768853696426303    1.9833288635789046    0.6388128293038138    0.0    0.1817222896843085    1.1428772047871432    2.4316868697827965    3.380259947680822    4.153164592338964    4.674809339586989    4.691278434305692    4.08615145593963    3.6204014543388885    3.479101101299357    2.9089121121455315    1.6714064115573124    0.6231113911978171    0.3584453328861757    0.9332018458599485    2.194308863338167    3.5851025783355217    4.698643565443298    5.386313574297866    
