2.015948895177315    1.6280958716588907    1.555005434016266    1.6280958716588907    1.3287693033723975    1.0664882708457017    1.0466144505533184    1.130423697907761    1.056468549350159    0.7762714204255119    0.5142007638624272    0.3507526342432339    0.2375147813551737    0.2955939254831471    0.47547548361872305    0.7825139862126488    1.056468549350159    1.0369205879935726    0.9077500986944411    0.8281440857798681    0.8281440857798681    1.1533557298343566    1.3950774740084884    1.6280958716588907    1.882920157564588    
4.266684733870334    4.07524142225922    3.6490988492675958    3.173875596999619    2.8053705606486044    2.669024982365534    2.6429563912944842    2.322840927267435    1.737843445757104    1.1297112355976848    0.5809321563440794    0.17470913452012185    0.013748128723303133    0.14586676134646398    0.5460823460426403    1.0010730853310243    1.4043343111759217    1.736876287267158    1.820916284101363    1.6779476242403115    1.8461896489514067    2.367498782716142    2.9888788501037835    3.572108490773551    4.06333614978911    
4.348715694616124    4.179666927152865    3.7332106917321504    3.2585989079904745    2.875198580958756    2.722335441793    2.7030028524613514    2.3781993016741416    1.7685116747101581    1.1454157357971315    0.5905649603103915    0.17973680524864147    0.015540266102852985    0.15300997157942742    0.5652037803049702    1.0253877894789487    1.43255689865896    1.7918507434349549    1.898972212693011    1.7373462666241377    1.9049838437025906    2.4277942040958185    3.0496470056224605    3.644147656274684    4.115871780919844    
4.372672431022488    4.218861547916105    3.7874944500949677    3.3150295379470514    2.92643062142648    2.769552053563872    2.7415112618494692    2.409970147736979    1.7804296300097586    1.1471975427360457    0.591469267489035    0.17767674056387034    0.010788042943291066    0.15330108741928214    0.578450064662606    1.0483290069949778    1.4608708670549395    1.8338110197906379    1.9557608836420877    1.7824049400875956    1.9504502202968648    2.4784104255822723    3.106030302503348    3.696395441845407    4.163031324460622    
4.428044583636046    4.2737297370208935    3.8407022619261766    3.357620501513203    2.958273219949134    2.7953892285967594    2.7622566115174103    2.4300454171051107    1.7855244560609065    1.1466965046853854    0.5917133067079607    0.17499915090648333    0.00550007711795044    0.1513580588930927    0.5878020708791984    1.0666710632627598    1.485731763965032    1.8670290956486992    1.9975531784317417    1.819184489689287    1.992494586032184    2.52648194304009    3.158283111978729    3.742945704059926    4.216524968101381    
4.4577185163621476    4.304449450004306    3.86498151099723    3.3867557552285015    2.9913093156462893    2.8209774177169455    2.78519800314876    2.445311309494151    1.7870508662056084    1.1452075784888314    0.5906841647569361    0.1715001099668665    0.00020417729232383164    0.1496176466409176    0.5939469912845727    1.0799628911505288    1.5039629960785932    1.8910411355088055    2.0294118899612457    1.8495007792824028    2.0286603639697502    2.5686546382529123    3.2029686158831074    3.780543130190782    4.250185965819985    
4.480999188737953    4.312502246639738    3.875213688682535    3.4020523895083747    3.0071374161383915    2.8366098603440113    2.798500561749123    2.454169150136769    1.7875612065370747    1.1447975437708824    0.5917811726549979    0.1719063311703095    0.0    0.15288044739395104    0.6045944262837826    1.0977825450578744    1.5265600362477447    1.9183207383647318    2.054939370787195    1.8725085813546642    2.057332401843056    2.6024133355692514    3.2405536304667595    3.816190447564486    4.287025647486282    
4.503535651675257    4.3280298840474805    3.8878306876398483    3.4214031400339997    3.027438403492598    2.8506715565251826    2.806550225736599    2.4619783513532445    1.7888301737009518    1.145662490441198    0.5930144307078797    0.1724113733760873    0.0    0.15514888271100144    0.6132863953684102    1.1135268440920494    1.547714417469652    1.9445673826448602    2.0787057875563564    1.892218463196062    2.077782584390419    2.627004019065981    3.2701076664164628    3.8465819539638026    4.313829470532777    
4.523031404200387    4.340883421357063    3.899307730197938    3.4362362354560014    3.043712981423533    2.864218523537535    2.8163274250758263    2.4688085949278844    1.7895976000433866    1.145236721599878    0.5944058806870515    0.17321464750392296    0.0    0.15736493050903924    0.6216621848869401    1.1287549748102532    1.5659750468959683    1.9656599013108869    2.1020603128922506    1.91291146984441    2.099291809386538    2.65178630103362    3.297790824978198    3.8730715513444007    4.334836007041203    
4.535594189291586    4.355329919154703    3.9102998291111204    3.452464886588693    3.060957169221653    2.875875186535204    2.8252442144889067    2.477223002012403    1.7928756696973582    1.1483191441230385    0.5995483619312936    0.17735665143295648    0.0026800548389452304    0.16158814676573147    0.6313389465041747    1.1434728861498729    1.5850470054633303    1.9884178004554536    2.1274261420076908    1.9346906569640174    2.1214908207793695    2.677493051362613    3.3218187280585596    3.8889954094413137    4.341465077623135    
4.546798284254041    4.366605363396403    3.9239302101754023    3.4695003464178424    3.0795880684922214    2.8906512874933417    2.837598715708765    2.486567868214983    1.7985695399500994    1.153662596697358    0.6059779874498161    0.1827348350600703    0.006926114874685588    0.16746352532647443    0.6420875515418417    1.1590002348418735    1.6034412570169168    2.0100607962603734    2.1478214157888504    1.9511590617237877    2.140557278866584    2.700078364030394    3.345107720449726    3.9101392374476585    4.3591246177901075    
4.561157360921381    4.381730999833999    3.9381668793771674    3.486853549177945    3.093866193600873    2.9007310504735564    2.845788108457369    2.494292339601745    1.8026614289116798    1.1576929211941875    0.6113691152500342    0.18766130260575428    0.010910805964206585    0.1727327851788634    0.652019451673322    1.1742613036308327    1.622158414358179    2.031796257928046    2.167678060954761    1.969706206257245    2.1605643919077466    2.722002278623855    3.365999062148106    3.9294126485492975    4.37581769964729    
4.574129791863641    4.390742002535598    3.949782916889055    3.4995909981119993    3.1064224995840415    2.912469844108261    2.8555077808823945    2.5008875557431893    1.80578502678013    1.1609403175397086    0.6161055573621556    0.19207632698377108    0.014207177417002701    0.17705364224946374    0.6604801592533677    1.188188317386146    1.6389837668450324    2.0509807611960134    2.1847551028460477    1.9833132936300402    2.1745630854920925    2.735556859433782    3.378087906206217    3.9403534302930865    4.385511486268456    
4.584806635229062    4.395186047537871    3.9512579511070745    3.5068606157864637    3.1170256740971247    2.9228117771097395    2.8637599906390623    2.5072287350468367    1.8087785066850315    1.1637808809630874    0.6205366200561587    0.19626579243671968    0.01748949514047224    0.18106214762113712    0.6681715963882213    1.2008985349549137    1.6546547127608209    2.0685626348557746    2.2018195657994966    1.9988906273042857    2.190272823223355    2.751970225056254    3.393858191448654    3.953673582440943    4.395095071885194    
4.585779112860884    4.394144446192348    3.9515050911846368    3.513697611404738    3.128211867442986    2.9320819653171166    2.8702463106600167    2.511532786336533    1.8103937356566497    1.1657904723886015    0.6244389447296841    0.200124915758912    0.02017860961792088    0.18425463337170253    0.67431556179936    1.2108434263337648    1.6676675726867347    2.082940749528489    2.2158163489741542    2.01105277235297    2.2023608734814766    2.7635384410308528    3.403569512269411    3.96131668561389    4.397691686719398    
4.585769034190179    4.392887713814522    3.95275146700855    3.517623553318156    3.133064476486365    2.9343475586579486    2.8722242734860575    2.513808943572773    1.8109647519257102    1.167470460338851    0.6280412057284395    0.20359464060756083    0.02267779059686409    0.1871638412647532    0.6795215420802045    1.2189899451104609    1.6790200500313102    2.0972355048961555    2.2297647069737407    2.021592385701279    2.2128469545198293    2.774462216819368    3.413385761187481    3.9700766794917004    4.404274665386    
4.591863030427589    4.3944321199509755    3.954756936615351    3.5216984460529397    3.138954848964679    2.938247054495244    2.874324469864106    2.51608308253001    1.8121283365009215    1.1691763152607602    0.6314784222880533    0.20687459331914895    0.024979238098560168    0.1898959857648031    0.6843704814716541    1.226458412462177    1.6888660606245935    2.1090419514372436    2.2409024091102947    2.0322452291117608    2.2243632338983934    2.787729198274037    3.4263011421242466    3.9818803125612363    4.414214070789318    
4.590976795555593    4.38909606444476    3.952743375329265    3.5237802670747067    3.143758344146113    2.9422684086231463    2.877467812051452    2.519309630666254    1.813772783383983    1.1711674463916744    0.6352467070565891    0.2106140631361504    0.027599066353380844    0.19269009370026313    0.6892097623342125    1.2339330234880985    1.698310414222807    2.120403406801744    2.25150623925804    2.04058923175537    2.2323883949266996    2.796320998292025    3.433709716369665    3.987944240249349    4.418049063390911    
4.59486454628384    4.390002107968516    3.9544896093075383    3.5302631525956203    3.1521191522918377    2.9485782529966977    2.8816798482286687    2.522968536685628    1.815914386542048    1.1737905634954233    0.6396250595143428    0.214925534915817    0.0308136832168681    0.19616938570910264    0.694870128471123    1.2425600424031453    1.7091245658649863    2.1330365041804606    2.265348299565635    2.054618614481947    2.2462010580217466    2.8110449539501183    3.4485576884060287    4.001639474011744    4.42957672124362    
4.607232772455904    4.398545015568826    3.9629213145683244    3.5378866993734537    3.1584803355696436    2.9526661907869274    2.8850407074244875    2.5265532232418653    1.8184998831690442    1.1764830669339292    0.6437698324721114    0.219023103600698    0.03397456105190543    0.19954403158782263    0.7002925104079489    1.2507931279841051    1.7191173132819955    2.144100607783963    2.276302671040424    2.0655821648467474    2.2584665759573426    2.8249652708055444    3.462622668765101    4.015484849473031    4.442252022295504    
4.615589642099602    4.4058311790136955    3.967402982747203    3.5448152936217583    3.1657653389127853    2.95749559509029    2.8883394435545    2.5294796244231703    1.8203905269848588    1.1788997120310616    0.6478076021562514    0.223153257904722    0.03712724627389281    0.20271746646752387    0.7053627403153961    1.2582983548591988    1.72838273704635    2.1556301672281997    2.287949430650654    2.0777522520226026    2.2706697550647643    2.8369862823121506    3.4738762258467064    4.0257727945834425    4.450307091985353    
