9.456152051784699    9.456152051784699    3.142005400922729    2.1825350436748288    1.085275680802754    0.7807421187144507    0.8660530593216936    0.7265084174101343    0.7980233173796561    0.8038968585247883    0.7530087638572616    0.4495600338512261    0.3055562737502475    0.48306096662111797    0.7111558185555426    0.7530087638572616    0.8279873925903339    0.7922070799603868    0.7980233173796561    0.7530087638572616    1.223055097395663    1.7998889150711859    3.5552169716173503    3.142005400922729    9.456152051784699    
7.4342300851731835    6.531330620309303    4.67196802587022    2.837032505959554    1.5466218795288136    1.0658964461396419    1.1127142792732447    1.1023654331950339    1.1419635926092797    1.137501463535189    0.847476334184404    0.4437629747081555    0.26217224702525005    0.37653613231691974    0.6930167700926506    0.9778139153119474    1.139027767867412    1.1861072886456845    1.2404365798737944    1.2445289511957962    1.7020305559189215    2.825917294023752    4.320202633807567    5.998812075606879    7.0106500499955064    
7.09908191591829    6.542415007146287    4.704612679734398    2.864000782821484    1.572806577729534    1.0926823011119855    1.142984038127301    1.1386024742513758    1.1683453808051991    1.1514498682218632    0.8555273156324352    0.44449249313301703    0.2549565393469427    0.3647580972143344    0.6817520249819544    0.9725717590573018    1.1391014805476682    1.182680471601544    1.237012188176591    1.259050699147426    1.7315518355025694    2.861691027721341    4.364817727796649    5.966860982951192    7.010840392692203    
7.102822390225013    6.427422310222607    4.713772879345477    2.8852992561963697    1.594519658071485    1.1147666184062766    1.1695281476613806    1.1659783424439025    1.1871589873267254    1.1605799446896155    0.8593417567039536    0.44276252794850274    0.24835232256750964    0.35505906910081486    0.6725644007131754    0.9686162526183404    1.136571392031997    1.176854196684605    1.2361077590157457    1.2738032578685656    1.7573577837262417    2.886581055813446    4.377485804342986    5.932166183772237    6.984647089772689    
7.084854198240658    6.441888742993852    4.733850942366372    2.8961950291016305    1.6030112742599663    1.1228545180591574    1.1841298034660932    1.1860530933851807    1.2006907959607298    1.167699226934614    0.8623106264529948    0.4426716844011805    0.24420970267875458    0.348630370485759    0.6667991390802931    0.9664871093562895    1.1357862974956616    1.174092244216381    1.2377886097557191    1.2866624952810692    1.7772622171626618    2.9034762157876193    4.391959328574643    5.923404409198677    6.979895787137602    
7.193693620988653    6.4684619357312725    4.744357596771517    2.9020819770278066    1.6093691609692484    1.1308659195398776    1.1964725469552182    1.20114940457226    1.210139604765718    1.1722465108576876    0.8653447990979771    0.4435769558344337    0.24240934779875836    0.3451416075845559    0.6632418965379672    0.9651098965937579    1.1337688135436503    1.16948988444575    1.2362044674115924    1.2966401643175394    1.7950722440238507    2.920669916866037    4.400877485292453    5.935703324065088    7.024679681070267    
7.123587828348454    6.44475631967063    4.743807036073044    2.907001472176033    1.6147738179062765    1.1367763760508387    1.2058776672020601    1.2127055880346316    1.2170703148284425    1.175401937530305    0.867568201766688    0.4441723692131212    0.24111436124540214    0.34233558033425604    0.6602469670518983    0.9638102303023987    1.1317302294018683    1.1648944520125524    1.2328454619859144    1.3001913253160537    1.805122520452396    2.932354812511489    4.412579819788781    5.9712162172580365    7.050390024519575    
7.138207566114974    6.431497932129436    4.7416329568080595    2.909390673376503    1.6199803841772196    1.1425522574322573    1.2130277021179194    1.221038032733863    1.223017161181596    1.1783034146700868    0.8691784424820329    0.44469650118060833    0.240193652620132    0.3402259651190872    0.6578180465708079    0.9622949414439035    1.1311586122774409    1.163530073045656    1.2326034060387576    1.3060287006222235    1.8172740643692944    2.9441398830375674    4.425544962283802    5.9773681998750305    7.043424368059471    
7.1492782251797795    6.422876786400384    4.738643802976594    2.9137755704296175    1.6252626446396792    1.1474456376792048    1.219821710195706    1.2293767154665125    1.2293437273732524    1.182182696646181    0.8711664653221308    0.4450220830603488    0.23887034554486036    0.33783365257794673    0.65523214819988    0.9605151024911689    1.1293116415969922    1.1610055379607134    1.2316398728163602    1.3113153900071373    1.827563801323632    2.9545980634581244    4.432818688042091    5.994959944930592    7.05315359577115    
7.101407924433786    6.42141168328259    4.736676874111408    2.911872659153821    1.6255116589742746    1.1489427593406398    1.22390949167732    1.2370502509393881    1.2358759015714038    1.1864736674444085    0.8741425098042668    0.44634581056281086    0.238080682805474    0.3356949814246469    0.6526730804086751    0.9591179555467715    1.1285762614435475    1.1600012001275155    1.2331714616090454    1.3188694915546313    1.8387381965319387    2.9644193663959015    4.438311995925962    6.002440088798704    7.04699886841411    
7.1226532439351224    6.415951408759238    4.73398574589035    2.9110821224952166    1.626616764400664    1.150887820858887    1.228677884751171    1.2453455582461341    1.2426005109942493    1.1908018663303201    0.8771017177351875    0.4477403990913505    0.23758705311579584    0.3340282937859491    0.6503807997602835    0.9576250360640189    1.1277083882906236    1.1586351189957587    1.2343373666816355    1.3255556941770505    1.8492464888178988    2.9745892618641734    4.446428645472474    6.029008988171663    7.066408739364853    
7.1425002385890695    6.409394120124803    4.734332492355516    2.910788055774831    1.6268470651810123    1.1517470080901717    1.231675640400194    1.251468424549902    1.2475390505720476    1.194251130179595    0.8797458661587702    0.4489652108087395    0.23738557017220102    0.33267359895817633    0.6486744052367592    0.9566553324956215    1.1266378131171098    1.1575625678345878    1.2357346818374184    1.3313969332120434    1.8574417433903945    2.981417636051482    4.45261636437336    6.026055345544381    7.083291660132408    
7.152519143499155    6.420980996642918    4.733906446260333    2.9106964291388833    1.6263914233212244    1.1514864051648381    1.2327296445040248    1.255814536699914    1.2518885915523799    1.197507946562793    0.8820830330404726    0.45005359210210183    0.23713697237817216    0.33158718791349284    0.6477018004656228    0.9565420157980504    1.1263346474125169    1.156915304162513    1.2375418002931489    1.3368562418330951    1.8643958415097142    2.989375778985608    4.460624093049106    6.0382178307683825    7.100828487248691    
7.174752002058834    6.430847309476009    4.737463929589344    2.908817984166918    1.6245102777824811    1.1492127495414386    1.2313720238882648    1.2574165918082347    1.2548073349420386    1.2003481839262073    0.8844353621868776    0.45133286473897766    0.237342872092679    0.33118384198681294    0.6474532671715894    0.9569708074623389    1.1260562365247107    1.1564804013831929    1.2394309257825475    1.3421181382770921    1.871510317793856    2.996572090875958    4.46873878826719    6.046551949744074    7.116650419031814    
7.206015485481724    6.4495771960924415    4.739368946021736    2.9077364521325313    1.6230555124963255    1.1481083367622529    1.2313631409530597    1.2607755636662017    1.2588900361280084    1.2036025405482071    0.8865686401528514    0.45236625662967633    0.23740516274770804    0.3305838222444959    0.6470314386606348    0.9572503653733131    1.1252504735683186    1.1554578615428939    1.2397866181659822    1.3449189760037252    1.875846862604704    3.000774100278393    4.471707427750195    6.053168291117175    7.137074076596109    
7.192420673261855    6.446001183294241    4.741153507639533    2.9070366251668966    1.6223106620885779    1.1475817418660375    1.231940010253508    1.2641612563172862    1.2625042835967943    1.206562593386351    0.8885588586630602    0.4533042327078692    0.23726286883442482    0.3298783115852064    0.6466421231540316    0.9575253805280427    1.124771585030661    1.1548691321185263    1.2401198322066909    1.3467712230336313    1.878954989033107    3.0038317246345736    4.472279188839299    6.052700085490103    7.118590801370184    
7.204772671861047    6.440478445476064    4.7417567684791875    2.9077350265960553    1.622367881070545    1.1474298982094469    1.2326290726415834    1.2672475696460646    1.2659938952214873    1.2093583065983877    0.8904571691721858    0.4541545837012844    0.23704702745290154    0.3290870404869329    0.6461169843753676    0.9579106591223359    1.1245366009990931    1.1542628703391817    1.2404337262186342    1.349495147504117    1.883612003217729    3.0088951532934542    4.477168144642182    6.055110651978904    7.1395320144804995    
7.218734982977636    6.4384265703641    4.741862318996664    2.9075881284791145    1.6219629878961388    1.1466814375724836    1.2327058244535913    1.2698061715680238    1.2691977032743442    1.2120095339789219    0.8923706133324832    0.45510540549256323    0.23709240603357487    0.3284906606293252    0.645555926327509    0.9579530684727116    1.124255013502332    1.153941679795777    1.2404948780638745    1.3513160378798743    1.8869272292642043    3.0121074584026593    4.480212658943361    6.063140765960381    7.158823388503393    
7.233082565461846    6.445315273309441    4.742939990350856    2.9070577052274    1.6205369037686257    1.1448752915816751    1.2320712303378054    1.271618191862748    1.2715953838810552    1.2142290384584855    0.8940560316398497    0.4559636370870397    0.237124354389193    0.3280189440249543    0.6452406142532655    0.9582384029235947    1.1245663647959432    1.154311463221442    1.241856080839388    1.3540504397747273    1.890961395238784    3.0170631156951186    4.485954346943555    6.070743964513353    7.177595858220243    
7.238252599808592    6.454036830845905    4.744746106137947    2.9063205974348465    1.6193137738798007    1.1434059203769786    1.2317910275541983    1.2740395637930941    1.2744596467353797    1.2163628677930247    0.895492316104396    0.456723474528192    0.2372445892241783    0.3276286297396405    0.6450401941691452    0.9585024950946665    1.1247264291591401    1.1545944487706867    1.2426071607930291    1.3565051241487907    1.8946703407912775    3.0210204555589044    4.488598898748745    6.072063868393881    7.1687914813114055    
7.232738668392577    6.461498980030239    4.746133916193961    2.9053406814735516    1.6179421162790462    1.1419679843606174    1.2315481688077823    1.2762472328189107    1.277120428292217    1.2185116564473522    0.8970976198134255    0.457639197780571    0.237487669878254    0.3275015346199427    0.6450047315527525    0.9588551703976773    1.1247378854205299    1.1544323627046538    1.242979246558152    1.3584188346409254    1.897905893353108    3.0244483648428933    4.490810504415183    6.069067313787665    7.169994902002373    
