3.142005400922729    2.7287863390854876    2.2453464251075963    1.9023388511914994    0.8098288437958178    0.18129048569970854    0.21990425386504422    0.5924433335351911    0.9656439457153155    1.2727638168569704    1.7693099887201589    2.4870667982874024    3.142005400922729    2.7287863390854876    1.7693099887201589    1.1883175449286354    0.9281372696330897    0.617815659927399    0.1875549194621597    0.20458921523852389    0.7476136172805753    1.527588450196181    2.0261246817540997    2.7287863390854876    2.9002883572349396    
5.9187015687762905    5.354020509944829    4.33134643036636    2.706219906363428    1.1124734166464523    0.2841390437376196    0.30626178127062276    0.7998798254907865    1.2963038636478463    1.810630370605148    2.610540001840681    3.730339031901882    4.62044735874643    3.9033315731431926    2.6747385840997406    1.6147712108291221    1.047272619188574    0.751070795855662    0.2786023682561882    0.26965317053286414    0.933046577633546    2.2271390618578226    3.4830443313066914    4.497812472943765    5.571072360187773    
6.039497681476999    5.463121516933464    4.395914233615265    2.728486077160859    1.1112667419550615    0.28043630345017123    0.31669231260231606    0.8223437303661795    1.317672233549614    1.8615054010264067    2.684981399717079    3.8175456017959597    4.723228140106068    3.9325778673570024    2.7051200010965766    1.637776983203047    1.0661372369441682    0.7544973568328597    0.2721033954485018    0.2638394445948706    0.9255080916498136    2.2204074939959577    3.4810487640588805    4.5237430260550875    5.638313052813771    
6.129890690820009    5.482177402079733    4.423166586201158    2.740022393527416    1.1075464089442506    0.2741323640731429    0.3214904778046409    0.8390930039552922    1.3358252145253688    1.903926741976403    2.747724535332461    3.8861721157159965    4.784136249424818    3.955360304601266    2.722627900820274    1.6569536569774184    1.082834501947974    0.7587631735454522    0.26734475868706176    0.2592532521762322    0.9214921371906906    2.218476788082338    3.491787066276296    4.530182645604266    5.649236017176843    
6.15329720560154    5.554062297537337    4.453984036050895    2.7522821803897406    1.1058964005764031    0.2717873290911299    0.32766089143396454    0.8559512973485373    1.3540538301447227    1.9371408056467962    2.794890232047286    3.9415036631071847    4.82949700296436    3.9662720911116804    2.728096798087714    1.6622730971078956    1.087810211097802    0.7582856039786403    0.26305295109947635    0.25475416073352586    0.9167605513036379    2.2117146217296084    3.4779157027086787    4.517548804816691    5.637398091642201    
6.146564411771208    5.556645587307091    4.4776672038937315    2.7606637869726347    1.1060675752685467    0.27208105176305614    0.33378962966818493    0.8687181034223198    1.367287523227238    1.969819501708366    2.8420753099694624    4.000840010841744    4.8687414451913975    3.9794171927514905    2.7327426365494887    1.6677028306770363    1.0931717185566003    0.7577189862926311    0.2588503444650025    0.25075607110336195    0.9134274005293342    2.209578555474505    3.4664150591619296    4.501274600989528    5.63274694124109    
6.165902242213885    5.581235762204096    4.497661236993997    2.7684006611172367    1.1063608126568543    0.2718765595913804    0.3383376957689731    0.877773828312536    1.3737464230037184    1.990894640251951    2.8786727150281894    4.041798244237019    4.897577767147763    3.984227101998933    2.7382302145070083    1.6728475900615183    1.0972406370498313    0.7578950846915474    0.2557055837127402    0.24744800594913344    0.909181915084604    2.2024189363396425    3.4471817316716127    4.47883547869871    5.629625944080982    
6.186935666383084    5.616167362217475    4.519634810907294    2.7746609121245576    1.1054979945026688    0.2707463075165764    0.3406903163254503    0.8839344949922397    1.380047217189875    2.0107835248233146    2.9117498797574783    4.075898434507893    4.912168160639431    3.9858397856428645    2.742690019101146    1.6784566271472803    1.1013081183613314    0.7598698604379336    0.25524014554115715    0.2458097657497859    0.9067486306838204    2.199575218632563    3.4403874772176355    4.471242176512347    5.628856743412001    
6.157944604982362    5.61522638420297    4.533686660027214    2.781687762469898    1.1052219424857699    0.26991327204229726    0.34333778725406155    0.8896568602250057    1.3865170952014103    2.029740483839438    2.9438973468225305    4.109766752297722    4.930055098788079    3.992873250126368    2.7475356789854897    1.6832558099308046    1.1046954965542735    0.7610912115392526    0.25377052536510813    0.24372244608771318    0.9038887572256099    2.1957914747071814    3.429610785908751    4.459223414922719    5.608183106513631    
6.17652832282216    5.638815292570069    4.5466222840059    2.7888998611053717    1.1058692192324304    0.2699449567438787    0.3469210552533827    0.8983828041853721    1.395959893251281    2.0474868945071134    2.971601488134119    4.140775510772592    4.942849970115147    3.9936904039417436    2.7472826660540624    1.6836535762091582    1.1051774373188878    0.7605653413030921    0.25200809157504644    0.2417611912740729    0.9022245269838639    2.19387574657597    3.422543967447337    4.447137822345189    5.605437874002724    
6.195257926969467    5.650822879253814    4.556721922556383    2.793975076986435    1.1061935926369797    0.2701400834164017    0.3506395199451693    0.9065616808564728    1.4044807598571096    2.064838814832034    2.9993372795634055    4.174055806541962    4.959976719517919    3.9972280457225837    2.749320393893213    1.6854929037015993    1.1060122174300548    0.7600752241436963    0.2503133339206093    0.24033860698146675    0.9013557125708568    2.192603184761529    3.419430209568367    4.440488706712873    5.611288498313979    
6.2069896230176465    5.6676074336655065    4.568734666460338    2.7982644067688955    1.105353245990177    0.2694689886016432    0.353330216089454    0.913450691294591    1.412094227573609    2.079400734745103    3.0213700710024782    4.199696003389217    4.972925747417141    4.000854861189102    2.7501564058248413    1.686250032146614    1.106023958137173    0.7597108152368438    0.24931196260700114    0.23984699133416507    0.9013975911620545    2.191897752057519    3.416783869926605    4.434577134570787    5.613525286844983    
6.206091640625414    5.680514968657118    4.5794394624032515    2.802180915940889    1.1049609812152217    0.2689028832691789    0.35556458563039917    0.9194137246563611    1.418987363172479    2.091056365978648    3.037819760918767    4.218175147405015    4.983149061345357    4.00282645487701    2.750120132342873    1.6861362966347964    1.1052298812053754    0.7589523176941856    0.24844215147095888    0.23986232935211504    0.902062219898867    2.19298010702485    3.4146184225491023    4.430844262316734    5.611386484850498    
6.224313302777043    5.695969381386048    4.5881379609310295    2.8055838186902546    1.1044069505243488    0.26821881395225705    0.35707607820574283    0.924053551089524    1.425072272152642    2.1020373723940335    3.054348575905517    4.236346616625678    4.992382144499191    4.002883253777497    2.7488854995968564    1.6838904412609348    1.1026500854493184    0.7578725780088168    0.24833846668005877    0.2406852382714202    0.9037849320440039    2.1949096161790984    3.413842073594776    4.427164511658345    5.613816828311545    
6.2377897826474715    5.71174116811373    4.598448650918454    2.8072816240272105    1.1030182902091492    0.26686353000682944    0.35809665494911547    0.9278231103214577    1.42886020962596    2.1098979933789934    3.067161678040447    4.251462093468168    4.997556861071163    4.001565349836313    2.7481424174797753    1.6826141752481671    1.1010727704547398    0.7574321211075291    0.24867990778710589    0.24178326860058627    0.9057068696124801    2.1970887281306495    3.413738199289384    4.426591839438438    5.602389773695128    
6.242741342424238    5.716349515857487    4.602808392143012    2.8081765057656893    1.1013005865369692    0.2651783319212624    0.35848079443140424    0.9307581501174674    1.4314910528975773    2.115494990761803    3.076981532245595    4.263146527292732    5.002750197306815    4.003705313576864    2.748296530775647    1.6822041209165324    1.1001619720132976    0.7575626798474944    0.24921078245870049    0.24328173968848976    0.9079753897562954    2.1993268630334786    3.4121988011834747    4.420859818086761    5.596290936303639    
6.249779847320063    5.724686115748142    4.606789863231604    2.8095198064047304    1.099796447556073    0.2636287673604454    0.35908496744431173    0.9337736282697109    1.4347982804699686    2.122738443760866    3.089812930078813    4.276976502156843    5.011188848955346    4.0057222984447325    2.7488194407764728    1.6823058593260385    1.099528484806188    0.7576153210980532    0.24961745089881868    0.24449898352610525    0.9098145261664436    2.2010094632850814    3.414013516692587    4.420443678970735    5.590789489156557    
6.260015320112137    5.728039806884861    4.611775961993827    2.8112938897509645    1.098991911405977    0.26279328619533254    0.3600836686575253    0.9364995787432291    1.4371841082039944    2.129209083298444    3.1020896683844685    4.2920475225672705    5.0215491080336765    4.0084473146284125    2.7494315579962585    1.6819529207044361    1.0984304288352071    0.757346426142621    0.2497993617544998    0.2451912653015227    0.9110442580897626    2.2023642365845957    3.4115636052405716    4.417194849533249    5.588151965598683    
6.272348440400907    5.737103299278348    4.614416529295317    2.8127916531914705    1.098290332577793    0.2621244013852092    0.36113527653939115    0.9397734075896426    1.4406337854380729    2.1353111429063922    3.1107704728628827    4.302321250576451    5.025714089618759    4.009260089235049    2.7490452344439547    1.6804496900491963    1.0962948174589042    0.7569544240718252    0.25019131960758506    0.24586468378030524    0.9116475246406577    2.203186080684662    3.413041592266226    4.419692346062497    5.588936753236454    
6.279567616775536    5.739952425447979    4.619440049420516    2.8136757184271453    1.0973527796846918    0.2611938593917488    0.3618113479189536    0.9424783761732736    1.4433529245467276    2.141873979968943    3.1219224579896077    4.31681039983201    5.03165591544638    4.008742638886757    2.747823656612386    1.678986244721135    1.0946604917483485    0.7569708496376807    0.25080866770934745    0.24683443025710275    0.9128289640871892    2.204703989000784    3.4143002495583046    4.420312843488239    5.589498975587698    
6.271140412252083    5.744525867185161    4.624704056451412    2.8152595455766574    1.0966968035968785    0.26056284812280084    0.3626183279303746    0.9449014939333001    1.4456600119413074    2.147097824066929    3.130446530418861    4.326048589052255    5.034932475121865    4.009713026521997    2.747586023398363    1.6774963867363908    1.0930346189640698    0.7570059981315301    0.2514354348294904    0.24780209054787983    0.9138553914124202    2.2063112931323245    3.4163424398140263    4.420797248545306    5.588582830488197    
