0.20576962428647994    0.5187054340550177    1.1363815440546126    1.7103698200727089    2.698932838440973    2.870434856590425    3.525363470972836    3.1121519002782145    2.457213297642888    1.517945660735919    0.8427870242449714    0.31811423463975896    0.196736727453305    0.3208678642963293    0.7920193809928148    1.517945660735919    2.215492924463082    3.525363470972836    9.426298551140183    2.457213297642888    2.5659050996886825    1.630763936881856    0.9594820196136425    0.44635497987691053    0.22896943037477274    
0.3616363236257258    0.7164665967796111    1.5143100271154737    2.786466278039017    4.262493914313483    5.420479157315101    5.9036454063440535    5.393731531197137    4.101840450218787    2.540347022544019    1.2207203862496896    0.43388943773190886    0.21799060216583988    0.5313199787971088    1.3484066827210923    2.590343911462424    4.093934543586802    5.403549003315576    5.747667699064277    5.29863724168959    4.218525408971175    2.764842735281559    1.497263415936944    0.6856949908307207    0.32858074553927613    
0.364869071337554    0.722421392346537    1.5254356360191739    2.8043110221260474    4.305947205975719    5.494641901636344    5.939322293379511    5.4242745274430275    4.097447891012879    2.5276831617213555    1.2097643338364104    0.4259294093455005    0.21561294075947102    0.5290926928876301    1.340979088971331    2.591550458739848    4.109384040107527    5.4381498734060845    5.866945395527646    5.350895536578927    4.215400159310963    2.7871534574166255    1.5169684098795633    0.7018438542724418    0.338410486730509    
0.36551816037501594    0.718802180008134    1.5231653487926378    2.80531030322556    4.301217045723141    5.495366289756341    5.990400423993669    5.451992921264139    4.102312018360761    2.521465223394228    1.2045122297029973    0.42297837578718145    0.21626898965447902    0.5303916140402465    1.3379822393828533    2.591965809019193    4.125587884758523    5.426872044035451    5.881293182989141    5.384310445393641    4.231304837088397    2.800993903262328    1.5299273473241577    0.7135083847181776    0.3454308800296188    
0.3658271038238082    0.714874943215038    1.5174405046288577    2.8026587928927884    4.297721802730425    5.487082225643919    5.978409947918341    5.473830096314604    4.105570369427797    2.5194614240207462    1.2015469061459843    0.42070076065014367    0.21592223597552865    0.5307366880476447    1.33624459433824    2.591079354234579    4.127889809485601    5.438759650950979    5.911146313509059    5.414396771342404    4.244691066715704    2.8155045056066785    1.5423543244984186    0.722812417819742    0.3507527619931196    
0.36810419478083184    0.7148517847586916    1.5168989443838568    2.8022036920941673    4.298507116511067    5.4829037191025    5.964322201917251    5.483606708585387    4.110160123914463    2.5164274101560267    1.1966052664158722    0.4172501241315632    0.21432052319647477    0.5293935515797872    1.3330199347712004    2.587170391017847    4.132578917681535    5.444638609398088    5.922867010023627    5.427828895518753    4.260255291427621    2.8302790688600963    1.5561015852358997    0.7322496505031358    0.35679408179363553    
0.37004479560868875    0.7145328070708166    1.516627955408725    2.8040769076213787    4.300945518333183    5.510765723019629    5.964884355983647    5.483260588685346    4.109162548944409    2.513668844950429    1.1922849892786236    0.41349986683418755    0.21243191827205626    0.5280673024711492    1.328897456216748    2.5822560997772    4.129375675057553    5.457143689319613    5.9514196380219495    5.4273757230449915    4.271840822575335    2.8442212491773438    1.5681389805711112    0.7408897480569516    0.36225725623693195    
0.37181236513270594    0.7134860334728834    1.5136077317210643    2.7997447967079125    4.295636638115374    5.509676219245128    5.944303140551304    5.468647243985702    4.106635366419129    2.510776938759445    1.1878009802799332    0.40874584961664495    0.20911955273894695    0.5254911643238509    1.3252747867011005    2.5793997114864995    4.129536140603573    5.478393981612589    5.979280229910381    5.448494213409751    4.286861686940226    2.8561033869670838    1.5797614025849214    0.7493879499029605    0.3673408940693604    
0.37436278699714387    0.7129783759084504    1.5115249257887287    2.799183038766487    4.29761584114043    5.513670600604058    5.939315013709255    5.476721402286744    4.108195598014966    2.507757809595626    1.184182875951573    0.404611558700124    0.20584071712056956    0.5232571227162361    1.32261371414775    2.5771585165476423    4.129113674445992    5.4774812875102015    5.994533861914387    5.466743308057592    4.299084978544069    2.869575148282319    1.5916036988881987    0.7577568135223028    0.37268609047629125    
0.37690881672041127    0.7131313139634178    1.5102167980675238    2.7982777609407936    4.295583484307384    5.511446213792256    5.945672597838299    5.485907375524891    4.110658829330794    2.5057514068488658    1.1802755535750566    0.4000487654833333    0.2021896350311212    0.520472254594462    1.3200153137873483    2.575760192097319    4.133183079562811    5.483146932194032    5.998394875530048    5.480666133345994    4.313385196038717    2.881070576669458    1.6013494578861223    0.7650469420069697    0.37750571806475564    
0.3803283471898505    0.7149743365283673    1.5111231759614894    2.7992421994871286    4.2989871429480795    5.518963161183631    5.946351961551341    5.488541551888405    4.107396139553294    2.5029888295645137    1.1759541599506735    0.3952042862276936    0.19800474649439145    0.5173657432068638    1.317022574137117    2.5734778218412147    4.135063822890324    5.49674271123424    6.015520134295423    5.500208487859906    4.321282724288392    2.8902176492145943    1.6102095209041674    0.7722758511061856    0.38276104870951505    
0.38373932405615846    0.7168532226261259    1.5119495026090837    2.799831652164576    4.299426399581395    5.507997728462097    5.9509117793850805    5.488109680455218    4.105840227094572    2.498783636563569    1.1719131459433032    0.39116774492293516    0.19460373435187125    0.5144769694791448    1.3132360982841165    2.570042990399944    4.134189949558233    5.490607646927049    6.019113897276618    5.509850441748999    4.332526896025876    2.900449004037111    1.6182518437837183    0.7785753708291507    0.3875015888462264    
0.38692837218410725    0.7192188759398407    1.5137969976239354    2.802080262771557    4.303624926963667    5.51312180101521    5.958927942650235    5.489663977447691    4.1028424953799725    2.495582941406387    1.1677676503676746    0.3874627929400098    0.1914713633302367    0.5115392341868816    1.3093595611111148    2.566669980405486    4.132848072447585    5.492070676058405    6.020810526883948    5.519225585398939    4.3412993514848965    2.9070177582733807    1.6243562481328155    0.7836236510029814    0.3916537127104856    
0.3910570563053959    0.7228306234822711    1.5170214245231384    2.805754775968006    4.306843268646926    5.513743731558388    5.9569729960185365    5.485709207366844    4.099772169600478    2.49117343428747    1.1631165164436879    0.3833877289386702    0.18792637603165124    0.5085406779543644    1.3061820733412    2.5634778326412238    4.129147143183127    5.4959756595692255    6.036538136080358    5.53222244796663    4.350377557671285    2.9142460177485394    1.6311854552037381    0.7890914577344187    0.39626977761205817    
0.39504450315656847    0.7256410615111092    1.5189603252086443    2.807704952120028    4.308340314837727    5.509491882064403    5.944306420257775    5.484091040964197    4.09535986515228    2.4875914520718947    1.1592222108933412    0.3794725044508439    0.18438112524432743    0.5055823867826591    1.3030480241132267    2.5600871555761784    4.125810415004403    5.489287782556536    6.036956415713034    5.537942336799725    4.358994217632327    2.921764292030675    1.6381007727744812    0.7948308129543141    0.40109467797047893    
0.3980506040681247    0.7280018125694709    1.5210101394841553    2.809868504528393    4.309904619518216    5.51299801209056    5.946822735479589    5.486621664809867    4.0923205219256715    2.484081289560694    1.156033241177169    0.3762904614278489    0.1815622336586457    0.5033957912800822    1.300878913698213    2.557827965391217    4.1223149630506875    5.496010740328098    6.041117570502325    5.538315796511689    4.365243256087051    2.928393097171786    1.6438633665909985    0.7993776745024621    0.40483483796798486    
0.40094875951080355    0.7307515822865776    1.5236328366604326    2.8126155118327403    4.313608656733551    5.516963859225689    5.953098971849087    5.488096066652624    4.0898852412878135    2.4818358668349845    1.1531782656317109    0.37326721541182295    0.1788944555573347    0.5013029912512831    1.299120930480047    2.5562887812540054    4.121554654391435    5.490572649715379    6.032871950857172    5.540614004434059    4.369928161130441    2.9339985360765115    1.6489211388091647    0.8031841925234859    0.4080172109331253    
0.4043789172821092    0.7340391972085923    1.5271399527560903    2.8166150338555163    4.319956575305428    5.523387483069949    5.958374587416228    5.491780238253768    4.088549550982555    2.479111611441983    1.1500585723380818    0.37017558384565913    0.17606267798460248    0.4989520803172147    1.2970173779924956    2.55460540385726    4.12028502221999    5.492761426804429    6.034126193796226    5.54115466481152    4.374984550558705    2.9400130992272318    1.654001884711672    0.8072083713034436    0.4114263985345198    
0.4078026520648599    0.7370510541873183    1.5299965584683328    2.8194195962278585    4.323099347891191    5.527305648221718    5.968735809174397    5.490697828350499    4.086360024831924    2.4760657618134587    1.1467712310553368    0.3670456208148849    0.1730926526356411    0.4966955422002592    1.2952648137629874    2.553549549413876    4.120996634268379    5.4952986101203445    6.036598185535896    5.547802303046898    4.380952120900184    2.9462184182858726    1.6595200282834905    0.8114204330195905    0.4151096842282099    
0.41149549537346375    0.7406389901175047    1.5331840235854768    2.823112601775796    4.327825381594018    5.530264595172588    5.972593752873475    5.492302063436178    4.0842839915973075    2.473173857003827    1.1435142063252794    0.36380254254126065    0.17019464817090962    0.49442657698490006    1.292898705655959    2.5512189905810008    4.120274120922416    5.497424414535191    6.048256573758729    5.55953416343559    4.388071970045381    2.9525132313461837    1.6653288976617358    0.8159345057046635    0.4190200046223473    
0.41510999562952944    0.7440383036211909    1.5364002048751502    2.82654714048354    4.331503602161559    5.532206183156835    5.979272851150686    5.4931538367415955    4.082486371001233    2.4699676918298983    1.1403108578290295    0.36062957247787997    0.1673482509651553    0.49206835849226294    1.2908494711129122    2.549858230241422    4.118607119941824    5.497631497225958    6.047271706688505    5.5651577406156445    4.395495503760865    2.95930567418255    1.671301933469151    0.8206266611508906    0.42299447768253096    
