0.20123606795034993    0.4100126653647109    1.1047196241327182    1.6826365171050104    2.5659050996886825    3.525363470972836    9.426298551140183    3.525363470972836    3.1121519002782145    2.0439892415536747    0.9514797585653999    0.3208678642963293    0.0846915851869634    0.25065035705197847    0.9514797585653999    1.8022680359863368    2.870434856590425    3.525363470972836    9.426298551140183    3.525363470972836    3.1121519002782145    1.8022680359863368    1.0649609343699322    0.48143331605889483    0.23610915378874953    
0.2779606376558886    0.772855408837643    1.7857908356645067    3.2110132489354997    4.746148670520558    6.084273840623534    6.362826944024556    5.803433900439351    4.434022158294414    2.841972211068616    1.4124398764945711    0.4929110019637598    0.18717440193325713    0.4927306828953565    1.383386700853719    2.76990623899066    4.310895982879545    5.515999101407828    6.1586468539811925    5.938791436545196    4.772024032187893    3.174658464036864    1.7083202003257936    0.7325781788712191    0.26465542322437785    
0.27603502883572617    0.7757235293103538    1.8017582221602235    3.260816447079452    4.836922993655965    6.17831604411289    6.396904485361288    5.797710974934138    4.444771824110359    2.8445326685992387    1.4149513067757444    0.49583507706426555    0.19119734485638784    0.49912594891079476    1.391765934276273    2.777624605230228    4.33474792411963    5.569056008956017    6.219800899138979    6.0122468551470405    4.814008607869142    3.1890591395068095    1.7136788293661007    0.7337017956863251    0.26276755619722575    
0.2743646095333389    0.7756200271065445    1.8064378607175542    3.2789551874183784    4.872274075014772    6.199199164411194    6.503075658688707    5.8235821753706665    4.4612603401209965    2.8565739439202695    1.4195747907876257    0.49840502288440186    0.19456627482011574    0.5042625207750352    1.4002720249471634    2.791353981990414    4.357202552730719    5.627355290339863    6.221336604958036    5.991778215812204    4.837751249593721    3.194111089698948    1.7174993344705693    0.7347946357393217    0.26147499907283156    
0.2724257303534297    0.7752357399944563    1.8099205025229397    3.290824834253807    4.901675047922167    6.211293834048831    6.51644325453078    5.832246292716113    4.469223674163694    2.8639265463196986    1.4215408049202167    0.49988289006818165    0.19693213480581812    0.5085532849322206    1.4050498403409089    2.795826845489848    4.366093189037528    5.63481234592261    6.2659710387724505    6.016464093813048    4.85411326144704    3.202315015535824    1.7209782353415688    0.7356909126453897    0.2602454556017247    
0.27032847585028286    0.7744799252263086    1.8117548638472845    3.3013213500175502    4.928152258058979    6.262193376683443    6.556689243049702    5.8502312514492525    4.488238512954441    2.87322388698288    1.4263093424040114    0.5027573998350077    0.20009745518761407    0.5131258193418139    1.4116023246960652    2.803989473525871    4.380325219467768    5.646894806247459    6.273993824905955    6.015813991754774    4.8724959138037836    3.2094291254867167    1.7222809777803203    0.7351190642414549    0.2583545989124372    
0.26757323952315165    0.7717760441290403    1.8116104590776319    3.308981354087029    4.943367300665911    6.240485109735638    6.5542437921148125    5.833088236288349    4.492977456818355    2.8799629374509004    1.430680239075591    0.5062240007307076    0.2031166907230934    0.5165995398541878    1.4154820347913162    2.808323191522444    4.387287205438147    5.654361978935681    6.278118014743436    6.042582280882476    4.890119990515166    3.214958471109814    1.7238771855425026    0.7352331517400129    0.2567179425610183    
0.2638720865904583    0.7684271643331789    1.8100545208899992    3.3141344127848935    4.959447056284074    6.239641263203741    6.567939612526475    5.841123086772965    4.497047704541124    2.8832991755235695    1.433099128470642    0.5083504943655206    0.20523417880025696    0.5193633789434312    1.4188226347133606    2.813259777782527    4.395293609530065    5.669298550641762    6.307971901200938    6.067568159043126    4.901149697681907    3.219226878536983    1.7269823629295644    0.735852428333044    0.25428221074397483    
0.26109920386941604    0.7657495693397843    1.8091368698940022    3.3196534284228636    4.964802293348882    6.252171692986664    6.583622108000302    5.852243616147919    4.506985913263644    2.8880324981676138    1.4358890214057287    0.510459039956969    0.20742143513086986    0.5222350068650392    1.4225361864407553    2.817726598460856    4.402374420772473    5.680918695290216    6.321479822792191    6.092462747730251    4.911541771194476    3.224040324614222    1.7287799327138522    0.7362664447325511    0.25277895083832075    
0.25812898727723227    0.7632860158478645    1.8086273483630468    3.3232299645153174    4.979760031209807    6.270504720192207    6.5697591922022225    5.849911134848328    4.512287110004783    2.892603128738751    1.4384590884804866    0.5124972287563963    0.20938404499057256    0.5248460930978159    1.4253972994725248    2.820880274979891    4.405370084794096    5.6866198986731735    6.342624108501104    6.120795161717735    4.92640565793287    3.2267127991119287    1.7296856472166846    0.7357824829518164    0.25051684961872867    
0.2553354990778055    0.7608880637112873    1.8076752383682395    3.326328323201177    4.988632787870532    6.2605963032086045    6.566228341415395    5.8411448085495214    4.51867903818574    2.89786719990297    1.4418602157218752    0.5149529430180017    0.21142304602639148    0.5272340264622986    1.4283983610705915    2.823382279717343    4.411035661129716    5.695276359567773    6.355057511452618    6.138678701889206    4.938083786111791    3.2298851768033767    1.7307061521668854    0.7352106154826338    0.24842998234376215    
0.2531194349354685    0.7590715110806938    1.8070414659483294    3.3287007577244774    5.00027313838393    6.284937233330869    6.585954343224457    5.85283278004128    4.524395024406629    2.902392256741629    1.4451346690388978    0.5170948499219419    0.21317591062154972    0.5293582164245634    1.4306965875086395    2.8252268955098723    4.415642109427583    5.704152238815702    6.374511101036985    6.158735859352067    4.942775058710653    3.232641682036902    1.7314228126267008    0.7347309780959829    0.24677964415901785    
0.25086586480365775    0.7570196656340337    1.805681818019665    3.3290872872481447    5.005193937068113    6.291053654444907    6.59816001716845    5.8573211055672285    4.527293996522559    2.9055208327325732    1.4480923508163093    0.5194488287463653    0.21490363318659592    0.5314296550326023    1.4331772361223665    2.8277136513185206    4.421198824104265    5.7145887793010575    6.3906167810522545    6.1639086896658135    4.942903931318802    3.233854409844522    1.731416130090855    0.7339231926712407    0.24488958493280427    
0.24883758330629063    0.7550804364692177    1.8043764424812114    3.329334622483013    5.008232603929146    6.287121919974129    6.611348941706241    5.861764482871357    4.529823696630609    2.9091028172835243    1.4514853564331656    0.5220151550576562    0.21689205783282317    0.5335618761249321    1.4359450491331094    2.831132694236587    4.426817374689328    5.717716111725992    6.407336152961852    6.173928053708581    4.944371610792175    3.234074269703137    1.7316732953261482    0.7333276368039617    0.24325302695944867    
0.24666524982718524    0.7528592005941451    1.8024632121045736    3.3283079056435274    5.009462471732301    6.298275888430989    6.611029907990767    5.86815505278788    4.534370901033716    2.913497351927146    1.4550148730321724    0.5247966859341541    0.2190845291135039    0.5356734365861412    1.4385049458776291    2.8338161448388193    4.431104785833994    5.728640583839457    6.411839981741579    6.174749101881805    4.942350871100235    3.2350938200977266    1.7315698465235854    0.7325796183044018    0.24154952275846792    
0.24446400985210073    0.750593814785889    1.8004557149692413    3.326875273504764    5.01055745734782    6.289719099341605    6.590358558916231    5.8620788284654415    4.5367308244437945    2.9173140997326574    1.458345254862955    0.5273948901764267    0.22134552639645522    0.5382258003936464    1.4412497041749999    2.8363237825582566    4.434561702032339    5.73224501755546    6.413722343232317    6.177071143589953    4.9406689191373445    3.2351830371041266    1.730974594786484    0.7314535922737506    0.23968154265072797    
0.24216887173946666    0.7480559769173428    1.7976732353500076    3.325214491659778    5.0164941052076415    6.305741686020326    6.5959302694039685    5.86839153409075    4.542203976191185    2.9222416860813976    1.4615219143109939    0.5297720708644115    0.22365777369813405    0.5407995621403475    1.4441064811959192    2.8397294356423046    4.440304088567911    5.738733228576607    6.422463669548089    6.181607377058904    4.9444545139698075    3.236714042532073    1.7306345196638386    0.730446405741162    0.23791328608363027    
0.23991721642264932    0.7455348414424269    1.7953303923759063    3.322923089150783    5.014382088363469    6.3039717670076625    6.59628658577617    5.872687170398958    4.547906571690627    2.926945610112692    1.465154014883367    0.5324574987296624    0.2260801561749541    0.5435157807869802    1.4473507715898355    2.8436703044515954    4.4451657482139595    5.742884601201802    6.426404057151026    6.179433541193566    4.941055477273879    3.2362100913357166    1.7299321043556426    0.7292923821264986    0.23613762456716272    
0.23774756077799059    0.7432614406350176    1.793129987766865    3.3210493953078113    5.015299704423315    6.31151391426251    6.600081058453642    5.878087524775323    4.551625295425919    2.931134108680653    1.4682715244837845    0.5349070097817556    0.22848935663612313    0.5461288844923085    1.4503342318450094    2.846498228642259    4.446561410793181    5.744842379513251    6.422532582910137    6.182562465505616    4.941889163178149    3.235960022165658    1.7293961929362405    0.7282333858983006    0.23440639382342252    
0.23558520210959694    0.7409258183671283    1.7909781291049425    3.319878094194416    5.014731710214537    6.311531536035444    6.594776132260216    5.884002473202995    4.555111651692397    2.9351146877465752    1.471590486159019    0.5377571111451638    0.2312000358152067    0.5490465441081553    1.4533388790451083    2.8490212212021966    4.448444956625808    5.741737546139889    6.416778662583841    6.17975876491725    4.940882329371701    3.2358823215953545    1.7289187447920233    0.727105344536989    0.23258291960581134    
0.23352521155178155    0.738957830684091    1.7890861970012961    3.3197494627858677    5.019072178160829    6.310216680057163    6.600389313387838    5.884834197126386    4.55903320377698    2.939626095670973    1.4751480615222292    0.5405385714742728    0.23380851993778026    0.5519938716275016    1.4563478773366336    2.8516725864850234    4.451560967457882    5.747056854522414    6.426187527920708    6.185002524268341    4.94203829091264    3.2361578452260087    1.7282066920137729    0.7258344327169564    0.2307082019855665    
