3.525363470972836    2.870434856590425    2.870434856590425    1.836343492288338    0.7285996811935929    0.13707099362193742    0.23610915378874953    0.5187054340550177    0.9130045052842765    1.3115099568089246    2.0439892415536747    2.2857100309265204    3.525363470972836    2.0958617082689956    2.0958617082689956    1.1813960762107163    0.8768625588898787    0.45320746597660333    0.1556059516555629    0.24091691999328013    0.6813023179110279    1.4058366385074335    2.457213297642888    2.698932838440973    3.525363470972836    
6.442639080293043    5.663649332954178    4.4226048248158225    2.6398659962534534    1.062873833347651    0.2859285394932831    0.3086488538728643    0.8032419115014494    1.3295577851274616    1.89135606764768    2.8178562143769    3.986521549777586    4.615605421424278    3.79916817267561    2.6261040782208274    1.640851970276939    1.0619091757016064    0.7280393675204813    0.2895033085353094    0.31874359572501604    1.000396615478165    2.281259796165228    3.58058758482324    4.693280864707886    5.825079497501186    
6.285236394043124    5.694443913063581    4.478075691340727    2.648903731477506    1.0663873729747517    0.28870622299864346    0.3152661501586447    0.8049861889278593    1.3266883840182102    1.9194529523107147    2.8707368913994107    4.04652382240737    4.691714788389778    3.8177874668971667    2.6368609256901596    1.6509980785928853    1.072719764985448    0.7317637729467379    0.2871523616468442    0.31548254035961165    0.9987470794379827    2.2814881336395474    3.5971834695772826    4.706876593213207    5.77945143643595    
6.342291016648263    5.717594635466707    4.501292403979347    2.659178720769003    1.0712390506953255    0.2903815766451999    0.32095028793976565    0.8069220236084156    1.3213127599777954    1.925828641163909    2.885470188143939    4.083382801683194    4.720263395357696    3.83354358057411    2.648119970086553    1.6590278339777424    1.079892446290557    0.7330205579915557    0.284844460463757    0.3149367099625172    0.9994419389351187    2.282642720437087    3.59239668555655    4.692381949856489    5.767999173914626    
6.365206868672987    5.729495368107637    4.507404431229476    2.6691354939307472    1.075548197299849    0.29273545573731463    0.3253795659918838    0.8085970051393537    1.3150950247087527    1.9264460425969487    2.8960502710161133    4.1026312571922    4.748361202574234    3.8446282734336332    2.655533775034594    1.662098342612197    1.0823535057322715    0.7314100319895125    0.28269563967481914    0.3145327153497852    0.9998323992881357    2.2854729540708627    3.595769984796144    4.690057292670223    5.753159809903939    
6.3625204705609395    5.747552952569127    4.524742500008935    2.6767339093346294    1.0778276420194606    0.2927370869899948    0.3274292384435096    0.809396292949831    1.3098816278542655    1.9256654320055095    2.9000680444574423    4.11286662434952    4.761815334391258    3.852556981307308    2.659098329106353    1.6646948688678764    1.0854156410245568    0.7330480774789783    0.28319583103991064    0.3159469763456524    1.001648812915296    2.2869303659795412    3.594087192743964    4.685430009662687    5.731614005159719    
6.384288949587984    5.758104211886277    4.535033239728803    2.6819945230253706    1.078999925124346    0.2916382799643805    0.3288862878432191    0.810421675797668    1.3054069339604137    1.927053099014776    2.9063524938259286    4.120024474187071    4.7739960303970275    3.8601286988449477    2.662864442010041    1.6682790368035962    1.0893477739458317    0.73501264787211    0.2836591568731995    0.31654776342130425    1.0023864814890016    2.2879563585830622    3.5937542658022656    4.689826609359895    5.74298766931627    
6.39651212050301    5.769286101884807    4.5432950676656745    2.688016200865796    1.079221539086502    0.2893648110144708    0.3291973428641576    0.8113220446418123    1.2989804079934388    1.9228321571806257    2.906669377854959    4.124495314041373    4.7769803409589    3.8603733959998205    2.6633759937449493    1.6688898162354209    1.0908769352271213    0.7359797797628006    0.2839538760769107    0.3173170109193327    1.003268188647891    2.2884544586738125    3.596515909894363    4.694386043389529    5.7473548210622525    
6.406591090806436    5.790941541880445    4.560263928360646    2.6931358721368355    1.0791021375767404    0.2873409233022085    0.3298847134006161    0.813322250636112    1.2948716467215724    1.9199542791383097    2.907076324699042    4.131202138736151    4.788134841989441    3.861144309052851    2.6650520753981652    1.670047899869541    1.0923087974510848    0.736899187981351    0.2844355704385693    0.3185067398494679    1.0048514948638108    2.2900618279655247    3.594915499519937    4.6825061395453265    5.74328021263691    
6.424802634569896    5.809049807373686    4.575258457994421    2.698952131250822    1.0788473601998259    0.28464201524959687    0.3293604003515869    0.8141803625289361    1.2929767632028093    1.9217955437414609    2.9134522164460774    4.141646602067367    4.798704236816927    3.866934084786131    2.668133719568731    1.6713477276353799    1.093164194963199    0.7373081432793814    0.284825752159179    0.319523583284747    1.0063303097812675    2.2919707051390703    3.5955068334297295    4.679263100431983    5.728111730920408    
6.418436218386529    5.81685497064529    4.5820656787156535    2.703370352837354    1.0784686040986522    0.28208657299976647    0.32874201208229775    0.8144014322759233    1.2904098429512827    1.9229181560922484    2.9175590589049056    4.147861697544387    4.8064312969295635    3.867969940082313    2.6673125655474177    1.6702406599908617    1.0928069361418917    0.7381157296867499    0.28620028822606536    0.32120262684907386    1.0080075650230993    2.292201648090522    3.5905374740010014    4.669226899040619    5.724929824497395    
6.413931751288251    5.825238664222256    4.592238162490439    2.707842008099809    1.0780787384480242    0.27972577554935874    0.3277098778250752    0.8132379637085014    1.2864626900006932    1.9209855815363963    2.9182974464479132    4.1488816172117255    4.811075566361053    3.872421700216164    2.6690225118632527    1.6708827769724854    1.093895364700565    0.7395359586637389    0.28771242601122526    0.3232497041367359    1.0104048323417454    2.2959218618947403    3.5971942674132    4.6726885785783345    5.730157008596788    
6.41698332479482    5.828030897354609    4.592915581478025    2.7116475519919767    1.0772484441781232    0.277146414682647    0.3264904460356974    0.8118557954874049    1.282330000928111    1.9197344598166233    2.9185378760343346    4.149852635892265    4.813994665320886    3.874012713932257    2.6706708302808573    1.6733030474128254    1.09650860185211    0.7417960700046733    0.2892962750606274    0.32470382221050165    1.011702835260095    2.296189552353727    3.5902991392153414    4.665726461640276    5.727581467239554    
6.418486141779936    5.8368639649329275    4.5981989357838176    2.715058025015591    1.0764276856803074    0.2745249575710539    0.3251629885355093    0.8110015766597959    1.2791727588869373    1.9192158154053627    2.9210404198558555    4.154592062471925    4.819832338176619    3.874747154379846    2.6712251464925894    1.6742515990571454    1.0981220134129062    0.7441042914630228    0.29159211875957847    0.32666683255740403    1.0132608313376017    2.297683553300895    3.5902583411047333    4.670522821219227    5.7342129881473145    
6.412658199699423    5.844645977970576    4.606991076104382    2.71827010253276    1.0755535068078854    0.2719924461842468    0.3239753641761031    0.8106556966085677    1.2760849442295963    1.9163070087209506    2.9190630798916186    4.1574310508054015    4.825476288035409    3.874635038280611    2.6714661673765256    1.6743029635519353    1.0987773383975885    0.7457252079000891    0.29373252263435007    0.3288752448567132    1.0155041689860682    2.2994110832023433    3.5898217411000606    4.666096084554536    5.73145929119973    
6.411222629765946    5.85661502511396    4.611554680532752    2.720176774775923    1.073900932660638    0.26907713808021216    0.32243082849298493    0.8106665719031314    1.2751725522167199    1.9165517523133282    2.9206501036162305    4.160188641032303    4.8306620473441235    3.875957997863559    2.673821559109842    1.6762961591602792    1.100488498914968    0.7475496798592156    0.2956110322150684    0.3307841523417297    1.0172496861331481    2.30074053730608    3.589370373197454    4.664756126080885    5.727538327881863    
6.4234573013580745    5.8617653629381685    4.613581888380967    2.7215075256016568    1.072253805689675    0.2663549741325889    0.3209609690540022    0.810544784526985    1.2741016890121488    1.917068358574275    2.922785494823795    4.165952500954449    4.835575187763532    3.879132808991082    2.6748499860177524    1.6769964935254102    1.1015323088490583    0.7496089521621123    0.2976971435923753    0.3325652515824991    1.0182669275689007    2.30128697224252    3.5907888994784605    4.665947726007509    5.737892921951646    
6.430114258643336    5.855070489399484    4.614346121912191    2.7215776635442683    1.0699584370388544    0.26332205469619907    0.31945004794081133    0.8105112990649794    1.2733639730606634    1.9183613844794845    2.925710615842657    4.169994964029779    4.837950118867004    3.8812962058775464    2.6761396835651485    1.6780427157210587    1.1027016147212823    0.7517387773846756    0.3000271814631533    0.33467683498224005    1.0200206010028956    2.3027196616459698    3.590247586131194    4.668279421247221    5.74430050583659    
6.440987249447196    5.862507752980798    4.618042240054973    2.721929210680233    1.0675794417563824    0.25987199199708333    0.31776325996000404    0.8104457159181851    1.2718848667156983    1.9168690759814337    2.9240740834173757    4.16803761982637    4.838339933695946    3.8848950644449096    2.67914903192422    1.680526331549833    1.105347535186581    0.7545325791363383    0.3025492937584497    0.3367081685276806    1.0216948159313226    2.3047737818019076    3.592228099985943    4.664736856807608    5.744220018913946    
6.43657350694171    5.8720278267216806    4.62376565079394    2.722255369348359    1.0648038174942054    0.2561977514532485    0.3157989048726951    0.8098112294071718    1.2704015305775482    1.917712023306212    2.927084954281507    4.172499995703741    4.842804340683835    3.887437453692297    2.6818588877762948    1.6838344183593659    1.1087341947183524    0.7578399937486916    0.3054411007743572    0.33919382203073567    1.0235978300736701    2.306333053466438    3.591198242907489    4.6647073043191085    5.735935414876385    
6.44631706205801    5.876396403761191    4.627197853886829    2.7232210800830785    1.0623932260984945    0.2528587381763131    0.3141167774363554    0.8092042635620762    1.2685317464270267    1.9178087192611353    2.929016252592214    4.177328641186853    4.847565485047526    3.888695233316718    2.6843140796586713    1.6866840070222966    1.1115637509450353    0.7609322152121896    0.30819764969415564    0.34157287613277304    1.0255227357199737    2.307622044695007    3.5908022382238767    4.664654010028848    5.744100790287783    
