0.09594021710892492    0.4229731700646491    1.2694106448930507    2.870434856590425    3.1121519002782145    9.426298551140183    9.426298551140183    9.426298551140183    3.1121519002782145    2.870434856590425    1.0098917078024572    0.25065035705197847    0.0    0.23610915378874953    1.0187238612727874    2.365315557379326    3.525363470972836    3.525363470972836    9.426298551140183    3.525363470972836    3.525363470972836    2.698932838440973    1.3727081679267976    0.6813023179110279    0.16191457976834284    
0.213281490615922    0.7875943170525898    1.9694026704540866    3.727394759153105    5.74387710341297    7.764742324461033    8.259587027657082    7.460262876513432    5.482725072695356    3.3327274363213    1.5721068641187466    0.47615849609991534    0.10268092447084862    0.4693570816814158    1.5441070650497954    3.184483988123284    5.1511518045692375    7.120162329805824    7.829239409532294    7.246735639810456    6.246026391430816    4.256937734617449    2.3254834394515376    0.9610288244450318    0.264540792870215    
0.21492921269586884    0.7911132481580078    1.9772833636757396    3.7349227095085946    5.762087335999783    7.634955954187953    8.406532678917886    7.364057222928429    5.504524122462758    3.328060311434405    1.573926935282516    0.47763814479703803    0.10484985905324529    0.47293818100547436    1.5499122731160806    3.1941815813449037    5.141892304196154    7.047746324109268    7.971564386375359    7.562034940787108    6.3347597326184575    4.277332524941541    2.330655525006038    0.9632419748437723    0.26551576243719643    
0.21639137324803379    0.7928889346125698    1.9813651508783994    3.7424011552659087    5.810718265537931    7.637980844554999    8.118907349516627    7.370054909464528    5.50078970153493    3.3328302523681277    1.5750386647419647    0.47859595292754564    0.10614128208979909    0.4757183884316936    1.555284067496943    3.209005944830997    5.167424588648445    7.083930517753052    8.060721879544852    7.695199396328366    6.366685142243427    4.285226274467296    2.334451059816112    0.9653700750858759    0.26668656606030616    
0.21691285327751444    0.7931850061362284    1.9838099486853937    3.7469181361403807    5.793703421992418    7.690909830872707    8.124451247897031    7.321746528231901    5.515955665941028    3.3310680480573054    1.5754558305581972    0.47885037631301025    0.1070780229382671    0.4785111030752189    1.560040360221832    3.2161767471052864    5.17848798046538    6.99714905532204    8.115283124504284    7.677663895430651    6.356811980281287    4.288484975589631    2.336828385924678    0.9657092042943008    0.2671827700464563    
0.2175219561606871    0.7945677918715619    1.9863317180998725    3.7536437189189398    5.797800234722101    7.729287469192972    8.182686445260398    7.355927604338323    5.519997210659106    3.333542466211641    1.5775000255871676    0.4800507345228001    0.10845912634172494    0.4809776415756274    1.563584474081509    3.222790716214798    5.184195751325348    6.9950203788885    8.1666344757073    7.705070169617492    6.366953527920959    4.288285231844765    2.3369905819336796    0.9655083104076566    0.2670374797098237    
0.21776167453400735    0.7955619291967643    1.9893194437071458    3.757041085884311    5.811962050701772    7.751270007002515    8.121612994815557    7.317927690226658    5.522640901885502    3.3386725746746126    1.5795053673730417    0.4810280406371556    0.10940704936070092    0.4825197365697953    1.566283104000147    3.228211312237285    5.1895186896263965    7.0214102681733    8.063427510559732    7.719303500159509    6.371009727779838    4.2888632311689285    2.336955646427979    0.9648168115683452    0.2668621299975926    
0.21735132528759327    0.7951974885922193    1.9898836685073042    3.759352938721631    5.824443979941162    7.775588938732141    8.2027704504979    7.322380647088218    5.524206426023917    3.3408775965270583    1.5805745482302782    0.4813296352437913    0.10950286772091121    0.4830355841112034    1.5674061552712348    3.2308331498205667    5.201145700684878    7.039087407930813    8.148300003318452    7.799522726424502    6.369290611347828    4.2893363188442235    2.3367254838268434    0.9637495826722112    0.2662008905238278    
0.21736991615096588    0.7953147681134081    1.990303165503112    3.760863314470999    5.842746969638036    7.80961262685166    8.254760848695184    7.343235215962017    5.51976128514189    3.343240617860822    1.5818497757038383    0.4818158033391814    0.1100211309451834    0.48399487453755863    1.5688193854325678    3.2339053497560206    5.207639465067902    7.045472211673016    8.119504894036845    7.800183916016168    6.37529705039202    4.291507726145043    2.335597273339019    0.963208641527857    0.2659184242446395    
0.2170093870750699    0.7947983077551514    1.989940899684419    3.7615056944115692    5.846135574275185    7.8321370821616005    8.290094373419132    7.371707046848732    5.526849967027673    3.3443196759104254    1.5823291184534487    0.48207961479935785    0.11025641290049452    0.4845831261341648    1.569927966602518    3.2379798183968225    5.207266475815733    7.056299559124761    8.168314249700037    7.787475353688491    6.365949792429276    4.291834895774196    2.335026399669173    0.9621410145611069    0.2653519575663575    
0.2166845820692669    0.7944072696260142    1.9893671162001547    3.7614437483820287    5.854611174448577    7.860272531966785    8.317498123232902    7.383257142264814    5.536861147159783    3.3466710935659147    1.5830896791690312    0.48260330118108513    0.1105738002352237    0.4852238137391696    1.5711452437971847    3.2403597320294164    5.209078951675747    7.0602342091630454    8.185555999526565    7.752394823589043    6.365565104988394    4.290361915843257    2.3349431080181375    0.9614946430207946    0.2648248155490179    
0.21662617013567537    0.794249287955689    1.9897197187070275    3.7624472249811776    5.8596918470801755    7.858130364399902    8.331425290919881    7.389046068940666    5.543428705182956    3.3484214301584463    1.5841829436436867    0.483016378128037    0.11079705964081357    0.4859704631597095    1.572866421621671    3.2429462021609723    5.210132666058446    7.037039683324606    8.149148384360714    7.7356131097660175    6.355521689287025    4.2882381239710154    2.334522010715215    0.9607375140845069    0.2643969588889039    
0.21638519691561847    0.7940269977614143    1.9895517670271925    3.7646829470101504    5.863930194997872    7.856255058574879    8.296345779930286    7.400156602639543    5.542930431054943    3.3505653898360137    1.584782660056833    0.48318332912356676    0.11092820405678941    0.48643221911833123    1.5739483491278394    3.245078305316125    5.212213111429795    7.035821151593737    8.162972385424485    7.737720227419679    6.363443819904196    4.287754327646385    2.3341684121685455    0.9603944771817997    0.26403081243006865    
0.21634882099882274    0.7937566865636457    1.9902716453265048    3.767081432031349    5.864923473548911    7.871320685599813    8.31917987224074    7.426384515125413    5.545310469021859    3.3531843812028708    1.5858542248446925    0.4834802328281657    0.11117475314387162    0.4870981639490685    1.5749742748234588    3.246734431935809    5.216433489916376    7.049287432525036    8.206792287011032    7.777265825229412    6.353207285768303    4.2896242018547905    2.334790268936396    0.9603980569007952    0.2640435246763462    
0.21639569126827096    0.7937610489619658    1.9903627894959413    3.768732871945682    5.870308964823453    7.896966585962959    8.358614728844138    7.437632778200396    5.547142895254586    3.3539204692886946    1.586563283136813    0.48378797147814584    0.11129996315557483    0.48763154637425193    1.575876564312155    3.248151646730996    5.217164989298372    7.05360234481691    8.17562964071679    7.758253390018885    6.355629616828814    4.29005890485343    2.334826126950231    0.9603156719048733    0.2640485742769435    
0.21637064457769628    0.793714801710709    1.990774896892515    3.771189366851252    5.874424837025459    7.889535668252235    8.374119093919507    7.435045625342867    5.553555672230232    3.3562654315074116    1.58721992424498    0.4839589597647317    0.1114347820354455    0.48812303240416294    1.5767977667563973    3.249606231748455    5.218420239626504    7.035817908479139    8.113853930819484    7.772043225995419    6.363886662452391    4.290781945935819    2.335005235168522    0.9601505820692997    0.26398161815532856    
0.21624731546062925    0.7933779519649864    1.9906628760576952    3.7714596554010567    5.873983352202762    7.867948569122427    8.336609718711902    7.438206708464067    5.552661983437722    3.357271631831264    1.5877348562688607    0.4841216337154467    0.11163472552397859    0.4886098363342929    1.5777175793999196    3.2501117224004474    5.220076869637627    7.051608323098876    8.14462110378361    7.803509790927332    6.371491867251066    4.290795017991553    2.335168704880937    0.9600672758809519    0.26392875487954237    
0.21604487398828343    0.792976267723318    1.9903348348611778    3.772434081807746    5.879586546957507    7.8804232283709945    8.357501611638348    7.455009028646049    5.552914267276767    3.359533099648422    1.588388563170354    0.48451257949659904    0.11196873639023858    0.4891880207464931    1.5785836685960457    3.251235334784032    5.219321040352091    7.058328848711781    8.150196621211894    7.829492859021939    6.376518405625789    4.291745997560628    2.3355465113449956    0.960180810699391    0.2639438821661461    
0.21580207132055162    0.7927023209027249    1.9902186740695125    3.772589602957276    5.876085305735833    7.873350250921189    8.384549689263423    7.469325065825162    5.553154776290068    3.3601788542926845    1.5890936287152542    0.48496618348115045    0.11232735988517586    0.48972864535007926    1.579326357325899    3.251417298964623    5.22056067804693    7.0588689921332906    8.144536312765528    7.834424245894572    6.378941765863002    4.29354828332357    2.3361413842777865    0.9601799712565349    0.26385369985656276    
0.2158281630937401    0.7928409250614149    1.9909855368482334    3.774051499466482    5.8819974178312435    7.895523675460993    8.396052020762696    7.4759892449197345    5.555722716240154    3.361031299229171    1.5895953637385696    0.48530482736362895    0.11275966405780607    0.49040589544689944    1.5802371358321716    3.252976971598102    5.222266294577196    7.05769105768673    8.160850771202766    7.833618815102427    6.37673267546133    4.29481741432269    2.336432874100718    0.9600988262575333    0.2637674839779486    
0.21583139551785868    0.7928759262321753    1.9913058010635505    3.7754509450803933    5.887501076978794    7.914281900654629    8.400747841427936    7.472458343708992    5.557202550555381    3.3620626547532653    1.59034951487593    0.48571549783692297    0.1131333217651799    0.4909960285106623    1.5810325053933236    3.2543441005669806    5.223691414658396    7.069829192483435    8.168972405883766    7.859417709337142    6.3767864458126935    4.2963856105937115    2.3366457413550883    0.9601754806304801    0.2638184999108914    
