2.698932838440973    2.698932838440973    2.365315557379326    1.6826365171050104    1.2971439802916578    1.0460336486883581    1.1932015967511487    1.3727081679267976    1.0845088957265188    0.9280979575344533    0.507277102472263    0.22191420269636497    0.17907144126970626    0.20576962428647994    0.4566634740636153    0.8043117668018717    1.1932015967511487    1.25601324454902    1.074654796929678    0.8168629584646669    0.8698898531034903    1.4058366385074335    1.6064275506890224    2.2857100309265204    2.0958617082689956    
5.779621738964486    5.527596005613288    4.843727887791545    3.784698638934628    2.762965367801709    2.4170079073499724    2.6564214106080635    2.614287852668808    1.9684790443770699    1.312679164505064    0.6615054055786791    0.18148455373486022    0.0    0.13821088475489154    0.5554791851734302    1.1145151641886017    1.6464885082586826    2.1213339345656888    2.249111051395004    2.1742973362497815    2.523851232472547    3.329325017198566    4.27053466777901    5.051756688040845    5.590287883998194    
5.901590095964427    5.645044266199016    4.925925401034614    3.826576924561046    2.7816029310381114    2.448160719777477    2.694737291648971    2.6311984163901103    1.9723511431719953    1.3161701251745437    0.6638708819350168    0.18189579937426253    0.0    0.13796162886364227    0.5562115401476588    1.1176004413843932    1.650386053822076    2.132503893571029    2.28642484636178    2.2426188422668867    2.608246432465256    3.4230209268835736    4.381025764589598    5.184525475489968    5.744871797585207    
5.955976523907894    5.6410791283465285    4.94094280241394    3.851070547081377    2.803525025601931    2.466841822996649    2.71013068278635    2.6387796656821187    1.9766343482514563    1.3237443373405207    0.6693753755029993    0.18428115475407744    0.0    0.13703589820939777    0.5555894961696436    1.1167000452376203    1.6520035320108404    2.1367229841742783    2.3033763288912463    2.2777442518080084    2.6487049490057175    3.459881281345902    4.416388247803042    5.244973030824575    5.800623328715561    
5.993367291572398    5.649245736554741    4.955016455110779    3.8705130554749183    2.8190587518564056    2.4887390701631413    2.731835752260134    2.651202281132179    1.9816882135426541    1.3291002368292868    0.6740649865625978    0.1859582646117347    0.0    0.13613083689504732    0.553460510494984    1.1148722852377715    1.6523540913098473    2.1411882293216156    2.3175015348616848    2.292277992953931    2.6622900274156387    3.475621022985379    4.433095913904063    5.2419011165599265    5.810230431540629    
6.02511807922072    5.677256083345704    4.9736918818132505    3.882668339517247    2.8306054667696294    2.501932805088419    2.7451060163939616    2.65793981475581    1.9848213901031422    1.3337488336058854    0.6783548089224742    0.1879683211805255    0.0    0.13574559435075753    0.552762136533435    1.1145606268497437    1.654821972015159    2.1458660178891638    2.3264009566973707    2.2968698798824456    2.663903664460677    3.4846640013618884    4.458210129227049    5.281204009214124    5.866970850195832    
6.024903565884298    5.685366673153041    4.9970977098028175    3.8912402139116726    2.8391061739305474    2.5145523505657636    2.759977022299254    2.6668781759293974    1.9891603553976172    1.3378658630660643    0.6815225095849038    0.18927478436496153    0.0    0.1353518024730401    0.5517676267221087    1.1135793479008245    1.6555074564869898    2.146277313198281    2.330177952809977    2.3036040754628364    2.6704198468613525    3.4886351360212546    4.458643827375824    5.292983305448893    5.872436278594038    
6.022139594151515    5.714766532475397    5.017229501491931    3.902665855280678    2.847464365405526    2.5208726102336896    2.7674537206927856    2.671338121460705    1.9914977655107073    1.3404418211527316    0.6833874019850225    0.19009329277738757    0.0    0.13433061313224987    0.5492711129127341    1.1101938339326167    1.6539990659527382    2.144856520656459    2.332989220375146    2.308101192416615    2.675380737222266    3.4970385299615327    4.469136565748319    5.299269642049343    5.871844689376905    
6.042785098715719    5.746512337043003    5.0273496199490815    3.9079685733531218    2.848308918683391    2.523185770046258    2.771883637856828    2.676961030726839    1.9963097864425075    1.34393741525802    0.6852998217799422    0.1910929480191903    0.0    0.13392050627784743    0.5479732295688541    1.1080950407070276    1.6523532371475866    2.14250462441997    2.335371917971938    2.314975544383392    2.686099528762364    3.5076693594906785    4.483165841682304    5.323245258693798    5.890786428987861    
6.066068288270408    5.757533759313634    5.040853154736182    3.914816837946293    2.852523302889911    2.5291864556287957    2.779459136211367    2.6830273090056354    2.0003078570502204    1.346584790578189    0.6869486364329164    0.19190239419795074    0.0    0.13322990724724731    0.5463204991034639    1.1056516577349842    1.649576413516819    2.136885813528949    2.330580614904985    2.311676892520307    2.6851739988457393    3.512257887713133    4.493161917476296    5.340930423142892    5.90514790186163    
6.103262212755401    5.797442156344396    5.065885243555735    3.92523840056759    2.8590137838848464    2.537767270487389    2.789218259038522    2.689500485152767    2.003842739310126    1.3493227709389057    0.6886890535288955    0.1927382267048631    0.0    0.1328377830989058    0.5446247907503354    1.1028726829418374    1.6462023138938935    2.1322919119601385    2.328457900134253    2.3112691393190934    2.685506881358569    3.5146931461031983    4.5010962668164325    5.3603977366409685    5.937497446263442    
6.109726625399614    5.804990935211769    5.071012333364837    3.9279150660673774    2.8593367068408653    2.539751493986091    2.793393465903988    2.695000419942456    2.008771712903874    1.3525454650991153    0.6903085038302365    0.19347811860458122    0.0    0.1325711920410947    0.5434322253335009    1.100693756869813    1.6430845282339084    2.1282817910877863    2.328092146475641    2.313895268655824    2.6876420619428623    3.5168447143078767    4.503838881422573    5.3506248614737615    5.927017049854626    
6.125015482873473    5.813892431567431    5.079838881140281    3.929495951029279    2.8610345978558587    2.5422261115183358    2.797368565171661    2.6992604829558755    2.012888232861658    1.3551824476598364    0.6915606379070037    0.19418616586870044    0.0    0.13225311288602273    0.542106521935949    1.0985169207679484    1.6400870100050626    2.1234987942557253    2.3269598332034165    2.31447137378812    2.6874402473323937    3.515310400251554    4.510260076743287    5.368409036904502    5.952950202011149    
6.118020356886281    5.798935814527173    5.0774799632811884    3.933650323588773    2.8663161753391115    2.5467536639407817    2.8029147656275493    2.7037003978160667    2.0167494724954507    1.357807706090553    0.6928618469271872    0.1945921467360167    0.0    0.13219743068100698    0.5413270518559495    1.096813308759155    1.637734448656051    2.1200197239880834    2.329938185236434    2.32239461614734    2.695312535108057    3.519288262069048    4.5119252038116935    5.371231754710631    5.951213911638199    
6.120600872413688    5.799359921105403    5.082383175491404    3.9392127590464843    2.871613449458122    2.553533967029725    2.810337643624631    2.709260667264012    2.0208044718991083    1.3600557039932337    0.6940730987792654    0.19496393248064053    0.0    0.13227641279593064    0.5404930971858357    1.0950837075902775    1.6355273216072916    2.1165142282773455    2.3302826898181674    2.326972983589646    2.6986819947870786    3.5173226280635    4.513261305160407    5.373642622590057    5.950205434042754    
6.1261610331642125    5.804290857952098    5.091283172122235    3.948670555337898    2.879931900649764    2.561523105271675    2.817987454728674    2.7152047808768125    2.025148834300346    1.3624749850931837    0.6952906350107362    0.1954074216809861    0.0    0.1320541020539381    0.5395610618109354    1.093603638219719    1.6329649927581287    2.1121315290492038    2.3312788448957527    2.331306105129566    2.7007095177814198    3.514137294476319    4.505320814704322    5.3806378324749105    5.961012173707881    
6.128742045440281    5.808007555807063    5.096679712950841    3.9555929910574514    2.888630747807464    2.56969787318623    2.8247941734925526    2.7202686323902157    2.0282425171236422    1.3639910522918821    0.6962109092779363    0.19573077775352826    0.0    0.13200522621801805    0.538943669612326    1.0925263142932944    1.6307564438025002    2.1073299198524964    2.3291050776631583    2.332915038143008    2.7021091975352527    3.5126400336817523    4.502684376699438    5.381797158797316    5.967765344859364    
6.134675793814212    5.819964289107826    5.1050466874713845    3.9635324179383677    2.896659834053503    2.5776959210128902    2.8312407355153217    2.7253035931027902    2.030608319589377    1.3656830884400517    0.6971303588725096    0.1961284760966107    0.0    0.132037897281702    0.538660910400171    1.091638579009784    1.6284579251466103    2.1032772602912186    2.328605123601066    2.334074293621095    2.702083546360249    3.508161420114285    4.492833606643558    5.3763323013976825    5.970710032242878    
6.12732173022219    5.816282375586083    5.112086194595116    3.9688154956210386    2.9033303335763954    2.5852043151945288    2.8388971258777755    2.7295142307462394    2.033302216087896    1.3670730617709974    0.697913327360438    0.19654084957995568    0.0    0.13200151184842995    0.5383205261163645    1.0909697317988731    1.6262638800758151    2.098381306503036    2.3281555811615178    2.337217235778362    2.7043732984611797    3.5076013178627585    4.492714109131129    5.373228716438357    5.96989066585082    
6.143838665849848    5.8234760616433405    5.118478212819224    3.9764762262714237    2.9110164543535664    2.5928266744554684    2.8461757720875975    2.7348978993073323    2.0367774142665254    1.3688324188339838    0.6988283240257719    0.1969146142129981    0.0    0.13205624170161845    0.5382179516768133    1.090479246309872    1.6246003211801539    2.094264647852766    2.328479533095508    2.341060517035197    2.7067742374860924    3.508042976426161    4.494101592464379    5.385790577009994    5.984306737447962    
6.159359923637338    5.835239196099106    5.123715344173632    3.984127561117637    2.91884475724241    2.6010941477870264    2.8541200484982316    2.7399979817340996    2.0402961357457112    1.370797118232078    0.699922117161454    0.19735587350327333    0.0    0.13200797995050767    0.5379761774457493    1.0901073176792093    1.623543839738178    2.0906753871447425    2.327379493540559    2.342980657686095    2.7093935137128358    3.511574992603516    4.499127338667535    5.395908356735153    5.997889386365882    
