3.5333657363405364    2.3733178227470266    2.293712296294221    1.4861892696736363    0.5747465379998671    0.10394248247662574    0.2537660395165153    1.0091907607661255    1.0091907607661255    1.3195122221766256    1.7780376797943722    2.8784371219581257    2.8784371219581257    2.4652155630105885    1.8804876159146857    1.3807104332944986    1.082657062297379    0.6454853809459213    0.14914262493952046    0.07983320191332433    0.6269983285414256    1.4861892696736363    2.2234951898307824    2.8784371219581257    2.573907365056383    
6.081781337021171    5.6900231223945825    4.443309789577194    2.459204733840032    0.8391839947050137    0.09296263657801235    0.33009643690711066    1.3653861245153813    2.1521807347372146    2.430769683772934    3.060473683955023    4.056609375460851    4.846162139786697    4.435906664069575    3.408672986127533    2.4965603943506762    1.9924171056295596    1.0519158936428468    0.23547828213302224    0.12815510245149092    0.810497912955951    2.2849981445120555    3.5583704792313022    4.78614983050992    5.9468486045483155    
6.267871175672393    5.839603819241617    4.4946893544155655    2.466328396836415    0.8451398784587552    0.0951573501597321    0.33105114013978443    1.3750408363891364    2.2158409483138004    2.5193053743382525    3.1647193758200594    4.182077484567715    4.977120648612332    4.5397921179499185    3.4440943015409227    2.520885018384929    2.019725025427371    1.0650287276033505    0.2408250328170899    0.1278557971782437    0.8090371264689672    2.3208205075279906    3.728362750166313    4.9668160052617125    6.173831164890587    
6.259257196099987    5.873391594640147    4.514968608426288    2.4657267458002425    0.8460961904236631    0.0952921122628548    0.33036956118307187    1.3782258082483754    2.2421459723329793    2.5540007049062003    3.2033471310246306    4.206459265278636    5.010948302038132    4.583446113914147    3.4680159778142126    2.544155574483595    2.0416898575500735    1.07302993321761    0.24366366662091604    0.1283970273523307    0.8091567886424192    2.3261569159605147    3.7415884279145377    4.98512897159253    6.169768280787587    
6.311308595138405    5.909231356764184    4.52178222358551    2.4689165945241496    0.8490778640790716    0.09737404508761971    0.3313310632535958    1.3813719875909383    2.2579716118244275    2.5667673203381156    3.213151754161066    4.2277691266693616    5.048884075462978    4.636920801118342    3.5133473988599317    2.585888911295652    2.070744726284168    1.0806112760326716    0.24599917867500073    0.12804174364912382    0.8090936737043373    2.336029546097117    3.7812649808491043    5.043461380011219    6.207207436453236    
6.383052700748835    5.933107156380185    4.531018485642993    2.472007511629173    0.8517753497560522    0.09794413599750865    0.3317380863324537    1.3843086043719097    2.2754045925500783    2.5859118369387057    3.231454596454316    4.247644301568646    5.060524919371032    4.672191773292421    3.5426695415733547    2.6102769190453667    2.0890447190948938    1.0871259988929827    0.24824400377443773    0.1282467300243419    0.8086540080584185    2.3411586038380126    3.7956775965325753    5.0789935402874535    6.260656564998419    
6.428787718908158    5.9562638264152765    4.537161807027435    2.472866796595839    0.8532321973655631    0.09825357751186947    0.3320061669209875    1.387332018618285    2.291780668094663    2.6061585562142993    3.2531170707295622    4.271343586026281    5.091910449842204    4.707020677730129    3.562874352618045    2.6277765750320676    2.102822000477403    1.0921927386321872    0.24959337666969958    0.1281569362686292    0.808885779997574    2.352061027905965    3.8501330652106143    5.144683155666381    6.314804562895709    
6.443574488735495    5.9577628865734935    4.539389469947646    2.4742010160252685    0.8543021470720429    0.0983054243542683    0.33226593601763593    1.390558233879274    2.3068042924176195    2.6228614810671225    3.268973555165384    4.2827766490110415    5.119318770499137    4.737921136336985    3.584962428010613    2.646158776501359    2.1170351645719694    1.0963363745720038    0.25021215707744926    0.1280312012547623    0.8093930427645621    2.3596527711896176    3.8888944467091124    5.18516298262401    6.33780310140927    
6.466727709945799    5.963625455416513    4.544237957401986    2.4769260756648777    0.8560945023764573    0.09903448136995438    0.3326424940887342    1.393267693196809    2.3205776277772827    2.6393654990155366    3.282442514310628    4.287488061303726    5.126193365291238    4.764261763486968    3.601884140557436    2.6627565485808478    2.12813952815061    1.0996743928095984    0.25096434870053247    0.1274355999612072    0.8086890622380621    2.3667785215755672    3.933929480629951    5.236981304847232    6.362868083537608    
6.497236982324269    5.98353927778378    4.549218229693766    2.47926248538398    0.8577939803674174    0.09954927389650119    0.3331119696376414    1.3970220314881538    2.338682801755778    2.66303702472694    3.3071642692894954    4.30562269076506    5.13437010019824    4.779365096390982    3.616299575086137    2.6773935217990066    2.140188825411398    1.1028094170452412    0.25131210131747095    0.12696413939999257    0.808860562174521    2.371592281527932    3.961433466503371    5.268052274022013    6.4035706030560355    
6.517342146572305    6.00047467633857    4.552900548165418    2.479943551103721    0.8591619788266737    0.10001291440741633    0.33366515105859185    1.4001451295482557    2.3522892162233973    2.6835618066544207    3.332202862765533    4.3325002125053595    5.151485845309153    4.788653635869928    3.6208290041006266    2.6860969438782396    2.1491009028619303    1.1056678459182747    0.25152732647687015    0.1264421552776579    0.8087250760279896    2.3762240633184475    3.9891610409370704    5.298849830420142    6.430978149949882    
6.531392202611267    5.992181015433509    4.551171222057597    2.481731432028309    0.8604691172720593    0.10042346086554949    0.33416218042916945    1.4026592302054828    2.3633654849033907    2.699212912400963    3.3497780616606874    4.352276016007504    5.171422217167735    4.803890504192907    3.6341792427796533    2.698457246579169    2.159906981194082    1.1084458013289191    0.2517776517453274    0.12616431142588277    0.8087972435760559    2.379918798170994    4.010414884649842    5.325063926593098    6.4470739119874265    
6.526152746445827    5.979234013458732    4.550112518311675    2.4835405868229703    0.8619289815864917    0.10071964992070273    0.33407524127986793    1.4044944339959031    2.374676999904469    2.7140649435442636    3.3640467762342428    4.36360542014212    5.181517986006063    4.816571382486632    3.641097788130715    2.705450342656183    2.1676634495384532    1.111886840354142    0.25295781420613134    0.12654042360765927    0.8096507979484583    2.3842355170527583    4.026834881910873    5.3435141771080525    6.462638188485531    
6.546965644176288    5.993303993615871    4.551535179824494    2.4841100772035944    0.8629734205481925    0.10087321214876899    0.33382075059936495    1.4055666201700827    2.3815506940205307    2.7230886248275477    3.3739064545363577    4.367710560651275    5.180649082484811    4.828280030182621    3.650928183004237    2.715061926292773    2.1755913872774055    1.115649120150374    0.2543144634084763    0.1269336598995205    0.8102775258114032    2.388050475449092    4.042501793429943    5.362146292354311    6.481765038741932    
6.553083850079308    5.984688879721938    4.546634800448525    2.484463013276916    0.8638249052965984    0.1009930851666064    0.33340522225756136    1.4061916846489662    2.3886610816114584    2.7342909945302143    3.3867939345024927    4.374946818777241    5.188453348208984    4.845634705063529    3.6678066158908718    2.7307892458839342    2.1873165771716008    1.1190379253253575    0.2554632050899092    0.12739061034461951    0.8110342410438198    2.3926231841971464    4.062963216870426    5.38972725398379    6.505968058804635    
6.558041776452087    5.980022109898243    4.5420194015740645    2.4836943030461685    0.8644997197155789    0.10110986942148889    0.3332244242188896    1.4069795584118319    2.395109232993207    2.742402371768522    3.3949285054162157    4.379361327158573    5.192213606414227    4.858267310565122    3.6823113734582136    2.7455384035343986    2.1978250189550415    1.1217250204291322    0.25624294891165356    0.12776726376386    0.8118026181197053    2.3954875803815217    4.072683156037476    5.3973516845323335    6.505084118512071    
6.558983887030628    5.97790597319242    4.539471329450188    2.4839581236295554    0.8653181235218336    0.10134649745240026    0.3332395926116389    1.4080917625321967    2.4014711941981424    2.7527771878256075    3.406363360524198    4.386191546988488    5.191551025240347    4.861527016038826    3.6869070518433165    2.752333964065475    2.2046333825517936    1.1237363695220457    0.25683917210863644    0.12796037150029865    0.8122559186210617    2.398129984890353    4.083088415642435    5.409837808366889    6.5134607785931395    
6.572740560457798    5.97847877598893    4.538112085070327    2.484273278567999    0.8662691943988468    0.10185633435733628    0.3337115644898515    1.4095021200477604    2.406079095541399    2.7619717157967796    3.417225648787806    4.396221840578194    5.20339967480919    4.875317004963092    3.6982673326269997    2.7625066404173344    2.210997914680262    1.1257362640075925    0.25724469975518266    0.1277469279458784    0.8121679302873436    2.3999092182942103    4.094072611228781    5.419694624376527    6.5267986961592435    
6.580224772615463    5.974661606661189    4.537293109025482    2.4857189231505594    0.8676074533948972    0.10251160661087587    0.3344083912413744    1.4113435695284449    2.4115928826601714    2.7692612623928907    3.4229850905335972    4.402052826437029    5.211398113542207    4.885867400444964    3.706717219306773    2.7708454400286984    2.2178244660954114    1.1277875262340955    0.25764427436462195    0.12748922236639915    0.8120293229108493    2.400978723442351    4.1016230524637285    5.431345837235082    6.525511795198362    
6.590126296022692    5.982299380325458    4.541354167823624    2.4877777120123423    0.8693729728834726    0.10350250577830612    0.33528774116866655    1.4132099084076328    2.4183023121335356    2.780530498836641    3.4360290172536403    4.416393606735641    5.225650387543402    4.898084547728006    3.7158343073390534    2.780156283572064    2.2246216002311794    1.1293194536150244    0.25781229455296734    0.1271363622965081    0.8117050167758028    2.40291451929818    4.115114542969978    5.449793554046886    6.537396231272811    
6.610615718406388    5.997005985666604    4.54587096960596    2.490076992452959    0.8712880828036689    0.10472069736832264    0.3365237574439519    1.4155365302638911    2.4248793759458156    2.7899294210852146    3.4460787856706117    4.425835904289568    5.233541312900326    4.906606138156835    3.7248959506270634    2.7896253458705367    2.230945579978237    1.13010717275755    0.2574281429155861    0.1264493816091704    0.8111234856531466    2.403666579113621    4.120723474894301    5.456948895694918    6.55699848617988    
