0.19584092036197254    0.4646657394313161    0.9594820239331008    2.051991506921375    2.293712296294221    9.434300816507886    3.5333657363405364    3.5333657363405364    2.7069351038086737    2.4652155630105885    1.0729631997376332    0.3456644728718162    0.11540744741696718    0.20698441839941312    0.8990597696866065    1.8804876159146857    2.8784371219581257    3.120154165645915    3.5333657363405364    2.8784371219581257    3.5333657363405364    1.7474587534433452    1.1664663096518217    0.5422944618517511    0.1914411971557426    
0.2273467038701734    0.7452515864912798    1.7984043688435858    3.2651031705509412    4.883814169488389    5.941473414634026    6.024878043811893    5.591169568490404    4.355136404618302    2.8102774245551783    1.4212603881795534    0.5232873812669456    0.19762467222135455    0.4804454044088028    1.3683691617815477    2.742780951172388    4.2394394497762855    5.385618706857721    5.923740853324371    5.867458152178835    4.836099175349885    3.197242878268888    1.734098128982191    0.736946907462817    0.24328553104052134    
0.21683561558667863    0.7364312831935506    1.8013054332841332    3.2912377940192923    4.948595344005466    6.066448731041454    6.119350280388637    5.671980431536254    4.432842363068799    2.852618644427076    1.4451633590116275    0.5427232637676837    0.21624047951348144    0.4994613580040294    1.389314511112537    2.7672716533645407    4.298768385485327    5.462241975731908    6.0575816557628706    6.006712845362587    4.84710737830593    3.1947006102318753    1.730459827481859    0.730531181449693    0.23399420814572922    
0.20959153384337006    0.7312084501249099    1.8008921203439927    3.304514758639951    4.985290348511999    6.123147274798031    6.194275996279438    5.7255293750036635    4.469847958107625    2.8797640672262483    1.459938017021376    0.554106391651133    0.2270910368560496    0.5105280689388288    1.4012523601832052    2.7831435410115346    4.324560383683702    5.5060244129356875    6.077484563840219    6.044345582146093    4.865846600089288    3.1933381667539464    1.723337906203038    0.7250299093610688    0.2274030864293222    
0.2036639041801788    0.7259232456680074    1.7999262806415122    3.30881716083315    4.9857210733602    6.125755971317349    6.1973627037965855    5.742691349504885    4.49831900824887    2.9030702236433155    1.4752094122764305    0.5656360835828936    0.23766646719075488    0.5219634370540006    1.4156426931735502    2.801917490433808    4.345475567343437    5.531950803085872    6.112188138228983    6.025952755919519    4.861362073676391    3.188967246728734    1.7195377520828588    0.7201744458239322    0.22210572314709418    
0.195806970128948    0.7189359554371744    1.7964055855262928    3.3148293514750238    5.012174845033154    6.150673068027484    6.193197869756753    5.7711027581100325    4.523069339209366    2.924251545077188    1.491505337380261    0.5791105941552582    0.24979879486830092    0.5346293379640992    1.430202156064683    2.819135751574812    4.366607635475632    5.553132721012754    6.155997097559433    6.044512726011166    4.867040256262504    3.1863408048694337    1.714985221431984    0.7139779460528644    0.21437155236465916    
0.1886898615295504    0.7128518787576529    1.7932191143651046    3.3222935254127597    5.031588151300285    6.193108096156245    6.263081727499645    5.822714034045258    4.5520704823079035    2.9422662113304066    1.5053644841566056    0.5907301503989264    0.2609138164759866    0.5460253963966584    1.4424693805714555    2.8337534094481094    4.389985605172976    5.596918608548105    6.179430470964397    6.040313863240084    4.866727941315083    3.1821815284697657    1.709889433004893    0.7077737523524683    0.20737300795758767    
0.18239985035774123    0.7068073111017399    1.7900501452331161    3.3261578541016483    5.042933904340893    6.223784893007216    6.304711035818676    5.855787235205897    4.578118681853069    2.9585683183524334    1.5173727309496734    0.6010906308656732    0.2707701731284512    0.5557871062740785    1.4527923536614813    2.845873885654374    4.40835593375163    5.616678011747969    6.200725311275578    6.063723982927955    4.867757934418592    3.1801187923295844    1.705958999781094    0.7026523649469358    0.2012843932251296    
0.1765364768686026    0.701459427597648    1.7874079460034047    3.3289720340428794    5.052352538771737    6.2401862063067    6.352581179341302    5.877196509933256    4.597798684559326    2.972940481659107    1.5285617959475324    0.6109020551257485    0.28006355400479843    0.5647862805091116    1.4622974937711526    2.8579152064243436    4.422625842013942    5.637277683639552    6.220385167712518    6.067163940549169    4.866191683561441    3.178374221168725    1.7023971195131993    0.6982385687968538    0.19581318227060662    
0.1710709788557429    0.6963597742378062    1.784312941477161    3.3310015699627735    5.064741817751618    6.259086228024633    6.374918724069798    5.893933501437779    4.617903337633557    2.9888133148733464    1.539668004491572    0.6201798466750847    0.28887078199262    0.5738348005775499    1.4721649131791916    2.869292244644723    4.438084413738024    5.660108868953183    6.250421635188348    6.093791368662186    4.871946170437449    3.177367899476039    1.699074238122309    0.6940940150130405    0.19090380513543742    
0.16612539060939735    0.691887787462132    1.7815864028339135    3.3329251848691794    5.075127028235789    6.282610440044439    6.398428201849296    5.926015524321439    4.641564502813481    3.004166390838368    1.5502374708729816    0.6288450284756895    0.29707366657284257    0.5820250916610691    1.4810801996730558    2.879331079774917    4.450477423200616    5.675265711901303    6.27003843928843    6.087941664937158    4.870587668834059    3.1741480335509413    1.6952578510740228    0.6898437077563665    0.1860831644173584    
0.16123150626992655    0.6874686786912951    1.7789176504164084    3.334812361214807    5.080576825194768    6.297007551316112    6.421167594170657    5.948130401216424    4.6572263981938855    3.015722456589686    1.559381689369706    0.6372520254855636    0.305295308629619    0.5905661008025174    1.490530270564957    2.890215247487702    4.464046712951531    5.697074467255706    6.297555697844787    6.106205050773369    4.871587372717746    3.1715477606913747    1.691951598477255    0.6858452830630201    0.18149331432097612    
0.15696575824602088    0.6833979627724184    1.7763960835251127    3.333762546347746    5.081238835871593    6.300863687817341    6.441089548309371    5.965684492115636    4.673298229274983    3.028443993485904    1.5694851065073472    0.6457672662927224    0.3129269782819236    0.598516410730198    1.4996071394188057    2.901322406833245    4.478834543435604    5.717710127475171    6.3173858372030995    6.126502800400247    4.873683266748569    3.1708767169687215    1.6897918956866154    0.6827486242641019    0.1776737833039405    
0.15346261232200537    0.6802473675146676    1.7747041935018126    3.3346854456726924    5.085455541822944    6.313118498128638    6.469821249124193    5.987538865055375    4.690598271620124    3.040310473939575    1.5781148966232006    0.6528041107205662    0.3194573862580164    0.605321336472123    1.5074974222611837    2.9100479713180705    4.489090630143554    5.73317602521294    6.33439078989948    6.134828449471662    4.8750388662417645    3.169900505591285    1.6880416339501871    0.6801421635677134    0.17445221916273518    
0.15015469048865113    0.6772948065370693    1.7725329017729128    3.33424966058833    5.084684000283512    6.318277114088712    6.4911119928214305    6.002917901851086    4.7049498486622605    3.0510633242735654    1.5861718906082676    0.6597831623612662    0.3258243000641435    0.6116519014968204    1.5144991991060763    2.918186786992928    4.500266523357973    5.748641885473291    6.353708728409715    6.136394310138937    4.876871081123109    3.169845632014911    1.6868400409500364    0.6778027763250287    0.1714342401795904    
0.14707931037605929    0.6744137584482057    1.77044450404464    3.334260141375913    5.086899402554677    6.333452106311312    6.5115135803575805    6.018048644865469    4.719651910025137    3.0609266813601037    1.593823646577002    0.6662172436676069    0.3316397269263573    0.6174726723569843    1.5210696244487452    2.9255786923202693    4.508341529273016    5.755025107258947    6.365176855589598    6.138860161225702    4.8797011186502335    3.169449835640936    1.6855767716418297    0.6755797682594833    0.16861592477211385    
0.14414613550252373    0.6714747093849173    1.7683661576508203    3.333894301752161    5.087670106598138    6.3392751653278205    6.52361969611971    6.030000147041914    4.731018891323144    3.070487251154978    1.601098782824476    0.6723141512409492    0.337235746469555    0.6232847676782824    1.527787429490389    2.9330243812415158    4.51649924237481    5.762367561475026    6.373235192904623    6.14419133139472    4.88017469510664    3.1685383391345248    1.6839290558415558    0.6733345414566959    0.1657730018043787    
0.14125158253985007    0.668621932931643    1.7660699573216874    3.33303990004926    5.087649838717653    6.338862612054953    6.544813829590955    6.043992725393674    4.742828814313601    3.0806505969426476    1.6083716571521964    0.6783832911683377    0.34269936458898653    0.6289205666762326    1.534174784652502    2.9411354192759718    4.525609221490943    5.7712652447082275    6.38540988861746    6.155126739183028    4.883263202575427    3.167113409977046    1.682369162844301    0.6711319419872902    0.16312202442684098    
0.1384496974799735    0.6659059496616165    1.764152682705289    3.333355023258157    5.090925214727724    6.34605946071434    6.557836401085066    6.061382390820582    4.756079462457283    3.0894462599994363    1.6155566222247564    0.6842839018311913    0.34813443173870806    0.6345452870506784    1.5406541152367303    2.9486461630008005    4.533002495289106    5.781887404922195    6.398981018231359    6.1619168700412885    4.885076090184702    3.1669641611079977    1.6814134231057167    0.6693916383279286    0.16066747238994486    
0.13583150202998379    0.663299004537966    1.76236749615872    3.3328165866783235    5.092284440725148    6.360985577686921    6.577128297198344    6.071521299797919    4.766348952976041    3.09858438157796    1.6227925727522734    0.6903055507675272    0.3535175964051487    0.6401646891273702    1.5470185883335097    2.955890399878013    4.5420324219339525    5.7951242377764105    6.411067170979735    6.165655224322154    4.8865822008545985    3.166743372589932    1.680463156515921    0.6676848535460824    0.1584237092636952    
0.1334728426604069    0.6609768476846061    1.7605149871393113    3.3327804016146887    5.09441607304316    6.368539613745042    6.589296135128355    6.083645175448772    4.776129952221091    3.1065092991076293    1.6292401088625437    0.6955746294783699    0.3584189879489121    0.6454109010421961    1.5530990228373154    2.963190407099177    4.549923299178961    5.80576425470962    6.416545144662732    6.169677278967305    4.884313625756669    3.1660676692365097    1.6793532650555496    0.6660308979463101    0.15628396026525335    
