2.863954794770959    2.692452776621507    2.35883549555986    1.532385599692157    0.6549484274729134    0.09325736432913817    0.19025666563383864    0.7276142170064723    1.003411645982991    1.2495331827295537    1.7957879741668705    2.35883549555986    2.4507332358234217    2.863954794770959    2.5594250378692163    1.3993565766879672    1.1633397415843807    0.6452545609514769    0.10869278453708181    0.1470377623275534    0.6125160013542584    1.3050298949894583    1.8298634304688715    2.4507332358234217    9.419818489320718    
6.039679206708404    5.852250580220014    4.603737901796716    2.4170448586327695    0.7860473117067456    0.06846646397495722    0.3184173792851635    1.3535090858244812    2.2016454816494933    2.611395202010095    3.2880601370521836    4.217493811362259    4.9943482041058616    4.806010366194259    3.694605629768485    2.7062318045167424    2.0655173757937773    1.1165726674300829    0.2855567210762053    0.17340209251027067    0.8705411639548456    2.218754380220971    3.37052554923967    4.543538611289156    5.47792378576636    
6.154824941628507    5.937742911419357    4.598247383481692    2.4024477349574065    0.7749862542301506    0.05889754007905447    0.3068852016220315    1.3432350605656587    2.224377539947008    2.681051614057529    3.3895385625681014    4.321909006437628    5.058570380730713    4.825118655638502    3.6806193363574695    2.6995081315097647    2.0799596997283287    1.1308839413767333    0.2982102254827148    0.18397954058337182    0.8811987010516894    2.276605355483345    3.5371526260970843    4.719275303313658    5.690407634380918    
6.206464107408098    5.944180034747552    4.580059382024061    2.3849141665496725    0.7642784113420032    0.05005231390221345    0.2967528352951462    1.3306451398360106    2.2214619737964423    2.7003102411680526    3.4223738610321908    4.333702868797342    5.0830949358250175    4.869570512703238    3.6965499252024374    2.7158824068117906    2.10363069317486    1.143336498215709    0.3092947819965222    0.19450041578123542    0.8932993435612174    2.3197977887307117    3.664239202034119    4.852341889457079    5.782227586360659    
6.274376666527489    5.983942789123971    4.5647520091536595    2.373961966555852    0.7556985093463039    0.04304683604465044    0.2890277981168056    1.3217707535117118    2.2183211781314216    2.70343543924237    3.424993935058832    4.324440985674239    5.084456681407607    4.905564373859003    3.7109013103057404    2.7266261702529935    2.1220739471869723    1.1564769901854495    0.32140891031157126    0.20414859044603886    0.9025185736800907    2.347788608632329    3.7423561224799027    4.940194046881475    5.860229004076595    
6.306928330229476    5.987249056582498    4.556472168756864    2.364863421713591    0.7488716579240956    0.03717681671755553    0.28290164027713777    1.3173388734681943    2.2308389504102992    2.7223525880742603    3.443499590400474    4.343574137390985    5.118701472787229    4.933804691544854    3.723532396222949    2.7301231669405026    2.13250193617559    1.170080084691733    0.3331485213569496    0.21333837681485993    0.9112191595680709    2.3703617002348802    3.80368194663704    5.006156138228877    5.918110641127141    
6.313074183171806    6.006769468489557    4.549001295939758    2.3584444112136986    0.7441874464663983    0.03280495760063081    0.2776142334635289    1.3123366369920972    2.2365494102226537    2.7287116690629776    3.442524344098474    4.335326814472399    5.113982516523532    4.959873151689112    3.7460588360907154    2.7503460005206573    2.1513463308804743    1.1822522813987877    0.3431181509655324    0.22072609866541457    0.9178796092200746    2.388481704510508    3.8547118927609305    5.060785198452806    5.969096268920242    
6.34561719393046    6.0054636517061315    4.545276215327011    2.354084826198893    0.74039492069177    0.02871171200632914    0.27281595321391594    1.3074772936980013    2.238342023629305    2.7300847770152594    3.4396001977328106    4.33626924242997    5.132099622987744    4.979612924307677    3.7614913713250098    2.7665100777202607    2.16728427530371    1.1947256973974925    0.35290836925567304    0.22690553531321392    0.9217246997500282    2.3997843711785793    3.8932118959294626    5.100109169204424    6.012726594462814    
6.3274721748165605    5.97255632229948    4.537213875340379    2.3518935828267202    0.7375163824113213    0.025251949411332894    0.26845821664979713    1.3037120498746977    2.247472878314485    2.747801489136681    3.4598334994654065    4.354257440745073    5.162521252987303    5.003767756465746    3.784489769062263    2.7886830803721083    2.1860914507071176    1.2070607547715069    0.36184664976297387    0.2320060786168954    0.9242381174799467    2.402223817974531    3.891831403214397    5.109481694365393    6.026253763721604    
6.335958537095127    5.955462657731304    4.532784122681817    2.3504103409307495    0.7351421005834118    0.022342325133827546    0.265184704555107    1.3013850040717676    2.2516395476240665    2.7486794795598724    3.45666403843795    4.350306147717461    5.158430759158524    5.013535601203841    3.8028345185107155    2.809739085320779    2.204762332131146    1.2171047170980043    0.36928319134755927    0.23673110855377694    0.9270585994423634    2.408505765335732    3.917574455626488    5.130626897403306    6.052681038168684    
6.328280418090587    5.961524809389152    4.531297558526658    2.348374057133535    0.7326281338627715    0.019725375048964235    0.2625679991893022    1.299514460284184    2.253308646027149    2.7445976666143217    3.4484256417833286    4.3430672364294    5.155044918399508    5.035607988857672    3.828903827644406    2.833986128695599    2.2232397671789466    1.2263142471587887    0.3758245423010568    0.24057263848710056    0.9289244281089507    2.413751098260264    3.941628001392737    5.156053636100076    6.072859770172762    
6.35206050930522    5.971852304344452    4.53375021349433    2.3460253328425047    0.7303050473265889    0.017316400164530246    0.259884293564239    1.2973998191635665    2.256044293267736    2.744451561145352    3.444057525793634    4.3389035969832825    5.153973495723903    5.052574545527638    3.8482088388460762    2.850978731237958    2.2363237332944634    1.2352850956690522    0.382386051495009    0.2442725898344216    0.9306704254841238    2.4192718419560415    3.966478875940587    5.180770857244284    6.097045980749994    
6.36777014690856    5.991940192960988    4.536248202671429    2.3445854553886583    0.7285557020992585    0.015053420998508968    0.2572395346030045    1.295373660331904    2.2607361864193734    2.7487574806696204    3.4448197715011792    4.338262277987371    5.156274415772175    5.068499905411613    3.8703048024990534    2.8709350886369305    2.252036651116543    1.2441838829367569    0.3889345649618982    0.24805917679191614    0.9325382080306024    2.423410838232805    3.985176504241976    5.202837782712044    6.118043829230045    
6.369953092013955    5.992388965745697    4.533262202352564    2.341605234519831    0.7258268607483227    0.012619747078010668    0.2547723067809585    1.2933019009412308    2.263405072252388    2.751524648771189    3.447102545286033    4.339546056468026    5.163195760231586    5.082075701881916    3.888880314781321    2.8881542435089926    2.265542131737875    1.2526058732547385    0.39534370481835546    0.25199882407480956    0.9344863498102561    2.4263276229246915    3.9956122683499133    5.215907179146539    6.121002485886526    
6.371128768582366    5.984872046109641    4.5276444973763335    2.338459468874392    0.7232581068025296    0.010230027451251275    0.2522330794028567    1.291274063886206    2.2680476010790955    2.7591087969167587    3.4543717237356484    4.345695839417393    5.171014385757241    5.097978101124634    3.9049767434861824    2.9051028735178797    2.2802598009872006    1.2616272738721024    0.40192676411570866    0.2559788419302476    0.9363894232319496    2.4293605451442435    4.011128967110627    5.233255413960165    6.1388158830842485    
6.391258558011222    5.98856416043589    4.52607952063168    2.335707162163438    0.7205354420647183    0.007792741423270223    0.24965569291178846    1.2889477217536964    2.270611593028852    2.7591864865269975    3.451452257954793    4.339333610472105    5.166268948204294    5.109873019662531    3.9220373445075936    2.920108830969599    2.2919494772196045    1.2700450527165665    0.40851051789426657    0.2599431377452588    0.9383083253235244    2.4329070882652175    4.027550289164335    5.25009908087849    6.1571341342772055    
6.38772966937961    5.98116374254276    4.522565062571346    2.333105260141436    0.7182542387864815    0.005521358735412332    0.2471773901226727    1.2866735483839793    2.272169470915047    2.7597286649118646    3.4486626523564623    4.332946011256979    5.163318987604535    5.122586804792818    3.9386271581152705    2.9355744948692934    2.3042679922872464    1.2782581349844553    0.4147220516910545    0.26373654484763137    0.9400625653251273    2.435340431530751    4.039912106254565    5.260715934841827    6.161227698912858    
6.3604987745220845    5.954400564903283    4.516728844270394    2.3310128461791955    0.7164230085302838    0.003600383286151046    0.24488400885986197    1.2843660956296654    2.273844983538201    2.7591265609700546    3.4449475764280804    4.329091943786302    5.156163759609158    5.128170464422255    3.9486606942677507    2.945769070123252    2.313741893069293    1.2858996486638679    0.42067674769054053    0.2672069621256815    0.9414829189734364    2.4373184940155785    4.050445726170325    5.266941332775614    6.159496466343112    
6.367657565480078    5.952974436292035    4.514398130558232    2.329077510668949    0.7146712564213991    0.0017890122145594115    0.24277188673008307    1.282577086721594    2.2764801263665833    2.759480822388331    3.441621261494558    4.328070240738369    5.159547287836851    5.1380311556198075    3.9601629881104135    2.95657122657705    2.3229266943053988    1.2924440230715972    0.4258121927408284    0.27042541313134383    0.9431204256304719    2.4391717403797455    4.0614639068516265    5.277397395589875    6.163152232293661    
6.352637799181157    5.930446682007119    4.510217581512938    2.327611461683919    0.7130841056501314    0.0001432681789483442    0.24114622930672827    1.2814323421189568    2.2788576715479687    2.7606468389668763    3.440037405062221    4.328716463957988    5.1660196417679005    5.153314951270116    3.9770788528003904    2.9718735146521538    2.3342881529387864    1.2989015363914964    0.43057985626947637    0.27337904824465337    0.9446881851816316    2.441332754616813    4.068897308600226    5.2779559073216475    6.159830575090533    
6.3594322930149    5.925612467891781    4.509812439901237    2.3277814326052972    0.7130598453934619    0.0    0.24088471437085945    1.281787057648105    2.2832362989179265    2.7656159296926046    3.4448869458479963    4.332147273530477    5.1659822800981265    5.162819299155368    3.992385588713966    2.985667758306971    2.344705840318102    1.306378332747105    0.4367123504607532    0.27793612000299395    0.9482082242266003    2.4454034412454226    4.077621295994748    5.289774883463621    6.171813058895628    
