0.042178817245787065    0.44329131552992984    1.2629305830735842    2.692452776621507    3.5188834091533696    9.419818489320718    9.419818489320718    9.419818489320718    3.5188834091533696    2.5594250378692163    1.003411645982991    0.3061647788458832    0.009854105619754333    0.29805363653745487    1.1633397415843807    2.037509179734208    3.5188834091533696    9.419818489320718    9.419818489320718    9.419818489320718    3.105671838458748    2.5594250378692163    1.5114655989164525    0.5602642108127    0.08568697937552472    
0.1861666522684897    0.7672015675132107    1.953617402320104    3.689572371499024    5.719263250926264    7.256550959462331    7.310574309107477    7.10865612014192    5.341268023104418    3.2747397453453466    1.5971746692111888    0.5310110306420697    0.16038014851263788    0.5035265099047171    1.5366972066105278    3.1485282857037733    5.050437770710468    6.910481395600824    8.120575361478723    7.441823423315692    5.895410773193333    4.017936775132347    2.2210806943628656    0.9084156540438036    0.22551988201931297    
0.18878585315295102    0.7742791194842468    1.965132781609393    3.6989429981676887    5.780754930647482    7.451931498188795    7.623409589314016    7.070892301935511    5.344844283535561    3.2887983374636343    1.600845161387403    0.5311503597802143    0.16096207682667482    0.5062800501270373    1.546453849304377    3.1688523058208093    5.086882900526218    6.8869460154956545    7.615514706987365    7.392415246260426    5.896863345996325    4.02478532976595    2.222896567986502    0.9048028852073876    0.22292143775293158    
0.18985643639784217    0.7785695682693796    1.9741173285199345    3.713172831463538    5.798610196924669    7.4884474980902205    7.77902316347414    7.153508092396052    5.373877222541193    3.3028456784559332    1.6069134549747461    0.5338667807011755    0.1617209444161668    0.5063854897652691    1.5491742794884524    3.17843520141089    5.1006709406706285    6.888020563996022    7.636140852520913    7.222292718900932    5.921209407413754    4.0368409368415765    2.2263298974039762    0.9018906914552245    0.22053120706560025    
0.19175448700839678    0.7840651996513057    1.984077121818807    3.7280449454823814    5.798055996825898    7.4828695778948875    7.7708906486022284    7.220167218765951    5.391308650207585    3.311428183857055    1.6110889733218925    0.535791061436817    0.16279043690758238    0.5075021979835502    1.5516002474411719    3.1837509995912736    5.114371335416966    6.906461968826433    7.765839553340697    7.2607909270277045    5.937794996788001    4.047474657489064    2.2263742532689816    0.9000552964310412    0.21931017564142324    
0.19420565309104118    0.7901578873815778    1.9955341690057962    3.744542287587101    5.807515621275451    7.524465480101276    7.894392008853169    7.264977669329261    5.395287554246761    3.319221054173035    1.6144161875740304    0.5376559645312882    0.1642413120381576    0.5098404812066191    1.5563224097803863    3.193636895822035    5.129826869201534    6.924678512366422    7.832967107434777    7.333728773333911    5.949196347602737    4.054909634773803    2.226671134458322    0.8986707992602407    0.21881773225240952    
0.19645905122103996    0.7950867761579635    2.0041505241100017    3.7547109952633058    5.821050317151424    7.573131400523107    7.991107086444347    7.347751460493585    5.407507115053065    3.324022046083869    1.6179292552301083    0.5395546026917226    0.1654110000358057    0.5116145903853345    1.5603218424614838    3.200192151631506    5.135973356848472    6.904331991584956    7.822699710149266    7.32823227884143    5.947474041901823    4.062725054962858    2.2269550408612084    0.8971443770561631    0.21875357564523476    
0.19835736907972887    0.7998117589051978    2.0112789746805593    3.764942618461432    5.829244493500949    7.612623365355608    8.009970333219014    7.35443926576069    5.419115784078082    3.3282549734574833    1.6204045472425501    0.5407346267027004    0.16670169779745272    0.5133026350028168    1.5631611493810036    3.206052768067492    5.135860505582459    6.900976263155721    7.702944535719606    7.268041544946966    5.962750255416975    4.065557504098793    2.226083581027937    0.8952371479511307    0.21807413835171857    
0.20034209886682341    0.8046940143756276    2.0192887621154934    3.7778311162381084    5.842561762461644    7.606840306051662    8.02091983944314    7.374443638667524    5.431889914816955    3.3304603880286927    1.622185211461408    0.5415378160169559    0.16777558923376262    0.5152528541970445    1.566644018074573    3.212070970388662    5.1419103404540705    6.910512885869622    7.697293086237174    7.273127003980357    5.972679329287396    4.069985165385087    2.2250427331755693    0.8932577272365024    0.21742319316212494    
0.2020520476342838    0.8089579958703579    2.026459497481237    3.7892322973936756    5.8553549716237026    7.616198084665801    8.06884428227415    7.361894861676198    5.4332223550008605    3.3339829984682385    1.6240968462745404    0.5423571709713834    0.16867902022534736    0.517070856785536    1.5701693626185513    3.2181887392119637    5.146696935905327    6.889593926021198    7.723239596441142    7.252512349630751    5.9603603166894    4.072882579216098    2.224033933755881    0.8918312591031972    0.217073666899473    
0.2032646931975518    0.8123045462120294    2.0319528872551595    3.7970584365704836    5.860876896725488    7.619846636071959    8.092573134150607    7.330625413643336    5.431332131388061    3.3363101641193413    1.6255879130381192    0.5431298496213459    0.16954911989090538    0.5187743676431068    1.5736706620601528    3.2229037911665905    5.150866381287008    6.871188746131615    7.689857013388975    7.232481219059075    5.964855149653554    4.077266364522432    2.2232733544833008    0.8904377152214039    0.21652747976066497    
0.2044040743250856    0.8155052972024541    2.0368129132808503    3.8048037827579155    5.8739610038537515    7.632964199847771    8.085966382740528    7.346930395204963    5.428349788602979    3.337898749824956    1.6270501570045564    0.5441829273184136    0.17046926146060495    0.5203861326653806    1.5764562268425633    3.22735458469911    5.157093655240209    6.8864500542752864    7.648304650780289    7.262968666303151    5.96667333267889    4.077566585021307    2.2220629156007923    0.8887558381531252    0.21591793817035707    
0.20579251421720451    0.8188748971189509    2.0418984778214155    3.8138936266126686    5.885863225594226    7.646388959788233    8.076624065380736    7.338532353955267    5.4235737159512745    3.337710782576132    1.6284992117182355    0.5452020209607994    0.17155368804631904    0.5219018769473479    1.5793376841036164    3.231876242660504    5.160755852446064    6.902034772448654    7.678990824926704    7.279525184671993    5.973053868516408    4.078484504665591    2.220856642539773    0.8873206181622418    0.21552210706679534    
0.2068862477405506    0.8219381817074154    2.0468820337345526    3.821960631500267    5.887341392904014    7.654761129186239    8.11206647318045    7.36354497283512    5.426836684805849    3.3393578600803755    1.6295749072030368    0.545980483413194    0.17240696756707663    0.5232724217465743    1.5819095711762212    3.235116900228745    5.164433616698627    6.899798325624878    7.68918303615058    7.279534982092653    5.9683455792737155    4.077023950260802    2.2199932254564394    0.886223918342515    0.21503049308110506    
0.2081829320299084    0.8253087786970692    2.0523925784633477    3.830111075280166    5.899294233304231    7.67659296840886    8.109449478130111    7.364384709163845    5.431511163827009    3.34157467514602    1.6309948157745302    0.5469843378792782    0.17326251027401773    0.5245572588671615    1.5841373173433888    3.2383517572568836    5.1680629669742935    6.897915097698199    7.700115961783872    7.308159288324992    5.977734938823964    4.077995462917514    2.2187917360264615    0.8849714030475185    0.21456337167855255    
0.20912204638350218    0.8280043238111535    2.056904494168547    3.837740840305458    5.915599380565476    7.677672805707662    8.113015547130967    7.378994787527686    5.4318259634232655    3.3429728070962677    1.6320465946323919    0.5476204458637605    0.17403578325876193    0.5259068336503706    1.5863855675356657    3.24159277544172    5.174322179568099    6.884603410424364    7.674845251682931    7.313362970244548    5.971960349545679    4.077107975461525    2.2181821079344894    0.8839586197698504    0.21416642435161548    
0.21018348378099128    0.8307990786105987    2.0616767990285827    3.8458528790202826    5.922309721815333    7.676025048242719    8.125134779136486    7.357928644119066    5.4296009378196555    3.342446431630993    1.632395655890358    0.5481617555972833    0.1747707598737276    0.5271915664100747    1.5884610611536198    3.244451008343487    5.17512777155242    6.874383233290717    7.685630303227164    7.311362912822984    5.976189115610457    4.07711396777032    2.217432382157871    0.8828168085098858    0.21372805627022784    
0.21118364335635526    0.8334703324152116    2.0660856249747637    3.852815854437193    5.925774273408826    7.690742908196739    8.152446538718573    7.357864491420698    5.431145541849334    3.3435815904546202    1.6327380162532261    0.5487391248198048    0.17551976095431068    0.5283619453700662    1.5902376974617045    3.2467785351312406    5.175156280039377    6.862784011507262    7.691763969974502    7.305912170836655    5.973523951206116    4.078150469147771    2.2166246174846758    0.8817523176281    0.21335082585679743    
0.21212068736460052    0.8357868344848688    2.0696988868256025    3.858018054532828    5.932131988640454    7.6928712768119585    8.163746027901256    7.358059401190768    5.430070291947754    3.3441876441003524    1.6330854674643147    0.5491361550229519    0.17609447462756767    0.5293890196027242    1.5920431828497406    3.24939415339056    5.178621551360926    6.868197963477261    7.673389351605904    7.3008447410242185    5.970689169907636    4.077995257276411    2.2156052515988565    0.8808033112820551    0.21304007178030443    
0.21304168352329841    0.8379986713430346    2.0730691325461006    3.8631666594094107    5.939284607450005    7.714499968295169    8.179307165162204    7.340136409399061    5.427550467358068    3.344535313221934    1.63356161066268    0.5496206957427833    0.17671747006749014    0.5305877443492081    1.594016490176809    3.2519467937981146    5.1832762620394925    6.8580362485169655    7.639757393234894    7.284622819311271    5.971075439614241    4.079508424661345    2.2154258182967252    0.8801542019754369    0.2128489111240841    
0.21533935066086782    0.8416053575696815    2.0781642274179415    3.869930517153435    5.9482720903939    7.707098817024672    8.167684869859059    7.3269612942429285    5.431690323092308    3.3471508402203627    1.6356949868049668    0.5516546125936674    0.17894806156986998    0.5332255032997801    1.5972723083903277    3.2562120798921614    5.188249344323027    6.843161504847567    7.651701138572948    7.289955607129976    5.975238229228384    4.082709365452629    2.216725355288692    0.8809177170668546    0.21410208738721842    
