2.35883549555986    2.089381646449529    2.279229969107054    1.732976426256178    1.4344348713583164    1.2110579460963264    1.2364302543929895    1.2629305830735842    1.1867215349316822    0.7558735174964057    0.44672740415713696    0.2154341408768986    0.14288332185844488    0.25157610196063007    0.43987491805744416    0.8774377219508518    1.1086078128302936    1.2495331827295537    0.9861304515147362    0.8232040268507246    0.8774377219508518    1.3662281061073314    1.7957879741668705    2.35883549555986    2.5594250378692163    
5.249159590113541    5.249308035811811    4.870184167874167    3.9365984366206064    2.8689285537541154    2.410008692060795    2.5105635332558003    2.498373410844242    1.947365251112794    1.2724749138357756    0.6270718436477781    0.167472460411108    0.0    0.16884819348401175    0.61843732744186    1.1909665559874156    1.6735156923072796    2.00787958251166    2.197715880966786    2.130904331211459    2.406803391069773    3.1088355158029355    4.08125154512403    4.778291478226938    5.151868290920473    
5.3641082014015895    5.371973309341977    4.971115225651736    3.973242813790572    2.8748150519918325    2.418063677458398    2.53770255134364    2.5199900230648637    1.9410513238115479    1.2648950208278422    0.6232360934900607    0.16409347482497802    0.0    0.171705988711026    0.6199332644850621    1.1887226590953017    1.675575318647842    2.0249428426329628    2.2376801299089544    2.205336918721476    2.5179265452339767    3.243616161479147    4.2192926395306944    4.967225710645309    5.309480431053851    
5.422495167720452    5.475288740796146    5.0698431441185825    4.015988902251244    2.896972692030164    2.4459441784336864    2.5713000029243704    2.5428220312797096    1.9397051952842315    1.2576817583624276    0.6201858818196481    0.162110170002903    0.0    0.1737760391402905    0.6227773873384457    1.1885766308189407    1.6737509879908814    2.025593560797781    2.2512616184295533    2.2318995702515547    2.570254786337938    3.3277006111732756    4.291245123246209    5.025771270432477    5.34215199075088    
5.446131392774412    5.501473838070516    5.099886924042798    4.033502076844524    2.9081951857986215    2.460965380869624    2.5944884103925707    2.5591115825887933    1.9382159736556706    1.2532824681805566    0.6181331098249659    0.16055806046670323    0.0    0.17728612034901806    0.628166992931064    1.1912095912290785    1.6750568615256383    2.0282403768623816    2.2588544468133605    2.2469396196678346    2.6030033469868425    3.3799884304947114    4.3509879233494075    5.080660725676036    5.383396999168349    
5.448898017237301    5.5306387696087915    5.1269420521407145    4.048781852292562    2.9143309226724154    2.4664306893068098    2.6095519796383893    2.572056970797971    1.9392976938407698    1.2520434815748573    0.6176239029872567    0.15978979325154496    0.0    0.17988093574618153    0.6333734638726061    1.1960382044964706    1.6832179535549032    2.0429057479085047    2.282821570648889    2.2745828009243    2.6359828355329253    3.42234235360494    4.380783457358265    5.069116780754337    5.343579661561176    
5.455257067291815    5.528867603581594    5.153781485504342    4.067452268687313    2.933542628151771    2.4877182729745435    2.6344876095992182    2.586480742016632    1.9400139120818953    1.2498926374641672    0.61708216157664    0.1592183911417281    0.0    0.18242795779988427    0.6379720509694257    1.1999270199292607    1.6886708986720358    2.05323271434891    2.2988913549512913    2.291996258671591    2.6590070272939417    3.451510519859566    4.400975657978034    5.063502816165462    5.335540894435324    
5.439931863704352    5.503273510217914    5.135116799358124    4.070295561617407    2.9454296023535766    2.503563807914573    2.65298390056089    2.5954826406464524    1.9384944174012175    1.2469804763068137    0.6158326419709143    0.15823058364208586    0.0    0.18478212311475192    0.6426907972437106    1.2047341382663295    1.696208170209217    2.0632874924439992    2.3106139649005146    2.3035710000355536    2.675002449747144    3.475369479884784    4.422664248375689    5.068000510452892    5.3288640752524055    
5.437453008495023    5.501027955641675    5.139776847399628    4.085829918846856    2.9634414905742754    2.5225065309149355    2.672383566231592    2.6045987901331826    1.9375501648843394    1.2440602678706836    0.6142274509996836    0.15743747406701747    0.0    0.18671959526388882    0.6465361361679721    1.209651349396069    1.7044629434285472    2.0775257587693883    2.32882296336605    2.3218914111849926    2.69081100386531    3.488306657918724    4.431541534291389    5.065620803328433    5.320880402151781    
5.41678175145785    5.485236329797848    5.144434757407941    4.096229266145426    2.9811747413883602    2.54260761594534    2.6924141109192012    2.614549811280424    1.9376677543060523    1.2425624873919199    0.6135920117435864    0.15699152564646285    0.0    0.1881916601410561    0.6496657112862401    1.213803619878894    1.7127784043281353    2.0899549058611067    2.342263697786414    2.332483344257592    2.703064323330002    3.5037572247885342    4.439039768007948    5.064357274495717    5.306557451765073    
5.37537954264873    5.470781121259007    5.147023761263487    4.1109724183188625    3.0024269752950175    2.5655729136950938    2.7126414440823656    2.623402945225235    1.9373749993361988    1.2408026954658202    0.6125610675937923    0.15634494043681568    0.0    0.1893481526744135    0.6523202610303321    1.2179902136435778    1.7207073782684033    2.1025231419134034    2.3546736920786926    2.339767708294528    2.7101487214919158    3.511606218581984    4.443241929523603    5.050257672843445    5.274246561024523    
5.378997924685004    5.47211559479321    5.154435966198818    4.120236184427178    3.014578374546143    2.5791420266528755    2.7256984834629336    2.630342664788235    1.9367687408906953    1.238510688372682    0.6114292707185984    0.15583943092708816    0.0    0.1904121798559187    0.6549519792436589    1.2224326288092704    1.7290786540753733    2.115707880462946    2.368271068637871    2.350021988289233    2.7210404887714166    3.526025950018303    4.45407625340823    5.044806651672745    5.27318915984712    
5.3787070906321    5.480867356844474    5.159150725880483    4.129971043793101    3.03020548255646    2.596639114374046    2.742289566715459    2.636803675878092    1.9349635465460489    1.2362797538709913    0.6104592728525203    0.15542679840209514    0.0    0.19178147353146532    0.658024768655049    1.227107944533059    1.7366879233424566    2.1274557568964005    2.3814654686671934    2.3619245467559473    2.733217137011497    3.538643782396615    4.458604201331818    5.043394416613993    5.267235626483805    
5.356697130148615    5.465417537038458    5.153051850233761    4.135071574169549    3.0436541354806796    2.611764498863766    2.7564095685976344    2.6421583902297274    1.9345204647157692    1.235011302390953    0.6100580663305561    0.15521340981158271    0.0    0.19280307700995675    0.6602286219058753    1.2303140272305155    1.742534961953869    2.1369751670871713    2.391951089643859    2.3704260594765016    2.7422730600874923    3.546288084553192    4.453427687004126    5.020586422980218    5.23752882712983    
5.365192083805962    5.470315114019088    5.159526805053871    4.145637543512428    3.058241121584147    2.627571283135143    2.7708170975416193    2.6480169610094855    1.9339603233535556    1.2337705367881429    0.6093761704274004    0.1547977954266342    0.0    0.19401630671505926    0.6627300605510547    1.2339429839624974    1.7489164019918517    2.1474421537132966    2.4041287665982316    2.38255509915611    2.7551415696880452    3.559579108840682    4.461665953325638    5.029611266671667    5.241104648801842    
5.360477768643461    5.467993567675612    5.156520210486903    4.154389718776515    3.0707896460758115    2.6399300379244814    2.7813373412056426    2.6523573796169337    1.9330006068399517    1.2321066346955776    0.6083761330057375    0.15429076441337605    0.0    0.1951981170842677    0.6653602539507074    1.2375880310696938    1.7554579659024239    2.1580338385507516    2.414353152321249    2.3894352928567715    2.7635040871729197    3.5704502994992073    4.469055221147338    5.029527396381774    5.23758525907926    
5.345608808761926    5.46253618093245    5.154599924133304    4.160018012802156    3.082996012382835    2.6529697847142075    2.7915599464630865    2.6555552082941833    1.9318079834501287    1.2302797090870343    0.6074856589921231    0.15375584752969523    0.0    0.196349391751445    0.6680041470249173    1.2412632206041117    1.7620251256930348    2.1685217366862033    2.4239189368516074    2.395997137130386    2.7711505124913707    3.577879050110036    4.471346892018313    5.0229955353665    5.226248715112267    
5.325025455636549    5.452208511861846    5.150315054670778    4.1601866440555755    3.089577888959289    2.660930041675839    2.7989991131754413    2.6578706750137853    1.9308319868913517    1.2286467256617288    0.6065719153756451    0.15330346159936753    0.0    0.1975736820108518    0.6707770260373755    1.2452316238325203    1.768182844826365    2.1775099968580407    2.432737729364407    2.401748333734445    2.7760040076240697    3.581788008561014    4.46482771764001    5.000347165382737    5.202984400102847    
5.324653613179305    5.453443756500371    5.15048880833932    4.164115673047914    3.097781538120883    2.6695944845182775    2.8071692867012636    2.661084920170571    1.9304009795767252    1.2275604826732045    0.6059673041529406    0.15286840174118324    0.0    0.19851396265486088    0.672807407093236    1.2480660353037905    1.7735924536035945    2.1859558134499255    2.4416956456898897    2.4081830968653315    2.781496111312061    3.5882527721308737    4.471452365113402    4.998764390740625    5.197054865521939    
5.312612291620477    5.443953460736957    5.144967656531148    4.166699087334864    3.1088035550023614    2.682216999994993    2.8176279727737965    2.665171737198335    1.9308271799697259    1.227334932622566    0.605941699247851    0.1526795436713665    0.0    0.19933577194555005    0.6744697425998326    1.2503173836112125    1.7787904604649767    2.1946162825193043    2.451023122615079    2.4138059300929515    2.7848032991647758    3.5908966935429567    4.469354061236904    4.9878480246440375    5.1832083760045355    
5.30863371323078    5.43811021643827    5.142689135023029    4.171820472814637    3.119000385260179    2.693467504931199    2.8277342245627675    2.6705988730354644    1.93289272822934    1.2287264257985513    0.6072552749773702    0.1538889157476068    0.0014510104672788016    0.2017079183895798    0.6778019818233423    1.2544290538117082    1.7852087805321646    2.204267265758532    2.4609483205576224    2.421941025801837    2.7924521584479494    3.597285906892278    4.470660056178016    4.987215296273999    5.1805166630456485    
