0.1106506181546501    0.44329131552992984    0.9530019577941762    1.9044804421214814    2.279229969107054    9.419818489320718    9.419818489320718    2.5594250378692163    2.35883549555986    1.5999474888695562    0.921617895714987    0.46777052013965326    0.1682556527745429    0.31438780247686293    0.7616897549156751    1.763555352607205    2.5594250378692163    3.105671838458748    2.692452776621507    3.5188834091533696    2.5594250378692163    1.6761564552855441    0.9140234042552513    0.3753623359137508    0.3116341728202926    
0.2918658311150227    0.6829042338909042    1.5242362297892769    2.789720256932186    4.303705698053408    5.404435663115971    5.603833039595111    5.005783072023936    3.851105812182424    2.435554564270393    1.2692149407674713    0.5484442349205584    0.32625865259235015    0.5891053538108801    1.328502192007607    2.4764677539054984    3.778675703280884    4.8532905135418    5.318829791511888    5.050331427777219    4.046321516113794    2.6173079076532852    1.3792451720162688    0.611092297055943    0.27379229559301627    
0.2724202334241045    0.6599307984131547    1.5058338462615604    2.788924532703193    4.31257031242339    5.4993187147594496    5.736549265627326    5.118924384179282    3.8801545835176108    2.455129622537626    1.2859138137169968    0.5680220860031694    0.34903572140099104    0.6150922128181278    1.360895867451771    2.5160674877369926    3.840898746987518    4.946498315951959    5.461766855077921    5.127860478988946    4.061673958537063    2.615119181083137    1.3700120604792794    0.6033042249329752    0.2624721280607244    
0.2598471800207783    0.644959090536645    1.4937682515841264    2.7861701037528093    4.332663089421335    5.518081700735355    5.803214213273007    5.160255596282602    3.8968734915145316    2.459234917317511    1.2921568707932833    0.5787558862026837    0.36491976878592025    0.6368120325205355    1.3881798525131899    2.553963588647349    3.8907401019788    4.99989558182083    5.5209534419692705    5.102789076619626    4.035396974263972    2.6039607905347477    1.3600935924838167    0.5977536301822973    0.2550869716608279    
0.24968478103017597    0.6333609696562638    1.4824860365338703    2.780264542946235    4.340051737009101    5.550616585753074    5.802148184200653    5.169192627433336    3.908353521127728    2.4669458730052187    1.3007793214706065    0.5908325421314264    0.38027905894283964    0.6569947905271711    1.411685145139188    2.584739668216942    3.935120665201765    5.05669283601162    5.54537641783316    5.112578111424087    4.036024448150436    2.5932561850038907    1.3494585838599236    0.5918819837590671    0.24922413105778635    
0.24186659728498555    0.6237655372374302    1.4740519262344058    2.777541116345997    4.348343024454703    5.575932682865275    5.8231917938673075    5.195164710737531    3.9247238732228023    2.4770679526052226    1.3113672673753085    0.6033444569205203    0.39507868212287817    0.6753785552573853    1.4334527760245646    2.6120836715360745    3.969331348952705    5.098493539033298    5.583879503024253    5.127325888812865    4.031103286804008    2.5837724924411902    1.340652277751998    0.5866067627008941    0.24447119991620703    
0.23537185240704545    0.616798475685322    1.4698747093828142    2.7808858022667713    4.3581028729091695    5.607261876918074    5.857451436746824    5.219605299160268    3.938817839091023    2.4867862776412353    1.3201637485836046    0.6130644668697686    0.40660325698875216    0.6902458619610891    1.4512374282490113    2.633069230156369    3.9938761336389335    5.1341548756553905    5.625103522804093    5.1417278839498906    4.040337151923982    2.5801315001864316    1.3355924836268116    0.5836541103349712    0.2407613621496004    
0.23050017393271433    0.6115434705983278    1.4653476751404488    2.7783198599171945    4.358286935454169    5.613201006742677    5.867256292773891    5.238103337212563    3.950117552666328    2.4954352690113772    1.3280933787259988    0.6213393137741711    0.41628344290889285    0.702417480735286    1.465366265992641    2.649845369442764    4.016023065065651    5.164014652830799    5.63462562388378    5.129696828282626    4.037827871697777    2.5755847508032637    1.3302817743001636    0.5806552309269    0.23753010367559704    
0.22634349943879326    0.6068847025176111    1.461448103359571    2.7770514214355186    4.361465772372443    5.621638955906554    5.892083061249915    5.253369414948497    3.960799140681705    2.504216175984942    1.3349468956947006    0.6288114245932842    0.425660616149401    0.7145338667667848    1.479347679118336    2.6664926977300283    4.035724233924353    5.19358029262757    5.649951123408465    5.121501216917746    4.03094742720284    2.5701259325186023    1.3248929633815236    0.5773462314737198    0.2345354341916626    
0.2220303302535121    0.6022910107125414    1.457909523196404    2.774892741324512    4.361840085145953    5.637200191769933    5.90574378969034    5.268220121881717    3.972492505566288    2.511387467543588    1.341667476794522    0.6364279044292032    0.43489695842122134    0.7253641337569132    1.4919547117207717    2.681226947161161    4.054386373626654    5.211311173653583    5.6669655884714585    5.130520584132196    4.033181684462688    2.5682528283647694    1.3217606656115164    0.5748783582682321    0.23160479974658627    
0.21742994652773395    0.5975840491736648    1.453238785052349    2.7705490698288253    4.361043353234425    5.644203690713969    5.916620098629663    5.284500952883276    3.9822820221961632    2.518609454678602    1.3489579924420019    0.6447563394470109    0.4446004301670482    0.7367711736164257    1.505219910345465    2.696908208191037    4.074255846700822    5.235191360707653    5.678796348094753    5.1347998038270735    4.032547109914905    2.5651407104542177    1.317887353452294    0.5715871577319747    0.22772059531035582    
0.21333123101290416    0.5937484232476857    1.4502963322149252    2.768605758770789    4.363504587312265    5.651077329135572    5.930922046609385    5.299226698897781    3.9899679166478252    2.5232639809126907    1.3546044691608947    0.6525045274456869    0.4539168663122708    0.7475039171311466    1.5169230254938366    2.710111577944018    4.089170248443304    5.256191965889418    5.694294589054027    5.137624895554158    4.030341078826466    2.5610808525012163    1.3139927215669902    0.5684677876073906    0.2240187132895764    
0.21014925759499653    0.5905769906456891    1.4473500694513988    2.7657207785220455    4.36411168953475    5.6474158683423905    5.928489868983336    5.306016143594081    3.99683149182362    2.5285850397802347    1.359660188502779    0.6592094429733648    0.4621374543537336    0.757059215368163    1.527443838976751    2.722611078286407    4.103706684313293    5.269523471444961    5.702175637116783    5.130864599700153    4.024412214008497    2.556910530085066    1.3105011658243344    0.5662629734505357    0.22146320267135128    
0.2073782747255048    0.5876313777558386    1.4444530292434425    2.7628817531059995    4.364992599525687    5.647746137626356    5.941693942724861    5.319660898930274    4.002279564093168    2.532996508401737    1.3646988899602641    0.6651819825364498    0.46918824469055603    0.7655119720162352    1.5371899344379147    2.733183676696155    4.1160154420568835    5.280742001086987    5.706372827523036    5.127161588260673    4.020693404934552    2.553017458564289    1.3071899724007003    0.5641313929971555    0.21926666529171163    
0.2046851445622231    0.5848670115606426    1.4419948359198784    2.760732025401753    4.366648988037713    5.64684289151448    5.950212634474167    5.3235638812097115    4.008246312983799    2.5372630453807172    1.3694620976246696    0.6709694339742887    0.476284646862314    0.7741553751823378    1.5472045249877422    2.745092055923929    4.1292817272589    5.29473184499701    5.711698483530798    5.128621689026479    4.018693963466515    2.5503051653982656    1.3044103702762955    0.5622320791376404    0.2171292426431256    
0.2021731239886007    0.5823449904705268    1.4397220141840041    2.759134521856695    4.366956692270155    5.645934283335774    5.952407873530298    5.329985788995187    4.01702392821724    2.543210137772284    1.374388285679797    0.6764672013045632    0.4829673245137131    0.782335425158217    1.556753025678666    2.7566779636607084    4.143530140298899    5.310501846974664    5.716621852661874    5.133129405984642    4.017225437481263    2.5464263929476973    1.3008622156682799    0.5598756492990754    0.21500641440104293    
0.1998068887579061    0.5798463577297333    1.4371515423569774    2.7571574512379975    4.3667635913588985    5.645817335073214    5.960615142345129    5.341376445165294    4.023993405920182    2.5489229794066017    1.3799232979807907    0.6820991786115279    0.4892731739106581    0.7898738124287883    1.5659484631361305    2.7676682677780917    4.157688445507735    5.325931782675501    5.730011092144502    5.1359345489357935    4.014746858017051    2.5428154451214007    1.2974096119387186    0.5577449511105348    0.21302148387150854    
0.1977639823478746    0.5776168920846497    1.434935471969463    2.754799551039514    4.368491621097268    5.651701464921838    5.970298560756839    5.352245283770336    4.031668761109046    2.554391467154158    1.3843722115662458    0.6869947265891598    0.4949332744833854    0.796655217747586    1.5741103947008068    2.777546993520698    4.169141502940607    5.342920584462062    5.7418627751385465    5.140709461914146    4.01443945353502    2.539911110561226    1.2949093065248387    0.5561530478247436    0.2113884339508143    
0.19549306996307655    0.5752087059715119    1.432225592645741    2.7523770127073357    4.3692061220016205    5.659014084352795    5.981702236173677    5.361005778566812    4.038382479997826    2.559851594321195    1.3891311657652046    0.6920718254450502    0.5007345263697583    0.8037252568450339    1.5824355357311148    2.787372442345048    4.180134800500961    5.353027256437858    5.747762644392363    5.144200566642552    4.013198275821861    2.537089214362135    1.2919925917420774    0.5543299648184402    0.2096315171285894    
0.1936968840557533    0.5733936918426131    1.4305472498259817    2.751529762425318    4.367945227696578    5.659691607707545    5.988009600708568    5.370016514692682    4.0448607898410245    2.563849553059274    1.3932575180332887    0.6970159262123249    0.5063644217831386    0.8105097746587887    1.5900634541244196    2.796065555805937    4.189266231701414    5.36312887259259    5.752991243722116    5.141944898845064    4.0114221380318185    2.5341311462933267    1.2891615154040954    0.5524037067986086    0.2079643230270036    
0.19364129391511026    0.5735014001346854    1.431248712373483    2.7528857573356507    4.3719361084409165    5.662127110479331    5.9941934974957825    5.37465956034383    4.05117946586499    2.568304366866259    1.3979596939433865    0.7027953455712529    0.5128208913776615    0.8181042061268375    1.598615032385497    2.805222587062643    4.198504294650398    5.368674178268506    5.755679743496546    5.138423814105197    4.008648991947501    2.532478403151962    1.2880609302928832    0.5522987395145387    0.20812657973654625    
