2.873648663933524    2.288923838269619    2.0990755156120944    1.7426702954187432    0.5911759666259832    0.05714070134343438    0.2135517281930077    0.6998687241087185    1.1846098835538152    1.2726244522361494    1.8756991578900837    2.873648663933524    2.702146645784072    2.288923838269619    2.0990755156120944    1.3445379339573087    1.2084594358202043    0.7373080861690375    0.195484897534455    0.10677278377722124    0.6597756601850159    1.2461241235555547    1.999484988452684    2.5691189070317813    2.288923838269619    
5.975858112694487    5.631133889750099    4.597699979051207    2.5556576689047925    0.8583687167334826    0.06521645197874311    0.25894548833692826    1.3259033406372047    2.408255308379001    2.796851068924202    3.5716850757360983    4.570586966824668    5.199787560008948    4.539867929787402    3.3566107729795203    2.4908788549463154    2.0077769575609907    1.0805933766473421    0.2551398279400598    0.16562875133320465    0.8469520590627827    2.2666859044103838    3.653652327579733    4.752519491742523    5.55003293972472    
6.181002772846345    5.8517326186245295    4.644004916134494    2.5646503348350964    0.8636728309550876    0.06485850609616386    0.25494607043503353    1.3317124156692404    2.4794865131215476    2.9343511981467603    3.7105547469591764    4.659912320701849    5.242012614182487    4.584060143249578    3.4084768862257135    2.526654710277191    2.0352000721100247    1.0819956983981858    0.2533373794489839    0.17158624352138757    0.8669021834114433    2.3226715873169628    3.8065662718319584    4.935317362585594    5.758649165283222    
6.311828537633092    5.943016711687474    4.671902839381865    2.5692550704060877    0.8685178214898398    0.0649856808616803    0.25341928577261    1.3336981941744213    2.5027371251419956    2.9782678495643706    3.755722963257519    4.68127491618105    5.295549331184403    4.634623840774484    3.453644062485656    2.5740099008930044    2.070729087532165    1.0891087711545249    0.2561256908098399    0.17740427089060049    0.880841581527507    2.351044294710258    3.856827506913403    5.003299673019322    5.850924475069799    
6.35361818732494    6.017654397652362    4.685243703481358    2.5731774604492923    0.8709390463912301    0.0646520286282065    0.25142608737432015    1.3339768326768033    2.524927146215661    3.021996403400908    3.7908575018068564    4.705533140975045    5.333798740222489    4.65053606337173    3.475057696875524    2.6007695010856464    2.0924609449104326    1.0937991683410146    0.25783536536001017    0.17999469613857164    0.8892234106246117    2.3720870337463436    3.9153387126168    5.0509918579622655    5.900016165107441    
6.322450839155268    5.928574653771925    4.651833406721626    2.573949002061214    0.8726871097069615    0.0645515265973468    0.2505570590706716    1.3347840394116548    2.5366945079607355    3.0428133322840942    3.816214767432971    4.72494274283917    5.368903016321613    4.676576594194849    3.495557782340666    2.618776861553503    2.1060746467761153    1.0967432687842522    0.2586685731404819    0.18210503111054782    0.8957596823272234    2.3884218251211435    3.9539288168527844    5.094619519060298    5.937040883408339    
6.338859594631045    5.9560958093780725    4.658066875233869    2.575845903719511    0.8736057145537665    0.06390928583797928    0.24911881105955383    1.3349090367371457    2.545557166648179    3.060703469883606    3.829623071384893    4.725358433766449    5.3624339120522695    4.6862549668825615    3.5089835594755203    2.6297466836195706    2.1171517036941734    1.1003885589510543    0.2597521176089793    0.18398316308516474    0.9017462785793268    2.4048315920635823    4.000658115494227    5.156146001911756    5.99937480836776    
6.367758324557676    5.974418321592042    4.661574090367872    2.576722711881951    0.8741411619648621    0.06326372881461317    0.2479178041509094    1.3348765415320687    2.5539228439319968    3.0696032010612444    3.828896556098388    4.7172522776447225    5.379090558260276    4.708374943244403    3.5281108160044754    2.646119042961668    2.1306689085288797    1.1039346556201932    0.2611944738157053    0.1857027059952255    0.9065678590660243    2.413760858084918    4.012923679553776    5.1838299494090805    6.03490788869946    
6.406529791176428    6.00515049142763    4.672119789506969    2.578701236366573    0.8755636091646788    0.06334765882437608    0.24731807304120532    1.3348059358124589    2.5567397432209926    3.0681076279084145    3.8217905727533616    4.699532739248078    5.370501548132961    4.7174793228686696    3.538116668381282    2.65769010126676    2.141556823099082    1.107051310372804    0.2617641198879756    0.18654453924836473    0.9101540310520746    2.4262316364408743    4.054776490282988    5.22944703963884    6.07599513481705    
6.454768038999208    6.0247452728981585    4.683996107515538    2.580750694718165    0.8772546874320231    0.06369920969751916    0.2472620561723822    1.3353385939696722    2.5598303892238286    3.0684585768609427    3.8201799681154123    4.690777874844521    5.363314267807034    4.7234106022471    3.543110947192573    2.6660533886916657    2.1508538400808814    1.1101484263575736    0.262778024073705    0.18773047183775424    0.913501625469865    2.434086755319324    4.0738404129846435    5.249185104583458    6.101238491712225    
6.450004161265831    6.00445911442074    4.67422862088719    2.582742036932051    0.8786219810736079    0.0637169648236797    0.2466204557385318    1.3348841654165369    2.5609293830962274    3.065950830182384    3.8076460642774634    4.663150221469643    5.346471144447976    4.741894749363438    3.5570693597502903    2.678667174284536    2.160925188885524    1.113375414365378    0.2640157267927989    0.1891260102517376    0.9165988636070107    2.4430315871592216    4.103465518349755    5.285279464521244    6.114140540605946    
6.481412170682983    6.035083243188068    4.686446615723487    2.5853625438995396    0.8800058907988457    0.06379385236147983    0.24591021888436287    1.3341828754900105    2.56312748970278    3.0744335477338183    3.8169766513412    4.671029629749059    5.3615259042605015    4.758506905437254    3.570193718525896    2.6889236814379633    2.1689413737868217    1.116184662515703    0.2651375009896308    0.19031625039362438    0.919459854107668    2.449327923847219    4.120206634028309    5.3120389661792595    6.146501207001851    
6.509616342923136    6.056077372287972    4.689599007621205    2.5880453400059857    0.8818560805054373    0.06411602157045937    0.24544478859606927    1.3335477151750774    2.563952213661538    3.0781281604067203    3.822279855461703    4.67859494142688    5.366957818935365    4.76415354414502    3.576062349216913    2.697057215876875    2.176562254000533    1.1194775293082349    0.2666835071117069    0.19172474851644694    0.9221857955915661    2.4559893711794665    4.139507864902977    5.3285980307000544    6.145097985883627    
6.5141853577564905    6.066211982377379    4.694487259325094    2.5903965650197858    0.8830757089133927    0.06408544543276888    0.24454162075755204    1.332173549619978    2.5635676105467984    3.07745880288054    3.823691388381514    4.684170066204258    5.3742489411890775    4.767938767476653    3.5820925226884857    2.705932513400575    2.185093490777546    1.12249959269559    0.26805913434991974    0.1932529099291011    0.9252247915385217    2.4627671336129526    4.159249036179195    5.338418057801036    6.141564506241437    
6.52072155292761    6.074883108182116    4.6973029912001625    2.5924906829007153    0.884093898271116    0.06382828272473952    0.2436462906080682    1.331032680750061    2.564507011327402    3.079228843255473    3.8210932535341544    4.67902832603656    5.377572406803353    4.7770358504727355    3.5912412587299887    2.715236040239139    2.1929892447965416    1.1255324271770486    0.26965942171204627    0.1949541233878918    0.9281061668838976    2.4686522145421703    4.177795547586382    5.353648704021834    6.1537977196842935    
6.527387609664852    6.082280928655279    4.700785366154039    2.5947072562918843    0.8850526388521196    0.06349611983570974    0.24282991890799044    1.3304874337975305    2.563229980871567    3.071982751142923    3.810423184333621    4.6663136574526884    5.372300665687961    4.7874919547006956    3.601533170919105    2.7246996471798712    2.2002325815033426    1.1279612971770792    0.27096173639726684    0.19671554110136108    0.9313006900372597    2.474076821687468    4.187596598580822    5.364226633843473    6.1676303798612295    
6.519912702597247    6.074042533602711    4.7000191031244585    2.596051776128539    0.8857327738358636    0.06305918945590432    0.24176750953997855    1.329312495189226    2.5620778710020113    3.065934410162895    3.7995690622489953    4.652401900706055    5.358924848531409    4.790387226522637    3.604938653685211    2.7297179583371323    2.205684589191812    1.1303659358977134    0.2725657940646236    0.19865503152746578    0.9343106944820017    2.4796130399594305    4.206312923290754    5.383797945162433    6.1835625946987065    
6.538955787633262    6.087198386359427    4.702347269392227    2.5969456519924865    0.8860639431917714    0.06247202169390102    0.24052185463249684    1.327679162481608    2.5614942618606586    3.064532968470072    3.796134764704351    4.6487140072542    5.358890982885151    4.795234376739163    3.6095177253998543    2.735073319337272    2.210922813539365    1.1329512936668313    0.2742406962434296    0.2006412740351512    0.9374809868247899    2.485061824830465    4.22074241511384    5.401367207712961    6.196153836516488    
6.547076488225837    6.087508337096531    4.701556569052897    2.597990304324519    0.8863829608042526    0.06192442482623077    0.2394690439439805    1.3261723380056771    2.5587827089754454    3.0596169485694578    3.7871825886670116    4.6362199304747564    5.35233888162962    4.798333320942173    3.612750150787109    2.7392125705938493    2.2150770192710785    1.1352888525392022    0.2758111290380687    0.2023954671984974    0.9401093877314088    2.489097729087519    4.230963295360433    5.413915706300198    6.214563200994391    
6.566081368254293    6.08742520894117    4.699770490978518    2.5982670855778522    0.8863124581580016    0.06110607345668863    0.23819363241628042    1.3245727473965316    2.558982940057    3.0614700995126927    3.788748120699784    4.637951259487904    5.354984715520916    4.799392280162171    3.6165953237288404    2.7445778974499833    2.219931971555378    1.137346697508772    0.27710831399715635    0.20389040705048184    0.94239006756321    2.4932984916188072    4.243702750461465    5.430522659160387    6.230289020950905    
6.57343540407843    6.087043831517815    4.700542360314896    2.598593781471944    0.8862649908178701    0.06030823602502761    0.23707430528976658    1.3232007132230328    2.558377926379799    3.0599955618949446    3.785291891173423    4.634245240671732    5.352687772357484    4.804325984969502    3.622350258472456    2.7503426898027703    2.2247985821529697    1.1395480527151078    0.27831820438851035    0.20527729047872695    0.9445871699204473    2.4966771010072444    4.251075177506733    5.441980981963437    6.249071445386669    
