2.873648663933524    3.1153657076213133    2.4604271049859867    1.5420794688547221    0.6998687241087185    0.13826048731405757    0.3104389764741087    0.7103279333689845    1.1616778516272197    1.392256122461672    1.8756991578900837    2.2187067318061806    2.2187067318061806    1.8756991578900837    1.7135836274158078    1.3294444913116856    1.0877227030696177    0.6947071365432504    0.19771353484814339    0.08790539253006227    0.47390521622169235    1.1505343619660842    1.999484988452684    2.155895350373413    2.288923838269619    
6.035902427595144    5.611264910481652    4.256828721338171    2.372904368738784    0.8389761317605626    0.12238149663753342    0.38107699223237745    1.3994162701329365    2.3375259822476093    2.962764336443813    3.6170595916466817    4.266345888395102    4.613458636358156    3.9684357354292996    2.996520512077777    2.1540943933750447    1.7772599977006418    1.2292553989259682    0.2967629957623725    0.050888765393430006    0.6764339422370095    2.0806517730440115    3.5913992309252953    4.547646663439546    5.538308980699438    
6.264538356831196    5.775225110657472    4.314114205196722    2.385695176611992    0.8367354910761894    0.12154900103565243    0.3880628885107572    1.4258997394816575    2.3741636187462523    3.019847212263526    3.6554494682295933    4.3366346645285185    4.732879273162743    4.0830301610123705    3.1000593345567635    2.2539014970271336    1.8624274412043973    1.253521009180911    0.2970729484369075    0.04816028577805217    0.6723855301244672    2.0787465250353137    3.6455139321946533    4.6810463994206115    5.728843856496689    
6.380873529168978    5.873896730448064    4.343224151333769    2.389205981371467    0.8363668436025207    0.12223753444263757    0.3946296817121977    1.4421967473260058    2.4027303079351507    3.0549955489033285    3.682319691597601    4.379999520577455    4.801114799856311    4.163848868492273    3.1697079318454806    2.3144383357663116    1.9159662529726829    1.2718292717927757    0.29996981132259315    0.048404674261627506    0.6720450134235854    2.0766800739588254    3.7028346841812745    4.783154814137592    5.839492330274899    
6.454010417472693    5.9478454896776265    4.367803325668087    2.391894188903355    0.8360894772313049    0.12238582264133724    0.39743431562950027    1.4518857936848444    2.424121758930221    3.080175365275846    3.6967881103529883    4.402442548924634    4.829748670610339    4.198646895688724    3.203386108856143    2.342095854139536    1.9433787481405371    1.2839090972460145    0.30160670519379473    0.04829223127710816    0.6715605618801841    2.0762168845787836    3.7230956047930968    4.815162175610448    5.885252031905804    
6.503644464391923    5.9705562481410315    4.37300461032233    2.392793366230663    0.8342476437919031    0.12111946186401383    0.39817299637809944    1.4571369016997286    2.4358236915171374    3.091812831973946    3.7008559348036214    4.408101674449963    4.864724718269767    4.247697757567306    3.2453860275305306    2.379852884103231    1.9779269506633064    1.2958832232008848    0.3037676208335842    0.049191470780592494    0.6713424555420376    2.07357578341203    3.728577477279537    4.831247568776922    5.925407332282258    
6.4973582780990995    5.966024406700151    4.372652642193412    2.3916201357026554    0.8329474906069599    0.12059155540685831    0.3986816439956708    1.4614547824770137    2.4458275350360292    3.09824118873639    3.6972823438725113    4.41187618981409    4.882068757965451    4.276495909613753    3.2741122057536396    2.409326533197036    2.0052314060861316    1.306020106150236    0.30583363813446823    0.049478900504686105    0.6702085599088633    2.069652056061527    3.718218876829888    4.817943798613956    5.9011731267700664    
6.519426634183665    5.952492746515637    4.369714598354749    2.38910851299428    0.8311071812207946    0.11980397064481854    0.39901502953609236    1.4653848561526193    2.457261223242176    3.108424981369088    3.700620519283209    4.419493789877431    4.896520044318084    4.30214402641422    3.2958488047202237    2.42654379926404    2.0227179023912814    1.3144087405198515    0.30834413997898347    0.05017416272584847    0.6697551427941532    2.068710964944541    3.7324104214967395    4.856437852579544    5.938604217508616    
6.551924540545679    5.97632527893735    4.372969015143113    2.3864201498815776    0.8291426608444216    0.1190400560383604    0.39936578549478957    1.4699575188438332    2.469842908639284    3.119462000814525    3.7042542493315174    4.427268462507627    4.911438250857602    4.315875770099233    3.3076614276428704    2.4382894552089067    2.0346299148490323    1.3212829274864881    0.31051911207257615    0.05091194650428918    0.6696148747165872    2.0687496282944298    3.737618914386252    4.872085402300284    5.965162084838557    
6.588619761881328    5.992093803871537    4.375177697933268    2.3853671141675483    0.8283446161992856    0.11876476866998395    0.40012144458681737    1.4735868715582299    2.4792268581161436    3.126283962130339    3.7035107482304723    4.430497356764961    4.930262021964899    4.342290162900773    3.3314851965459686    2.4591249930949224    2.0526166870343183    1.3286223483967075    0.3124837456997913    0.051665659450958315    0.669317720474345    2.068330470236878    3.7472259093722275    4.895027528987068    5.995314239953057    
6.613923574621064    6.002043623174271    4.37033399679834    2.3840037524361914    0.8275526216749812    0.11880025486916249    0.4014474048155083    1.4778992708375247    2.4876439138696154    3.12855848998524    3.7024041450548606    4.425364468360155    4.936088125426235    4.358256363924839    3.346518626945026    2.4725506472579935    2.06598229419316    1.3340515496865888    0.31390985117721987    0.05220820892409962    0.6689750021448175    2.0674528343518928    3.746025438067484    4.895369594946176    6.001467452819687    
6.647145531779537    6.017591804858802    4.372784310780627    2.383426271212143    0.8271530880845815    0.11874687283062363    0.40251698354405907    1.4821702908084984    2.4984946657004206    3.137272651702955    3.7072450871726095    4.43227694977768    4.949589468298134    4.37628112101622    3.3583905656736657    2.4835519141388827    2.076903764288326    1.3386897655602201    0.3152052544502099    0.05260577006097401    0.6686824521005004    2.067702231564004    3.756334698320798    4.9185871450138    6.031623643259278    
6.684080545787855    6.032481408884509    4.380149240065913    2.3837428270486174    0.8273943065890813    0.1191307011452416    0.40412288604143565    1.4866099543641198    2.508019111518708    3.1470746209158436    3.7153802082681393    4.43777376079567    4.964824140569843    4.399774207508196    3.379122164611412    2.5036134835199424    2.093568050157823    1.3431164057823441    0.31630780166073    0.05293014120155646    0.6682085804581079    2.06714303456264    3.765864134590795    4.941607284289923    6.060670542556993    
6.696760483040333    6.042900075967981    4.383566704456219    2.384095015932089    0.8276514539847232    0.11942360790498514    0.4056385325177708    1.4907797476909523    2.5159826623312607    3.155498024222014    3.7201593100788557    4.4422393499555755    4.970751412818197    4.414600565018299    3.391592094122772    2.515579414053371    2.1040013135550355    1.3459386738307402    0.31697010853646074    0.05322285055225429    0.6681612586075797    2.0670946904678322    3.770872190450575    4.956341829833459    6.066927409794462    
6.72047191190243    6.044834493092083    4.381627957197893    2.383281343345732    0.8273765891445293    0.11953558390683952    0.4069530881446166    1.4948345092312008    2.5251439758890197    3.164001572524212    3.725752906462155    4.44649431896928    4.977178819185808    4.432041180128174    3.4072676641238275    2.5292169960853563    2.1154377443009533    1.3493399767064744    0.3178304450581976    0.053668454043394855    0.6681832718901458    2.0671765302089673    3.778568201681172    4.976319162240296    6.094240252945393    
6.743957677379149    6.044497247953607    4.3786560759016995    2.3827168061994106    0.8273025760018339    0.11972721108404119    0.4082643708417172    1.4990058928596603    2.5345387711502987    3.1740361358792457    3.732308293168186    4.452903915316092    4.990292866873707    4.448967081876013    3.4233002517684548    2.544377505980179    2.1276917194847873    1.3522418921738562    0.3184318664426336    0.05395748389605454    0.667971252352849    2.066963382039869    3.7803947558117104    4.987092407262402    6.11763302078708    
6.761200858196599    6.054148525533257    4.378117193357785    2.38242619577698    0.8270519971025468    0.11961134996278172    0.4089841103011297    1.5029045477889695    2.543959735615028    3.183495529850494    3.7392129243843377    4.4610964032016005    5.001413399372955    4.464638781442032    3.4375972261149546    2.557698476993711    2.1395580952341846    1.3555079868232265    0.31930379401944364    0.05438811290247038    0.6680535083961332    2.067115708743787    3.7859677365564015    5.001546789893081    6.137028504153029    
6.768047052179728    6.057583058359481    4.377975517949238    2.381814685264977    0.8266203522843977    0.11930548852576617    0.4096790594326494    1.5068844080965738    2.5541579691797964    3.194300576227855    3.747211486075418    4.4705294259601045    5.01399935802742    4.478926192169615    3.451162812692483    2.570418032687423    2.1502388620757644    1.3582518884399826    0.3201565149964137    0.05495451897029979    0.6680935618197084    2.066993510659135    3.791951278693739    5.017484924303907    6.150696484215052    
6.78832287345872    6.063202813717628    4.376685567890356    2.3806325898889353    0.8261727272940786    0.119015566228433    0.4104335982824794    1.5105282720710116    2.563667753089937    3.2060278895207883    3.7581028065768125    4.480302511932378    5.023801526315426    4.492455594655064    3.4645329723983127    2.58285700295151    2.160425593391109    1.3608987956803904    0.32085600501914685    0.055271712840901724    0.668161585200113    2.067012552377072    3.7953523799367592    5.027155821289099    6.170586565165291    
6.797985224234659    6.057193805488177    4.373882133300161    2.37930995410852    0.8255760939106449    0.11874494113431383    0.4109430007612841    1.5130915907459324    2.570587795801725    3.2145795431381465    3.766792537585901    4.489067212223203    5.03678861529294    4.503559399082695    3.4733842722335475    2.591075232154078    2.1673575609541484    1.3629124005876945    0.3213200790333366    0.055413536209918096    0.6681442541381636    2.0670474096831026    3.8000615482087974    5.040599697279718    6.181453886509006    
6.789984168793806    6.051385795176762    4.371948016001094    2.3781397541742013    0.8249211422378782    0.11826166704223372    0.41116250341436483    1.515462382428784    2.578503309392878    3.2221745433904005    3.771885662352423    4.496506682196607    5.045726279302846    4.517117222286718    3.485153303760572    2.6014384146005454    2.1761403166600863    1.365171011708458    0.32195662472631126    0.05567639654750886    0.6680933600480596    2.0671253349608407    3.80842834483628    5.060886886811113    6.200311451238847    
