0.20022558783867905    0.428038644728029    0.8760025732983461    1.265846941347156    2.0203845230019417    2.7949576713233713    2.289838372112272    2.0772043577632604    1.835483318673894    1.442468475468865    0.9894837491028785    0.4355850709298067    0.1951301741607105    0.32815937933030637    0.5908579955305883    1.167433130945402    1.507568595125572    1.760866307021284    1.835483318673894    1.9207939958425313    1.760866307021284    1.0609043587875586    0.7542069034031371    0.4132264613412322    0.25653417654319666    
0.1944501955264661    0.4061738508063448    1.081418488479553    2.108613922608386    3.2211662302233504    3.98240776542726    4.237512528204444    3.9339255916241993    3.0205471223886455    1.865740900129812    0.9980544200436423    0.48259934394879067    0.27280223672882686    0.5237780039587142    1.2196460041534687    2.0753734022789287    2.7474824024083735    3.0797485987332744    2.8625091478864384    2.4048772190809014    2.105148372896736    1.718423878642019    1.1114377869780994    0.5664267849545337    0.28657592551220534    
0.20721169474887507    0.412531698598916    1.111652451519654    2.1664142572627623    3.310521255457431    4.132936970662727    4.439643116378961    4.111481116316225    3.115419519182432    1.9070026361137191    1.0164469043014006    0.4787066603955657    0.25028214831062434    0.519184289404523    1.262046214212158    2.1823217380389357    2.8690877735508553    3.214367563685962    3.0434163812189867    2.599960994019874    2.256747750161753    1.8261655656134073    1.182907533608629    0.6072447936645542    0.3143220504320631    
0.21522795964843314    0.41638497964615606    1.1338693134374727    2.218692913705257    3.392415492514087    4.256134422012866    4.577896172863859    4.2172745469699855    3.173125058278702    1.9402527768660067    1.0386068159635917    0.4768114010594863    0.23518487175841604    0.518701568712879    1.2901043521106907    2.2478259443421105    2.9555989047170828    3.303922829350918    3.1417435980452644    2.7018478521737697    2.3489707463191003    1.9047613334498863    1.2347902172683147    0.6359461184174197    0.3341743772771595    
0.22257392323350883    0.42169235424191404    1.1507767814086913    2.251730266593503    3.4385001918871816    4.318427804003016    4.651498518206782    4.282234771049308    3.21171445381368    1.9719809682329847    1.0600412378580601    0.4781472027049013    0.22458731579147573    0.5176633025771266    1.3105923560281318    2.3056771232859092    3.032533844588833    3.378903295056917    3.221187006392872    2.7810237983880097    2.415138999342902    1.9602486404100077    1.2727160321590394    0.6553754512378989    0.3474860841936621    
0.22830232137099649    0.4257618391116066    1.1642898472678247    2.277871391687526    3.4764725714142535    4.371894586156258    4.699661208088272    4.32940306843578    3.2457888653095903    1.999604976475875    1.078297023286951    0.47869482402562996    0.2154777766087546    0.516189656012797    1.3262443387281408    2.350847712128416    3.0940026332679276    3.437369764669912    3.282960638380088    2.8428444205610393    2.4648140274982904    2.001177977784603    1.3022356447570769    0.671878318437497    0.3584355416035871    
0.23352436123481513    0.42887896195606073    1.1763762784152658    2.3035646099809233    3.5134968666101947    4.425665144045811    4.7483599203014375    4.365224479740458    3.2763208075678136    2.0213616975495365    1.092731926086432    0.47790723103834454    0.20748548368360886    0.5157546134605822    1.3420412338169965    2.3924627023186025    3.147676343344257    3.4865287815789867    3.324420996586618    2.8797818395943984    2.499074775817934    2.0347745607059338    1.328388916274849    0.6868367187677846    0.36886730443318755    
0.2386155806161004    0.4328405751249306    1.1894259163158414    2.3317657964775034    3.5494715292874517    4.47290978088891    4.80158783031097    4.408223679409161    3.304180674372219    2.041478025378956    1.1046560770254599    0.4755644791136789    0.19885565023642068    0.5130846331501422    1.3536816889483236    2.4281223592862493    3.198797826939998    3.536133197752829    3.3706752645516955    2.922925224096575    2.5367772387050858    2.0678257075378217    1.3528193339837309    0.7001543937722619    0.3781470924295749    
0.24368361831275087    0.4370014175280281    1.2024330879657734    2.359312946051929    3.5833098896051    4.508443118155735    4.83957889651038    4.439321703210327    3.3292099774173716    2.0610381738088255    1.1159748778710805    0.4727701147832776    0.19019249001452165    0.5092956576884533    1.3609182863325713    2.4580449824530204    3.2433716693342647    3.57959862565948    3.413656937869153    2.965143634395562    2.5730070370170894    2.097308821148965    1.3722237186042625    0.7103161655402431    0.38614865727873227    
0.24905704027465134    0.44065784628132343    1.2131535833479974    2.3828381424197294    3.614511378334458    4.551162609972153    4.884475894372594    4.47843492704955    3.354850799245644    2.07830798181314    1.1261888984618444    0.4707672737604305    0.1830161830636108    0.5058719898827483    1.3665262111557253    2.483350177945606    3.286766465690825    3.6256917188594753    3.4574684736264563    3.0059611792187297    2.608015850172396    2.1255248590900724    1.3900039177905659    0.7200596604264363    0.3944586559082857    
0.25404249951768587    0.4438669787124147    1.2219067435970574    2.4021736051102165    3.6431797485104136    4.5822644182330245    4.912566991838837    4.503191080063495    3.3721142274272284    2.09259610621487    1.1343164290445822    0.46870896866124656    0.1769047369009525    0.5037574352982268    1.3729713244525694    2.506333120170364    3.3243480421906297    3.66918563249984    3.503588953896759    3.0496651691329126    2.6435213405034568    2.1508252216038435    1.404013012182441    0.7278730195339143    0.40196154040072724    
0.25876418039351506    0.44742685357723094    1.2307996216371522    2.4224665309865157    3.671384132605861    4.611578678139563    4.9331029470357795    4.52201529756097    3.38962415722698    2.1059124262203652    1.1423292311694433    0.4673299879167754    0.17187171410957172    0.5029170338048002    1.3797706712322697    2.525740564475238    3.358531344715853    3.7101469716321556    3.543842283799775    3.0868587469018127    2.675743528842687    2.1748118549265034    1.418087539457651    0.7362357306370616    0.40918768986929466    
0.26288969920175287    0.4495603890504922    1.2370548835013495    2.4380209014178695    3.6930318115458713    4.636514379479147    4.95835750812902    4.541433483026291    3.4057140546495566    2.11917607497736    1.1502687535559495    0.46668310157898396    0.16821765088993512    0.503163477157498    1.3873112754183432    2.545347063417831    3.391121888048438    3.749933933716488    3.584859058071464    3.125962356784885    2.7068013375260844    2.1978387876940073    1.431334633546873    0.7444070634011627    0.4161944469567157    
0.266888539527274    0.45157609796711284    1.2426753228130454    2.452341697220407    3.713502319998222    4.658170577677305    4.972681852008699    4.551981282406716    3.4191089278820685    2.1327852659148507    1.1591157357198172    0.4670176634503695    0.1656532553381686    0.503625985434055    1.3943275378658995    2.563446798387349    3.4213070526665637    3.7855108519205567    3.6211426131735633    3.1588037281858083    2.7328697611094546    2.2175917485780574    1.4436285210724393    0.7519969637160425    0.42287236925619853    
0.2707932550464561    0.45344103883288767    1.2480767010638272    2.4659118282374957    3.7338424690829846    4.6816354898203025    4.995010965853628    4.5738589815984305    3.4340455153498732    2.146161883893051    1.1674375345355446    0.4673598176190682    0.16340078439481928    0.5045110842279583    1.4018036172902475    2.5830416085329673    3.452642615143038    3.8216485944875385    3.6572778087768976    3.1914911023151973    2.7594185678988556    2.2373980256322916    1.4554082957920575    0.7596398915119171    0.42940149998560817    
0.27448378786080935    0.4554073610861733    1.2526931089232693    2.4778574091706322    3.75220201564251    4.703206129043755    5.011527651886453    4.5892106908462305    3.4482944759486664    2.1581491453563406    1.1747926328865512    0.467688667364311    0.16143929058576773    0.5057036253807092    1.4092570315943767    2.60096890447798    3.480774544491455    3.8540985651403896    3.6861869166627046    3.2167295783077776    2.7811982965521445    2.2544231888010318    1.4660091732473737    0.7664811893411119    0.43520623343441517    
0.2781779399685742    0.45731472668418416    1.2567123682758776    2.4883299581805356    3.767837051552017    4.7187217043954846    5.026676816873991    4.604813806143522    3.4600698262102867    2.1687799546152005    1.1817188024818197    0.4681510463041166    0.15973328566228756    0.5065435162776725    1.4145333674692215    2.611536209198743    3.498469605429766    3.87896850474466    3.7130499781131596    3.241170506458687    2.800909725012145    2.269927238547811    1.4763285823267323    0.7734197497928755    0.44119114523574476    
0.28207485415943206    0.45964978902946413    1.2612889226355588    2.4987318605755413    3.783237867445589    4.737208546646585    5.047423713155817    4.623479022588606    3.473063443605096    2.1795541020646683    1.1881864124123291    0.4684447288014031    0.15820733899604916    0.5077221495968046    1.420544379961278    2.6250092628426978    3.51941464779345    3.9039122892321374    3.7372383164110055    3.2632914927041465    2.8194225961369628    2.284253344837383    1.4853960309206673    0.7794124683057727    0.44665707805660304    
0.28575009124185585    0.4622110255198978    1.265845413737257    2.5087847275328516    3.7955029643088847    4.750624728477813    5.058680594602038    4.634038506164478    3.4851023847913742    2.189895038771634    1.194539765741508    0.4686485305388967    0.1567146804831828    0.5086033233052021    1.4261876543959893    2.6391372021448407    3.5410643688717562    3.9247972912477946    3.758353079701498    3.283329281798974    2.836552724453377    2.297476530055408    1.4930151791678068    0.7842149066905323    0.45142636393006635    
0.2888360195730974    0.4643146663661392    1.2700677289249154    2.5185711899123167    3.808004693383446    4.764066685168718    5.075140807240479    4.648687967342855    3.4964614281051842    2.200116382216723    1.2013553842799287    0.46934979333829596    0.15553652610419522    0.5095775620768972    1.4314287125614913    2.6513604688966805    3.560107245660385    3.946446818015593    3.7815874955187674    3.3050384301243927    2.853994433103399    2.3105302195697925    1.5005909434575622    0.788710320913904    0.45555017228071    
0.2916285476589177    0.46640694088100426    1.274448300105008    2.528211833735448    3.821960927581241    4.780813310236938    5.09217415190834    4.659930269675924    3.5075341761050787    2.2103888264312377    1.207889245510045    0.4699254039064043    0.154236773287899    0.5104076450921602    1.4365791048190824    2.663866733434676    3.5803750316950995    3.9675322583875667    3.8032036158766287    3.3247763908805323    2.87020993210453    2.322645888712611    1.5075166366785466    0.7928149791803797    0.459125896916436    
