2.2102328456594664    2.381736112375834    1.760866307021284    1.3303594532403797    0.6422829313690068    0.13946430891002332    0.1951301741607105    0.5039069888495141    0.8921159729568513    1.0609043587875586    1.507568595125572    1.760866307021284    2.140015739196028    1.726790850719283    1.6071593318379567    1.0943426181367932    0.9613134963429648    0.610898862367611    0.2027897198357218    0.19767243716626198    0.5344859827934207    0.9432466760057334    1.1059188909436626    1.8766139592859723    2.4904279144216286    
2.638914284669624    2.720497301907767    2.641132055725823    1.9085926484151188    0.85858131388795    0.25824407773579783    0.1497853015687185    0.5397542494425722    1.2117133048465059    1.6855981300830691    2.1838816170876822    2.5298639444910767    3.3122617860949664    3.650127352729528    3.1450865259258305    2.6716004961355275    1.9040655581365593    0.8479284948249861    0.1669344369873282    0.19057752478819226    0.7291724405406448    1.4937529484050007    2.01504340945172    2.3152354854857857    2.492378645082327    
2.6953727782252597    2.805542098906169    2.7572826286263594    2.0026343711409376    0.9104420180442325    0.2760591781083852    0.14041339245400952    0.5346177183517347    1.2553948766206928    1.7903885493351965    2.303392075231696    2.6336335346714352    3.4093636064318167    3.721645004369431    3.225640227137416    2.7437267095008155    1.9416730199201035    0.8530668875822113    0.16935671477919145    0.2070407547554569    0.7697502248133481    1.5519922143665126    2.0789818292469966    2.371964267424708    2.54394719897894    
2.7688219474700553    2.883462846703661    2.848115034882265    2.077163686007196    0.9584505757558134    0.2929125175038422    0.1332625748227143    0.5297585222104542    1.2757956177306915    1.8515165366809996    2.3684224260390385    2.684691288254244    3.4603105372094856    3.7493460418036095    3.25180835141537    2.7696637974931924    1.95899101307463    0.8522967011319363    0.1685101461516927    0.21870880376378268    0.8020305029428645    1.5977441711591918    2.1349435471642004    2.4363897025238828    2.6104724526369436    
2.841045345487914    2.9613587192395974    2.9271692386833608    2.1366383963786912    0.995647512793602    0.30307356886466547    0.12410494332397029    0.5243768937304353    1.2905336306511268    1.889446789082297    2.4234009009403925    2.7545205767112177    3.5206887880652573    3.7559563124360005    3.261333737778872    2.7883763781800583    1.9733070536812893    0.8550352314795283    0.17098696406373323    0.230339036574843    0.8305784901120521    1.638109109997959    2.18563972115002    2.4971706308974633    2.6778522762363934    
2.913770397088416    3.0375915054300315    2.9974093258991577    2.1856086520172444    1.0259266376167422    0.31015335144197953    0.11587394178477947    0.518136865540378    1.300547176722827    1.925374427227467    2.4789072006493496    2.8240841155172776    3.5865103252777244    3.7805975858717322    3.2728158866484907    2.799200958168135    1.9814194605571145    0.8564059354362996    0.17306326678689704    0.24088340154600785    0.853782450967713    1.6684656435544418    2.230012471876939    2.5570866855897427    2.744416631255554    
2.9735774066025953    3.100412199071396    3.0584252100654465    2.227271174611178    1.0513187549285568    0.3155698812705065    0.10897988302193333    0.512281606113969    1.306340695072818    1.9527721367156332    2.520621566591858    2.8812393473063875    3.640457417151422    3.8059656484210103    3.288656561057665    2.8111337300216417    1.9875304801536153    0.8568735347670304    0.17504901077555152    0.25138971607067634    0.8763952269000205    1.699629426862646    2.2716399462893517    2.609503281695949    2.80115989960598    
3.03078820170928    3.159130638009625    3.1157533723750306    2.2695682591337367    1.0771957923255493    0.3205980371054607    0.10193605081614365    0.5063890671486675    1.3138649462011407    1.985103814820766    2.5683953143851235    2.941556482091731    3.6924022870233864    3.804031272251866    3.286406373882015    2.814744267677251    1.9904807804053788    0.8569014894488725    0.17645733986240864    0.2599985153697243    0.894583574793945    1.7250420759748681    2.307970371789293    2.65627968170154    2.8548818039989374    
3.0800707826534865    3.211647720448774    3.165682563896449    2.30676555728241    1.0997172714846535    0.32417976098950757    0.09439642575901912    0.49928532014602445    1.3182857236455992    2.01362146629551    2.6002213584371674    2.96944148539811    3.7160947397615574    3.810744456790954    3.2920107886364893    2.8173621874271486    1.993054535543788    0.8576080772716431    0.178902834030233    0.2682384798725451    0.9115601296636165    1.7480058507355325    2.339043940274104    2.6968094674198544    2.901343503916101    
3.1277218938511564    3.262407846420859    3.2132255209984324    2.3396873882103484    1.1193407257169006    0.3269025004038782    0.08760165967512445    0.49280526108226225    1.3216448144191688    2.040608129906672    2.631127249236051    2.993114083380945    3.7334630280470242    3.8177736279454564    3.295330577837005    2.8197811137369904    1.99620452199407    0.859449888010127    0.18244368779761294    0.27718684293881607    0.9272935963113403    1.768633816355296    2.367790575712257    2.735673517512538    2.9463474141576014    
3.1666754188126194    3.3040188568735074    3.253931974876696    2.368624678249199    1.1362027114465785    0.3286132333007626    0.08092427599487298    0.4862522525204325    1.3227793028071893    2.0586837693835323    2.65319243949303    3.0143281798972885    3.7500742827907367    3.8139651612661107    3.2937207125984007    2.8226471333628638    2.001225881949897    0.8623168524767991    0.18697139436158314    0.28626547092044774    0.9420353707322398    1.7875475688716627    2.3941213378130484    2.768339237299907    2.9828364967902083    
3.2048710947101973    3.345090000354883    3.2922055432525346    2.395252033953645    1.1527283962544175    0.33102110197379603    0.07552565137723555    0.4811991344096153    1.3254541440801813    2.077656836692435    2.672253372207289    3.0260583871475433    3.7573659431694817    3.8105616646846032    3.2921629295880077    2.82658183685812    2.005684536491889    0.8650666650932215    0.19121837232568137    0.2951558834861807    0.9567821022583521    1.8054979703751555    2.416560153554701    2.7983395587068083    3.018078958981939    
3.2414129471914483    3.38317538718338    3.3270985442440244    2.4197385321107774    1.167540101259363    0.3334833477630792    0.07170168421333381    0.4777616216946652    1.3271636085061742    2.088187013046442    2.68744758517813    3.044802592743704    3.772827742014718    3.813479289530898    3.2933279789233    2.8309055822469085    2.009341937472696    0.867051938310809    0.19475776184583726    0.3033980910346108    0.9710212176748899    1.8234542523684558    2.4383152689393626    2.826594027380588    3.0515117209377296    
3.276073091887256    3.419171071481963    3.3601514106045274    2.4412926153711636    1.1802064764113318    0.33580068208363184    0.06889181904136915    0.4755885510574989    1.33055660058352    2.1019316479843915    2.7069989418493163    3.0690869151750872    3.7923794072932675    3.8144247042154067    3.292033994928409    2.832286643634195    2.0124013688077267    0.8689898121342201    0.1981271222584529    0.31104274892570144    0.9845897683675192    1.840997257267463    2.4597019345960636    2.854161254082815    3.083343687417714    
3.3080861923551614    3.4538352963401744    3.3922931798366305    2.4646112999346372    1.1941536621805278    0.33880827839778793    0.06679149608522811    0.47398179518959094    1.3341291778069266    2.1155182581894456    2.721156344349988    3.0791659419914255    3.801493805572832    3.8150255483220272    3.291895447378516    2.834471931221606    2.0150199385907364    0.8706754731291088    0.20130117712995707    0.3179814802426295    0.9963152752442443    1.8566914134863144    2.4801335701447464    2.8799589035862807    3.112306100467729    
3.338237717089321    3.4853368267002316    3.420443895627865    2.4844615842882845    1.2064462921301164    0.3413501546887318    0.06484134564891303    0.47265742837478575    1.337457958393586    2.1275470338609015    2.7382686496114723    3.1011129746127493    3.8201255198642947    3.8185348487100774    3.294349396935946    2.8380739522733807    2.018005449404297    0.8725389423968579    0.20428606208887437    0.3244955151389423    1.0070208715549027    1.8709188346369432    2.498659474434894    2.903615450976016    3.1397473421195983    
3.365902770905804    3.5149383848316997    3.447851427270954    2.5018233438969832    1.2171327112717711    0.34382089288114265    0.06349051925299265    0.4718458308193578    1.3412110602940588    2.1421398200128623    2.7579816429054933    3.121912207179573    3.8355650328388666    3.819058691973162    3.2935468522110867    2.8396721350181773    2.020575162492524    0.8740712472721037    0.20701430103062216    0.3303539219683017    1.0166760334468607    1.8837566520847366    2.5151262865006734    2.926307076166627    3.165449152300924    
3.3882300780518193    3.5395343060739815    3.471934599821259    2.5198765350416283    1.2280961311459686    0.346474207977828    0.062162541677682225    0.47106364753300645    1.3446993157012277    2.1551861794208955    2.772381879126189    3.134059797572927    3.8473420985667484    3.8237265335474246    3.2958856567149546    2.842930724758529    2.022979533115158    0.8761264466031219    0.2102213153024137    0.33604655307506154    1.025280247465314    1.8953586806129996    2.529408450695635    2.9447449408354425    3.1865708358793925    
3.4106840048378566    3.5635137721855785    3.49568406626288    2.5372594253165834    1.2382601475815318    0.34847314492116754    0.060565351174694915    0.47023136386400927    1.3486615733477887    2.1698137701220963    2.788839855741709    3.1468209825105604    3.857397692443332    3.8247514335321413    3.294562812620962    2.8440443054085938    2.0256103529703684    0.8784289058450462    0.21338997025873524    0.34133295986416134    1.033083261457747    1.906421459022564    2.543386855988395    2.9623036569688854    3.2065997786125195    
3.4293928636466964    3.5848040144036304    3.5164612197372436    2.552531657658779    1.247015297826187    0.3499958692806295    0.058973066480484775    0.46924741698772343    1.3519698450878255    2.1818246608876843    2.8058757618560843    3.1681625205253874    3.874750368989676    3.8289470937827805    3.2985034688221826    2.8481594933863206    2.0290907189104206    0.8808137207942289    0.21666198576236104    0.3466259802707593    1.0413377880947534    1.9173872111254016    2.555416237638321    2.9760401443320776    3.2230772806414834    
3.4477912630546275    3.604374876662378    3.535055047249436    2.5666428316142906    1.2553847696241027    0.3512252990457071    0.05724528791841856    0.4679748867666986    1.3545529812310912    2.192447363315353    2.817797475199605    3.177261422527243    3.882298128399914    3.83080149402492    3.3017276658656582    2.8530305540218914    2.0334469339805534    0.8836578207914687    0.21995730404341934    0.3516180627044511    1.0491189288872522    1.9277702538914785    2.56776560831964    2.9907439459680503    3.239552296921218    
