0.04558855718074545    0.4355850709298067    1.2076388726540697    2.4904279144216286    3.449886285705782    9.35082136587313    9.35082136587313    9.35082136587313    3.0366747150111606    2.2102328456594664    0.9086770235302173    0.30331579535253983    0.0036686873128216613    0.17517317178492464    0.8526207722673995    1.797008165279931    3.449886285705782    3.449886285705782    9.35082136587313    9.35082136587313    9.35082136587313    2.289838372112272    1.142060822648739    0.3846624486421809    0.0    
0.09459956699765315    0.705202508019098    1.8775655349475973    3.462466083363896    5.240503940561575    6.887718507578489    7.462463350639447    6.868033431349286    5.060469422674978    3.0626828660730614    1.4439955960979354    0.4430702638883254    0.09718675546538866    0.3520252377915022    1.1329969552493597    2.3467018276126725    3.905180195572862    5.455630456889838    5.972160400921908    5.929984660617684    4.819971917137078    3.278742058280708    1.8195764415079003    0.6611325451073394    0.0806637212014911    
0.11080275596120313    0.7414684926121223    1.9373961278806493    3.543558767505779    5.348205993291985    6.994793084387151    7.773152641020077    6.994793084387161    5.094682141949552    3.089281693121432    1.4713747865346836    0.4618983889109122    0.11107373902549723    0.3714357333602066    1.177615950068349    2.4247663802813055    4.024404049599626    5.570473798505701    6.183978969656212    6.032024989353926    4.940369281938744    3.388433048754762    1.8739445207733383    0.6667270705814088    0.08051487097049044    
0.12126222033179526    0.7650026978106599    1.9762327544877194    3.59473633017755    5.434550288320334    7.113137173361745    7.8770395687875645    7.093526596814408    5.114421538564765    3.1114888362795643    1.4912857743523797    0.47569801193364325    0.12092970987290635    0.38579586184529685    1.2078962072421862    2.4792137582012446    4.097978984625822    5.644377584311087    6.28888768854534    6.116844789431211    5.023297872815868    3.4642396153786277    1.9102359816780023    0.6697619408754624    0.08087744957951568    
0.12865611378287375    0.781223694643579    2.0005726101098897    3.632812776273282    5.50198226921618    7.24521190009087    7.938002083865948    7.0905166318535136    5.1381854413085035    3.123066064573004    1.506259712833147    0.48704606102761727    0.1289652268965098    0.3981087271593764    1.2333321421823464    2.524275685407971    4.157409060594014    5.7146443025214575    6.3802184396555885    6.2214277279263275    5.104173619422622    3.5235845231359866    1.9358699419203949    0.6723080881867753    0.08116666555834226    
0.13391559677294182    0.7937468763357038    2.0187135492409776    3.655502846332496    5.535036015254797    7.198985513843701    7.903429876952386    7.052378225339016    5.130710478888342    3.1342827187776647    1.5177361022395361    0.495913877852096    0.13591733422557642    0.4082997487932105    1.255169435715187    2.5635386623643113    4.2077771664319865    5.773362219109254    6.437412242568136    6.276428225419169    5.1487445476596125    3.5662970315384794    1.9523297818339556    0.6724674816091614    0.08046485049241794    
0.13864747972056363    0.8049983219979858    2.0348445047696178    3.6775877750622183    5.568360808380101    7.279411322469659    8.001558544514388    7.073285151247526    5.134950364191735    3.143687597053536    1.5277769942466377    0.5035895866976919    0.1416506364008615    0.41643100177945996    1.2729353719046381    2.5950411635823674    4.249653446231677    5.8303512371188795    6.513746580419744    6.34690761831136    5.190947155604099    3.595922067947029    1.9646318033438377    0.6726669767555176    0.0800999672577948    
0.14261959392144197    0.8133439025790286    2.04687147806774    3.695600324533029    5.596045730009827    7.3502586596444415    8.047188326654087    7.034788862104437    5.131428917908192    3.150740291190225    1.5360018668254334    0.5095665004411492    0.14602798812101825    0.42241335318644513    1.2866878983119232    2.6209308434118364    4.283882067974965    5.86040800761498    6.531953672617483    6.387914161029367    5.232919371751518    3.627186780452671    1.9766705184906286    0.6736210943266936    0.08026879065793162    
0.14535069621166102    0.8204793170796959    2.057170394283773    3.7086937766649117    5.620439197227222    7.415902567628284    8.10066689792727    7.060364628905447    5.132111642379948    3.1569109941052482    1.5425893216568143    0.514335067276481    0.14922273994395552    0.42719891455469944    1.2973594452084827    2.640044624980009    4.307562104160307    5.895189531851647    6.576220936119608    6.426724173055976    5.276523357073605    3.6552099589064238    1.9876305204251576    0.6744658202600459    0.08021308803148974    
0.14829941506362432    0.8275170707387817    2.066694030877621    3.721804543199213    5.640787919882545    7.45224869681405    8.120537714331341    7.030035697284396    5.130507997528385    3.162492572587444    1.5488905111818978    0.5193078788803618    0.15278222680973608    0.4322554200052027    1.3081314609618224    2.6590413056668742    4.333180097901767    5.916279597003743    6.594657826626201    6.444075690407628    5.3056842853041495    3.678912190052884    1.995382565718984    0.6746433828955392    0.07994190027048106    
0.1508476136972512    0.8337628877024158    2.0764094217975675    3.73379531929199    5.6579706278479565    7.453577600618364    8.090618628814928    7.014941483445822    5.1273030862201985    3.1651998227232587    1.553975591112168    0.5234446437886937    0.15610868163287164    0.43678655172462116    1.3174841009796405    2.677092621499337    4.356711554071655    5.940393377188133    6.626857584305026    6.480324684831111    5.331598013919636    3.696773798764479    2.0020774484380803    0.6746334969196899    0.07968264515130186    
0.1536349459788077    0.8397676283801948    2.084491823638631    3.7434684137161653    5.675512033795113    7.483340745694306    8.143833888037378    7.0415439552301216    5.1284255875055775    3.172402179059226    1.5601856500429763    0.5283209462006225    0.159797910912431    0.441345919262441    1.3260163059736692    2.6910884958906744    4.37490561645549    5.962653461028134    6.663730067427297    6.516249149084822    5.354655628133705    3.717960106767551    2.009872946944537    0.6750859957688291    0.07989236364685993    
0.1564054096803555    0.8452686418491561    2.092321909136193    3.7515701978608402    5.688735396383354    7.513832648883356    8.179014608486073    7.045777442994725    5.129290283508165    3.1776948397646056    1.5662816935316786    0.5331114682793234    0.16345412987478178    0.4457606143421059    1.3343497699022109    2.7049264603683816    4.394584634846006    5.998050540576987    6.711027768050072    6.553333894548086    5.384237633603799    3.7367389267820736    2.0165451253744235    0.6757963517610548    0.08033421197494961    
0.15949624883612956    0.8511580381829683    2.099969377151413    3.760290190299485    5.7044367315647255    7.553638990209107    8.205405244411349    7.055090198708522    5.130268424639129    3.183730315556993    1.5722281652275818    0.5376545260036868    0.16702100953462107    0.450276525543288    1.3429172312160296    2.7195333390388745    4.413041866209792    6.019537968860736    6.735302404161888    6.568074577234157    5.403593635449627    3.7530226231582757    2.022392455744737    0.676404777227598    0.08105194720143352    
0.16246582391324219    0.8566385499518357    2.1077938322804615    3.7707366321985543    5.719815632281881    7.578505119621463    8.232665754217452    7.064071311342551    5.135402393839926    3.1906302400354094    1.578759771528658    0.5424720164349485    0.17047867019724156    0.4545318375480759    1.3505468497834603    2.732847562529328    4.4304205747392675    6.031751942038642    6.767121758156365    6.592134126779886    5.427495981178644    3.7709001421561403    2.028124258457469    0.6774090198453031    0.08205109754834242    
0.1651590000833695    0.8614629926817189    2.1143932285155587    3.7783974578392954    5.730578489714679    7.557603557992074    8.210803229147377    7.069112589448601    5.139341971443007    3.196936268381315    1.5849063496728732    0.5468955931839795    0.17382344037237163    0.45857465774406564    1.3576833053632538    2.744600481309555    4.446939278587372    6.054387555966799    6.79273475424148    6.613131082346447    5.445273986692765    3.7842133350108598    2.0324077366926567    0.6782318616272087    0.08296687300552721    
0.16770797358193693    0.8661456517670351    2.120964002444392    3.7865102281842615    5.745751359799973    7.57394215510873    8.22278127455368    7.086942597535214    5.144304834666697    3.2029934339901365    1.5908198553331203    0.5514014429995295    0.17711051047303042    0.4623249782202011    1.3641154198761463    2.7546315457245414    4.461222828959135    6.074302132935211    6.8216874474530895    6.63506072691347    5.461477840067242    3.796685555612725    2.036898461014553    0.6790691812117264    0.08372889905905018    
0.1701965469958305    0.8708866918738296    2.127335260662783    3.7938237846422607    5.749101309679821    7.589881527513852    8.151508001815113    7.082444785390411    5.147373587573234    3.209564613882429    1.5969224649807885    0.555956972105555    0.18039277268021786    0.46573925229082314    1.3695032548590702    2.763632490945893    4.473270606198326    6.095621528050181    6.8512856283177275    6.658627441968694    5.4748214546501694    3.8075403036097466    2.04114796463712    0.6799893816984737    0.08471542536038755    
0.17234697226927448    0.8748117264883125    2.1327116190253164    3.7993438735405927    5.755313638212729    7.624358206336951    8.185069037809518    7.086569162267255    5.150151927775472    3.214223669076468    1.6020424644287372    0.5600477964218056    0.18342948717749036    0.46898836508773556    1.3745812301155835    2.771245579268505    4.481364881014705    6.10485965470559    6.867789521714567    6.676449385520505    5.4883945156313425    3.8170853731891468    2.045097013751019    0.6810390246310957    0.08555639792939315    
0.17435121889427677    0.8784809642026046    2.137841721639957    3.8056117169930923    5.762454893347509    7.6433243925303405    8.2047104748369    7.097554013401368    5.157883980954885    3.21982320872064    1.607504983483654    0.5642185743233742    0.1864438511814567    0.4719169069346725    1.379051942642851    2.778104939450034    4.490742037493994    6.118874273225243    6.888407046175129    6.6978515874482945    5.501275200155157    3.8268184412926995    2.0484348365117833    0.6817948361914696    0.08629783056260931    
0.17609563523429747    0.8817298968610009    2.1422031332611464    3.809998502036121    5.766911260706002    7.631403773981948    8.195744731283403    7.091068949225329    5.160560001478427    3.224002883001177    1.6122081259272034    0.5680790733595473    0.18924300921999207    0.47465438046979674    1.3831859186965283    2.784957906085392    4.501349941286108    6.134258738067495    6.905556825836969    6.713784289544617    5.512043954250415    3.835896027499827    2.0516435914470224    0.6825035585827373    0.08689918596959047    
