1.936198550653492    1.936198550653492    1.7356078667852533    1.6316655974015668    1.1837020909966651    0.9847200663261868    1.2066341229232607    1.2553272396496833    1.2553272396496833    0.7429981633486049    0.5555951813757144    0.32442498488219407    0.26374623705289535    0.27834679807541984    0.42887461130990445    0.7992814045928179    1.2184396434636928    1.4310746852199778    1.0998928436422224    0.7992814045928179    1.0264265421109688    1.397946214639342    1.8275060826988812    2.1779195897428583    2.5911431464012264    
5.45157462605959    5.062729181661665    4.387442444099612    3.531075396440041    2.630002632205881    2.3021453619192034    2.5615346410029924    2.5805317563820886    1.9225188310018158    1.2824498977082288    0.6647817584007931    0.1900609153401227    0.0    0.10215260516829841    0.4834552941850507    1.1054455198650406    1.6975707960807531    2.1531271649388737    2.0590121506056964    1.7777989097855602    2.1683036130800177    3.1756212928583367    4.440354997236104    5.302602613805468    5.496520379446273    
5.646411252248851    5.15326961344809    4.454900087752068    3.582636406223763    2.6672042375613816    2.3300930945624416    2.589267040433821    2.586500114442364    1.917231393735304    1.280492469032892    0.6607215141757039    0.18782835550446209    0.0    0.1040776394420621    0.48640725934957485    1.112338357132589    1.7058250545691365    2.1605737266922636    2.0999290323000968    1.839419112727396    2.2484075733638598    3.259986814711429    4.556863249645351    5.490430947096903    5.755435462447449    
5.794857386372944    5.265575266057607    4.538598349130427    3.604316411798408    2.6708003742636612    2.3440965044581836    2.613492160348372    2.5912115914400897    1.9167335421393024    1.2811835955741753    0.6586242236287062    0.1860547442311441    0.0    0.1054430530456415    0.4883557286369033    1.1166964894489146    1.7133459842505763    2.166071250786965    2.121035641227726    1.8730129836871083    2.2889815593260856    3.306170985245684    4.614368049464835    5.610721535513191    5.908606656958386    
5.8622233392963965    5.328142792351027    4.567480684846152    3.6028923297962057    2.6641601255959717    2.35225620726263    2.6283910987981476    2.59925505684503    1.9203457276850213    1.2833879446386471    0.65870519749231    0.18558390162933153    0.0    0.10596599940864354    0.4888866044802879    1.119161637233336    1.7187510443516367    2.1706771988328892    2.140862092719359    1.8966706374509084    2.3164225054672785    3.338262361339852    4.660434037104905    5.690774240912331    5.987821431657538    
5.94475446033588    5.381705592636172    4.604173779933069    3.620222830241964    2.677710718683868    2.369442747347889    2.647670713420556    2.602600982462492    1.922639948756765    1.2856721627227892    0.6592069322190132    0.18550889812823745    0.0    0.10572088666680836    0.4889120674599069    1.1213705637762441    1.7229448934507745    2.1746122156845185    2.144843092838429    1.8996344578463593    2.318700832999706    3.342191648718553    4.668731724021905    5.745454821884342    6.088015002927407    
5.998157782564502    5.369928814547214    4.594139533591483    3.6270390854590726    2.6855921707839046    2.381191995949719    2.6606266412846598    2.6084435325807744    1.9262093449239859    1.288420054763803    0.659904051634728    0.18538066110635587    0.0    0.1059911169361834    0.48961978974221676    1.1241301136526596    1.728865963190487    2.1811995796813237    2.1525200999423957    1.9090585447893424    2.329646831686606    3.3556393644481206    4.691583179818612    5.813696853884038    6.164690207208431    
6.026736161689856    5.3996062418139035    4.61105418490511    3.6252180520585267    2.6863520564075025    2.388464414436939    2.671683549480182    2.61368615252262    1.929874967429837    1.2911139350965524    0.6604387933876488    0.18516736946864581    0.0    0.10615605468525444    0.48971482322210536    1.1247163677224987    1.7322224000014237    2.1844973338989715    2.1570893843184655    1.9145122258784582    2.335094379724049    3.3599040380421834    4.68770259546469    5.817447190531118    6.185503745676763    
6.0466518686173565    5.4258183323228195    4.637887326924258    3.6401091384093114    2.695100479028717    2.3992942946743523    2.6842284240567706    2.61792071127579    1.9317932652571361    1.2926197346211012    0.6606993681179499    0.18484280003501835    0.0    0.1063269889795675    0.49008144158997613    1.1268874677257743    1.7385227729718589    2.1919224892019376    2.1634772960693947    1.9225125036732145    2.3441043594102795    3.368590320339539    4.6917990254395505    5.835125819778247    6.217568181643758    
6.065243893017537    5.4245381173006635    4.642322281640291    3.6447063316271775    2.7010134955983935    2.4074020410722894    2.6930345175335515    2.6215933191958958    1.93365530128125    1.2944356010341846    0.661592376174446    0.1851257923294208    0.0    0.10610159180986127    0.4898456447151008    1.1289558716995958    1.7453068198633908    2.199087275170749    2.16692865974974    1.9265275853301023    2.3503836137159935    3.3785462012967487    4.706078023090874    5.860490110487958    6.248662449774986    
6.096940109299118    5.457012223314087    4.665853040930328    3.6503138809252116    2.7009680432284258    2.4102333374367824    2.6976243854793776    2.623648254236706    1.9348266707095594    1.2959183239582241    0.662541802214726    0.1854292812959336    0.0    0.10599472323828063    0.48977672893070806    1.129989441284434    1.7502592683363716    2.206061575415837    2.1727451807783433    1.9313840929207098    2.355150928811051    3.3858647316564676    4.716682193969278    5.88327731233883    6.27604159871896    
6.13114878437994    5.4906265941473285    4.688981463148195    3.658412395387921    2.704101467190328    2.415235111594349    2.7040511123304936    2.6255700374076008    1.9360315022887578    1.2971638788892432    0.6632986652717885    0.18558287598097248    0.0    0.10580533288383166    0.48965485570341394    1.131442518566232    1.7555444230605353    2.211902455068266    2.1753955088521355    1.9310322434511205    2.354156347417982    3.387951795962987    4.722635704331811    5.893680269864554    6.293022816529139    
6.153928991908246    5.51868086386571    4.702127683248824    3.657764814049007    2.701535004563507    2.416029719414811    2.7069332760040434    2.6262105190286436    1.9356644415241695    1.2974215471080985    0.6633889488602208    0.18549619898458783    0.0    0.10588520449655325    0.48988380775063056    1.1326228552239548    1.7595289537297707    2.2164990888997167    2.178515704736143    1.9352156328811427    2.3594561581333777    3.392420136490181    4.727447382649629    5.90769979816231    6.3131418405903466    
6.175134113848184    5.527689333039559    4.707282907296526    3.655778919911373    2.6975753656696275    2.414006741067859    2.705094103689867    2.6251316070124107    1.9353694372066148    1.297728368864985    0.6635148350562642    0.1853706721304569    0.0    0.10606814537590549    0.4902236936147474    1.1341564628344178    1.7633404858167874    2.2200793156558203    2.1803532461425204    1.9351393179862888    2.359474719557823    3.395272549997236    4.730874655896886    5.914354076372075    6.3247559175110375    
6.175814641703495    5.537875400944399    4.714287020063978    3.6522451888429273    2.693443188366645    2.410847669808383    2.7035359882904992    2.6240419478683497    1.9343933836346572    1.2976226042380623    0.6635300141387052    0.1851195398072996    0.0    0.10643357718053759    0.4908164016984783    1.135598873361182    1.7673543581005429    2.224694680547356    2.184674901636747    1.9402638799987832    2.3653978045436714    3.401030181176663    4.737647207105609    5.922352354334648    6.325568892715406    
6.191619201446528    5.550648164878633    4.717495399895016    3.64898728716049    2.690682807993732    2.4100975367105897    2.7040395576131133    2.623295968865804    1.9336276562141061    1.2975337491692809    0.6634638430664636    0.1848784271704727    0.0    0.10682732206250387    0.4915417118474965    1.1373275902753803    1.771459722950576    2.22971533806032    2.187264061752061    1.941897255566655    2.3680842285761314    3.404145633634476    4.745776919455522    5.931957613706155    6.343847393191847    
6.2021396811045575    5.562728071316299    4.721145557942884    3.648424219975231    2.6893758535978813    2.4094796195298254    2.7040710740009444    2.622303630465414    1.9326936205920122    1.2972198117649387    0.6630379722661577    0.18444555667713275    0.0    0.10744099115566223    0.4925864044247928    1.1394297468419434    1.7757371609538435    2.2338919351181725    2.188459997730771    1.9437341783528992    2.3710821723996993    3.407842079133147    4.750243894683887    5.9394402803381245    6.360353084558615    
6.216899216547506    5.577847100158831    4.729381066497833    3.6484325511620566    2.6871078867247973    2.40784630954251    2.7032188267293704    2.6208522423059493    1.9315180798571883    1.2965852966829141    0.6624622171825311    0.18401329822903167    0.0    0.10819120217284918    0.4938163571801245    1.1414678764595558    1.7797134576076958    2.2372721471288295    2.189627972638135    1.9442116921822472    2.372298846919945    3.408847814803377    4.753934283493482    5.946303891395174    6.37310874909667    
6.234296117042378    5.5925816302627265    4.736966817708533    3.647635566416149    2.683654373526658    2.4049509411267147    2.7016150702195647    2.6200668650531136    1.930901254452191    1.2962207269618862    0.6620278616931311    0.18359986635421643    0.0    0.1088171536779063    0.49500295142700845    1.1430570995296465    1.7831840130849048    2.2412903657423278    2.19250600958551    1.9467240923429212    2.3753639424071755    3.4129834777613803    4.758219460963527    5.957114638576515    6.38900807224366    
6.2328834243962    5.57319996739196    4.725352528565669    3.644876254713988    2.6819432478148295    2.4035187363052612    2.7008006310522754    2.619526974376385    1.9305756624200978    1.295976712487266    0.6616767597842417    0.18322400060340763    0.0    0.10959850684888033    0.4964876794399945    1.1450231007059706    1.7861513678674437    2.244240780547824    2.1941047756579795    1.9482600014054228    2.3772861026381715    3.415264967773407    4.760138338333686    5.95560549483059    6.3926408949811    
6.231224425236944    5.5752791341119465    4.72724013334994    3.642609949815439    2.679937376308774    2.4027709096349374    2.7012229777432117    2.619308617491993    1.9302103165551705    1.295783961838396    0.661381697233915    0.1828044905979312    0.0    0.11041513477786369    0.4978532621071403    1.1467864714104794    1.7890126186930964    2.2469878817944027    2.1963740647097225    1.9505609084277906    2.380015179655954    3.4191465166456254    4.766014078059103    5.961063109842627    6.395865399157332    
