-3.141592653589793116e+00 -3.141592653589793116e+00 2.870459528998597243e+00
-3.141592653589793116e+00 -2.932153143350473723e+00 3.280845512957790699e+00
-3.141592653589793116e+00 -2.722713633111154330e+00 3.955310615914338079e+00
-3.141592653589793116e+00 -2.513274122871834493e+00 4.867545861538955521e+00
-3.141592653589793116e+00 -2.303834612632515100e+00 5.981007921892022239e+00
-3.141592653589793116e+00 -2.094395102393195707e+00 6.806658248260220923e+00
-3.141592653589793116e+00 -1.884955592153875870e+00 7.218285963630158619e+00
-3.141592653589793116e+00 -1.675516081914556921e+00 6.318982466689791799e+00
-3.141592653589793116e+00 -1.466076571675237084e+00 4.739636298583119078e+00
-3.141592653589793116e+00 -1.256637061435917246e+00 3.578150580806841230e+00
-3.141592653589793116e+00 -1.047197551196598297e+00 3.006853841066672306e+00
-3.141592653589793116e+00 -8.377580409572784603e-01 3.013804065041207902e+00
-3.141592653589793116e+00 -6.283185307179586232e-01 3.450729221049751327e+00
-3.141592653589793116e+00 -4.188790204786396743e-01 3.811770679758295977e+00
-3.141592653589793116e+00 -2.094395102393198371e-01 3.854426619876351268e+00
-3.141592653589793116e+00 0.000000000000000000e+00 3.923309735941264975e+00
-3.141592653589793116e+00 2.094395102393195318e-01 3.923309735941264975e+00
-3.141592653589793116e+00 4.188790204786390636e-01 3.941382308389398403e+00
-3.141592653589793116e+00 6.283185307179586232e-01 3.793253755534634841e+00
-3.141592653589793116e+00 8.377580409572781273e-01 3.498547181369946024e+00
-3.141592653589793116e+00 1.047197551196597631e+00 3.259566779691677851e+00
-3.141592653589793116e+00 1.256637061435917246e+00 3.155031124534292797e+00
-3.141592653589793116e+00 1.466076571675236861e+00 3.085485032442946363e+00
-3.141592653589793116e+00 1.675516081914556255e+00 2.835084642952807155e+00
-3.141592653589793116e+00 1.884955592153875870e+00 2.468044439011232605e+00
-3.141592653589793116e+00 2.094395102393195263e+00 2.214354243261595023e+00
-3.141592653589793116e+00 2.303834612632514656e+00 2.126173652159748073e+00
-3.141592653589793116e+00 2.513274122871834049e+00 2.019994633030258502e+00
-3.141592653589793116e+00 2.722713633111153886e+00 1.826705521994898662e+00
-3.141592653589793116e+00 2.932153143350473279e+00 1.925260124985918919e+00
-3.141592653589793116e+00 3.141592653589792672e+00 2.430072344086146696e+00
-2.932153143350473723e+00 -3.141592653589793116e+00 3.507096404403027279e+00
-2.932153143350473723e+00 -2.932153143350473723e+00 3.876146777775281826e+00
-2.932153143350473723e+00 -2.722713633111154330e+00 4.516881207232925632e+00
-2.932153143350473723e+00 -2.513274122871834493e+00 5.444407792694860859e+00
-2.932153143350473723e+00 -2.303834612632515100e+00 6.468051971569762415e+00
-2.932153143350473723e+00 -2.094395102393195707e+00 7.418553782879221181e+00
-2.932153143350473723e+00 -1.884955592153875870e+00 7.636286804163774811e+00
-2.932153143350473723e+00 -1.675516081914556921e+00 7.538923192089077574e+00
-2.932153143350473723e+00 -1.466076571675237084e+00 5.913724056015142949e+00
-2.932153143350473723e+00 -1.256637061435917246e+00 4.797900533681954904e+00
-2.932153143350473723e+00 -1.047197551196598297e+00 4.210976446445962473e+00
-2.932153143350473723e+00 -8.377580409572784603e-01 4.222166535113101027e+00
-2.932153143350473723e+00 -6.283185307179586232e-01 4.666496956274801100e+00
-2.932153143350473723e+00 -4.188790204786396743e-01 5.055180153374545959e+00
-2.932153143350473723e+00 -2.094395102393198371e-01 5.079789313287425223e+00
-2.932153143350473723e+00 0.000000000000000000e+00 5.066173900519952866e+00
-2.932153143350473723e+00 2.094395102393195318e-01 5.066173900519952866e+00
-2.932153143350473723e+00 4.188790204786390636e-01 5.003641833291711194e+00
-2.932153143350473723e+00 6.283185307179586232e-01 4.815064797316172651e+00
-2.932153143350473723e+00 8.377580409572781273e-01 4.468242085344920511e+00
-2.932153143350473723e+00 1.047197551196597631e+00 4.155991265151932623e+00
-2.932153143350473723e+00 1.256637061435917246e+00 3.924392080851803577e+00
-2.932153143350473723e+00 1.466076571675236861e+00 3.689850851874711957e+00
-2.932153143350473723e+00 1.675516081914556255e+00 3.330871069440035637e+00
-2.932153143350473723e+00 1.884955592153875870e+00 2.937406543661968961e+00
-2.932153143350473723e+00 2.094395102393195263e+00 2.680436499781426729e+00
-2.932153143350473723e+00 2.303834612632514656e+00 2.629371173404081663e+00
-2.932153143350473723e+00 2.513274122871834049e+00 2.668394909057503206e+00
-2.932153143350473723e+00 2.722713633111153886e+00 2.638668097328513706e+00
-2.932153143350473723e+00 2.932153143350473279e+00 2.751884489232977238e+00
-2.932153143350473723e+00 3.141592653589792672e+00 3.155681614326522499e+00
-2.722713633111154330e+00 -3.141592653589793116e+00 4.282564598459296157e+00
-2.722713633111154330e+00 -2.932153143350473723e+00 4.579308885505518845e+00
-2.722713633111154330e+00 -2.722713633111154330e+00 5.128880454660059485e+00
-2.722713633111154330e+00 -2.513274122871834493e+00 5.994323682405703124e+00
-2.722713633111154330e+00 -2.303834612632515100e+00 7.114918274528241326e+00
-2.722713633111154330e+00 -2.094395102393195707e+00 7.954854071300206719e+00
-2.722713633111154330e+00 -1.884955592153875870e+00 8.598869736260242647e+00
-2.722713633111154330e+00 -1.675516081914556921e+00 8.631990177707802303e+00
-2.722713633111154330e+00 -1.466076571675237084e+00 7.822929235677100301e+00
-2.722713633111154330e+00 -1.256637061435917246e+00 6.521898331972309393e+00
-2.722713633111154330e+00 -1.047197551196598297e+00 5.954282140859364247e+00
-2.722713633111154330e+00 -8.377580409572784603e-01 5.868602670177857306e+00
-2.722713633111154330e+00 -6.283185307179586232e-01 6.217662983781298891e+00
-2.722713633111154330e+00 -4.188790204786396743e-01 6.606752524644369018e+00
-2.722713633111154330e+00 -2.094395102393198371e-01 6.577286185762287296e+00
-2.722713633111154330e+00 0.000000000000000000e+00 6.487795556809071940e+00
-2.722713633111154330e+00 2.094395102393195318e-01 6.487795556809071940e+00
-2.722713633111154330e+00 4.188790204786390636e-01 6.283813862299160391e+00
-2.722713633111154330e+00 6.283185307179586232e-01 5.890822326094163230e+00
-2.722713633111154330e+00 8.377580409572781273e-01 5.445057026831707780e+00
-2.722713633111154330e+00 1.047197551196597631e+00 5.044509878660903723e+00
-2.722713633111154330e+00 1.256637061435917246e+00 4.639972696308095834e+00
-2.722713633111154330e+00 1.466076571675236861e+00 4.287471577590343585e+00
-2.722713633111154330e+00 1.675516081914556255e+00 3.928269164193477714e+00
-2.722713633111154330e+00 1.884955592153875870e+00 3.571818746457326998e+00
-2.722713633111154330e+00 2.094395102393195263e+00 3.317461897772461032e+00
-2.722713633111154330e+00 2.303834612632514656e+00 3.245980982607324705e+00
-2.722713633111154330e+00 2.513274122871834049e+00 3.293069341697532071e+00
-2.722713633111154330e+00 2.722713633111153886e+00 3.395671739883177054e+00
-2.722713633111154330e+00 2.932153143350473279e+00 3.609632761189762729e+00
-2.722713633111154330e+00 3.141592653589792672e+00 3.994091123367430107e+00
-2.513274122871834493e+00 -3.141592653589793116e+00 5.178576726395194285e+00
-2.513274122871834493e+00 -2.932153143350473723e+00 5.481209100632689513e+00
-2.513274122871834493e+00 -2.722713633111154330e+00 5.950289358320187461e+00
-2.513274122871834493e+00 -2.513274122871834493e+00 6.510635919920913395e+00
-2.513274122871834493e+00 -2.303834612632515100e+00 7.617360382051259649e+00
-2.513274122871834493e+00 -2.094395102393195707e+00 8.310724328989305576e+00
-2.513274122871834493e+00 -1.884955592153875870e+00 9.923936331325714733e+00
-2.513274122871834493e+00 -1.675516081914556921e+00 1.357515504274635099e+01
-2.513274122871834493e+00 -1.466076571675237084e+00 1.357515504274635099e+01
-2.513274122871834493e+00 -1.256637061435917246e+00 9.098462527321670379e+00
-2.513274122871834493e+00 -1.047197551196598297e+00 7.748832416098145437e+00
-2.513274122871834493e+00 -8.377580409572784603e-01 7.405354558837959900e+00
-2.513274122871834493e+00 -6.283185307179586232e-01 7.649246694437396243e+00
-2.513274122871834493e+00 -4.188790204786396743e-01 7.696962552355605780e+00
-2.513274122871834493e+00 -2.094395102393198371e-01 7.499429495908355392e+00
-2.513274122871834493e+00 0.000000000000000000e+00 7.193378059231213761e+00
-2.513274122871834493e+00 2.094395102393195318e-01 7.193378059231213761e+00
-2.513274122871834493e+00 4.188790204786390636e-01 7.138085795572604475e+00
-2.513274122871834493e+00 6.283185307179586232e-01 6.675546279389042326e+00
-2.513274122871834493e+00 8.377580409572781273e-01 6.134949555313722769e+00
-2.513274122871834493e+00 1.047197551196597631e+00 5.836909460695902219e+00
-2.513274122871834493e+00 1.256637061435917246e+00 5.249872720012572103e+00
-2.513274122871834493e+00 1.466076571675236861e+00 4.862848887096185457e+00
-2.513274122871834493e+00 1.675516081914556255e+00 4.544950448180558489e+00
-2.513274122871834493e+00 1.884955592153875870e+00 4.178157874696694307e+00
-2.513274122871834493e+00 2.094395102393195263e+00 3.906924467122854239e+00
-2.513274122871834493e+00 2.303834612632514656e+00 3.784852945844698446e+00
-2.513274122871834493e+00 2.513274122871834049e+00 3.778138178490502153e+00
-2.513274122871834493e+00 2.722713633111153886e+00 3.961993731113770956e+00
-2.513274122871834493e+00 2.932153143350473279e+00 4.360649267595739786e+00
-2.513274122871834493e+00 3.141592653589792672e+00 4.872528717285932842e+00
-2.303834612632515100e+00 -3.141592653589793116e+00 6.120153269781637206e+00
-2.303834612632515100e+00 -2.932153143350473723e+00 6.388277066710392305e+00
-2.303834612632515100e+00 -2.722713633111154330e+00 6.574580075119297540e+00
-2.303834612632515100e+00 -2.513274122871834493e+00 6.922404779957862075e+00
-2.303834612632515100e+00 -2.303834612632515100e+00 7.873206662264256472e+00
-2.303834612632515100e+00 -2.094395102393195707e+00 8.908702290415487113e+00
-2.303834612632515100e+00 -1.884955592153875870e+00 8.744068468747807188e+00
-2.303834612632515100e+00 -1.675516081914556921e+00 8.723863732946927740e+00
-2.303834612632515100e+00 -1.466076571675237084e+00 9.791168084362533719e+00
-2.303834612632515100e+00 -1.256637061435917246e+00 1.357515504274635099e+01
-2.303834612632515100e+00 -1.047197551196598297e+00 1.357515504274635099e+01
-2.303834612632515100e+00 -8.377580409572784603e-01 8.582974915746076405e+00
-2.303834612632515100e+00 -6.283185307179586232e-01 8.537685233671160390e+00
-2.303834612632515100e+00 -4.188790204786396743e-01 8.036801692698798405e+00
-2.303834612632515100e+00 -2.094395102393198371e-01 7.752715985719447644e+00
-2.303834612632515100e+00 0.000000000000000000e+00 7.434331569100121051e+00
-2.303834612632515100e+00 2.094395102393195318e-01 7.434331569100121051e+00
-2.303834612632515100e+00 4.188790204786390636e-01 7.105634354210698334e+00
-2.303834612632515100e+00 6.283185307179586232e-01 6.862601605802680638e+00
-2.303834612632515100e+00 8.377580409572781273e-01 6.572423996203763608e+00
-2.303834612632515100e+00 1.047197551196597631e+00 6.154643845501302835e+00
-2.303834612632515100e+00 1.256637061435917246e+00 5.765387870862189956e+00
-2.303834612632515100e+00 1.466076571675236861e+00 5.421416083646737327e+00
-2.303834612632515100e+00 1.675516081914556255e+00 5.080493733442266624e+00
-2.303834612632515100e+00 1.884955592153875870e+00 4.618137745666905047e+00
-2.303834612632515100e+00 2.094395102393195263e+00 4.225096844638899007e+00
-2.303834612632515100e+00 2.303834612632514656e+00 3.951439823202911761e+00
-2.303834612632515100e+00 2.513274122871834049e+00 3.785821271518202913e+00
-2.303834612632515100e+00 2.722713633111153886e+00 3.912369451541186649e+00
-2.303834612632515100e+00 2.932153143350473279e+00 4.465221078744758820e+00
-2.303834612632515100e+00 3.141592653589792672e+00 5.381279903955021204e+00
-2.094395102393195707e+00 -3.141592653589793116e+00 6.015717471477163514e+00
-2.094395102393195707e+00 -2.932153143350473723e+00 6.560175624119598758e+00
-2.094395102393195707e+00 -2.722713633111154330e+00 7.139477039363349320e+00
-2.094395102393195707e+00 -2.513274122871834493e+00 7.561107540498054114e+00
-2.094395102393195707e+00 -2.303834612632515100e+00 7.977141190890432831e+00
-2.094395102393195707e+00 -2.094395102393195707e+00 9.321691253740622685e+00
-2.094395102393195707e+00 -1.884955592153875870e+00 9.511362467635063211e+00
-2.094395102393195707e+00 -1.675516081914556921e+00 8.704321377630833467e+00
-2.094395102393195707e+00 -1.466076571675237084e+00 9.682649340338720378e+00
-2.094395102393195707e+00 -1.256637061435917246e+00 1.357515504274635099e+01
-2.094395102393195707e+00 -1.047197551196598297e+00 8.552402790705183833e+00
-2.094395102393195707e+00 -8.377580409572784603e-01 8.362589099530282510e+00
-2.094395102393195707e+00 -6.283185307179586232e-01 8.117296951245229764e+00
-2.094395102393195707e+00 -4.188790204786396743e-01 8.236117336004905809e+00
-2.094395102393195707e+00 -2.094395102393198371e-01 8.509297232736933836e+00
-2.094395102393195707e+00 0.000000000000000000e+00 7.887687962616378279e+00
-2.094395102393195707e+00 2.094395102393195318e-01 7.887687962616378279e+00
-2.094395102393195707e+00 4.188790204786390636e-01 7.403182822933338514e+00
-2.094395102393195707e+00 6.283185307179586232e-01 6.809054043419149771e+00
-2.094395102393195707e+00 8.377580409572781273e-01 6.479451093220588653e+00
-2.094395102393195707e+00 1.047197551196597631e+00 6.163790846388121913e+00
-2.094395102393195707e+00 1.256637061435917246e+00 5.768872151244741175e+00
-2.094395102393195707e+00 1.466076571675236861e+00 5.476996551833511973e+00
-2.094395102393195707e+00 1.675516081914556255e+00 5.032562064711618710e+00
-2.094395102393195707e+00 1.884955592153875870e+00 4.421360470441378254e+00
-2.094395102393195707e+00 2.094395102393195263e+00 3.959079110744496255e+00
-2.094395102393195707e+00 2.303834612632514656e+00 3.644377743946026094e+00
-2.094395102393195707e+00 2.513274122871834049e+00 3.512078530366590012e+00
-2.094395102393195707e+00 2.722713633111153886e+00 3.690663595052911194e+00
-2.094395102393195707e+00 2.932153143350473279e+00 4.314480967247787291e+00
-2.094395102393195707e+00 3.141592653589792672e+00 5.224717484341440787e+00
-1.884955592153875870e+00 -3.141592653589793116e+00 5.096703090667379143e+00
-1.884955592153875870e+00 -2.932153143350473723e+00 5.904878814419325828e+00
-1.884955592153875870e+00 -2.722713633111154330e+00 6.838580706900820871e+00
-1.884955592153875870e+00 -2.513274122871834493e+00 7.854429717387374943e+00
-1.884955592153875870e+00 -2.303834612632515100e+00 8.384668032494582590e+00
-1.884955592153875870e+00 -2.094395102393195707e+00 1.357515504274635099e+01
-1.884955592153875870e+00 -1.884955592153875870e+00 1.357515504274635099e+01
-1.884955592153875870e+00 -1.675516081914556921e+00 1.357515504274635099e+01
-1.884955592153875870e+00 -1.466076571675237084e+00 1.357515504274635099e+01
-1.884955592153875870e+00 -1.256637061435917246e+00 1.033585964527963341e+01
-1.884955592153875870e+00 -1.047197551196598297e+00 8.139241603004663261e+00
-1.884955592153875870e+00 -8.377580409572784603e-01 7.558288929235508213e+00
-1.884955592153875870e+00 -6.283185307179586232e-01 7.210389874094770946e+00
-1.884955592153875870e+00 -4.188790204786396743e-01 7.682935337345329962e+00
-1.884955592153875870e+00 -2.094395102393198371e-01 8.030559697049667989e+00
-1.884955592153875870e+00 0.000000000000000000e+00 7.696962552355635978e+00
-1.884955592153875870e+00 2.094395102393195318e-01 7.696962552355635978e+00
-1.884955592153875870e+00 4.188790204786390636e-01 7.299937466771426742e+00
-1.884955592153875870e+00 6.283185307179586232e-01 6.661637487583305095e+00
-1.884955592153875870e+00 8.377580409572781273e-01 6.284477364859236026e+00
-1.884955592153875870e+00 1.047197551196597631e+00 5.801920729511518715e+00
-1.884955592153875870e+00 1.256637061435917246e+00 5.525893833034770886e+00
-1.884955592153875870e+00 1.466076571675236861e+00 5.091879147313397524e+00
-1.884955592153875870e+00 1.675516081914556255e+00 4.406428157825512670e+00
-1.884955592153875870e+00 1.884955592153875870e+00 3.774663545331820025e+00
-1.884955592153875870e+00 2.094395102393195263e+00 3.376812460191720877e+00
-1.884955592153875870e+00 2.303834612632514656e+00 3.200184572550853090e+00
-1.884955592153875870e+00 2.513274122871834049e+00 3.259701803420500976e+00
-1.884955592153875870e+00 2.722713633111153886e+00 3.566355612649012130e+00
-1.884955592153875870e+00 2.932153143350473279e+00 4.104057074130961880e+00
-1.884955592153875870e+00 3.141592653589792672e+00 4.647617095951274813e+00
-1.675516081914556921e+00 -3.141592653589793116e+00 4.443976959040886854e+00
-1.675516081914556921e+00 -2.932153143350473723e+00 5.212334647425443279e+00
-1.675516081914556921e+00 -2.722713633111154330e+00 6.239113062798788079e+00
-1.675516081914556921e+00 -2.513274122871834493e+00 7.645980213704092421e+00
-1.675516081914556921e+00 -2.303834612632515100e+00 8.177712523330534111e+00
-1.675516081914556921e+00 -2.094395102393195707e+00 9.511362467635059659e+00
-1.675516081914556921e+00 -1.884955592153875870e+00 1.357515504274635099e+01
-1.675516081914556921e+00 -1.675516081914556921e+00 1.357515504274635099e+01
-1.675516081914556921e+00 -1.466076571675237084e+00 9.269858151757018661e+00
-1.675516081914556921e+00 -1.256637061435917246e+00 8.407596217394681659e+00
-1.675516081914556921e+00 -1.047197551196598297e+00 7.314703390821789775e+00
-1.675516081914556921e+00 -8.377580409572784603e-01 6.627631675312723125e+00
-1.675516081914556921e+00 -6.283185307179586232e-01 6.375767094873570962e+00
-1.675516081914556921e+00 -4.188790204786396743e-01 6.817921929842172268e+00
-1.675516081914556921e+00 -2.094395102393198371e-01 7.316575114426948190e+00
-1.675516081914556921e+00 0.000000000000000000e+00 7.394574138782859407e+00
-1.675516081914556921e+00 2.094395102393195318e-01 7.394574138782859407e+00
-1.675516081914556921e+00 4.188790204786390636e-01 6.680685572107062598e+00
-1.675516081914556921e+00 6.283185307179586232e-01 6.237576970209921079e+00
-1.675516081914556921e+00 8.377580409572781273e-01 5.722111712583634713e+00
-1.675516081914556921e+00 1.047197551196597631e+00 5.323009046766382646e+00
-1.675516081914556921e+00 1.256637061435917246e+00 5.033212805169007709e+00
-1.675516081914556921e+00 1.466076571675236861e+00 4.401725485529735415e+00
-1.675516081914556921e+00 1.675516081914556255e+00 3.579403036599657639e+00
-1.675516081914556921e+00 1.884955592153875870e+00 3.063514509908133121e+00
-1.675516081914556921e+00 2.094395102393195263e+00 2.842325341096071600e+00
-1.675516081914556921e+00 2.303834612632514656e+00 2.828333747805123810e+00
-1.675516081914556921e+00 2.513274122871834049e+00 3.026198757282340335e+00
-1.675516081914556921e+00 2.722713633111153886e+00 3.387996512372745350e+00
-1.675516081914556921e+00 2.932153143350473279e+00 3.787269165150062733e+00
-1.675516081914556921e+00 3.141592653589792672e+00 4.065735426768513960e+00
-1.466076571675237084e+00 -3.141592653589793116e+00 4.111745005953678422e+00
-1.466076571675237084e+00 -2.932153143350473723e+00 4.985000202770767608e+00
-1.466076571675237084e+00 -2.722713633111154330e+00 6.115635000345152505e+00
-1.466076571675237084e+00 -2.513274122871834493e+00 7.772522629671707151e+00
-1.466076571675237084e+00 -2.303834612632515100e+00 8.996063882309279336e+00
-1.466076571675237084e+00 -2.094395102393195707e+00 1.009500611689712102e+01
-1.466076571675237084e+00 -1.884955592153875870e+00 1.357515504274635099e+01
-1.466076571675237084e+00 -1.675516081914556921e+00 9.923936331325714733e+00
-1.466076571675237084e+00 -1.466076571675237084e+00 8.320742581736876531e+00
-1.466076571675237084e+00 -1.256637061435917246e+00 7.457621228669158775e+00
-1.466076571675237084e+00 -1.047197551196598297e+00 6.267139340402014369e+00
-1.466076571675237084e+00 -8.377580409572784603e-01 5.538771557748314756e+00
-1.466076571675237084e+00 -6.283185307179586232e-01 5.416132740479882912e+00
-1.466076571675237084e+00 -4.188790204786396743e-01 5.803548164351025385e+00
-1.466076571675237084e+00 -2.094395102393198371e-01 6.345226946968264947e+00
-1.466076571675237084e+00 0.000000000000000000e+00 6.423259437069313904e+00
-1.466076571675237084e+00 2.094395102393195318e-01 6.423259437069313904e+00
-1.466076571675237084e+00 4.188790204786390636e-01 5.964285675670572218e+00
-1.466076571675237084e+00 6.283185307179586232e-01 5.422978960970167073e+00
-1.466076571675237084e+00 8.377580409572781273e-01 4.964054292812773994e+00
-1.466076571675237084e+00 1.047197551196597631e+00 4.554225657544320072e+00
-1.466076571675237084e+00 1.256637061435917246e+00 4.170651516457163588e+00
-1.466076571675237084e+00 1.466076571675236861e+00 3.400156450847087175e+00
-1.466076571675237084e+00 1.675516081914556255e+00 2.689218776209687967e+00
-1.466076571675237084e+00 1.884955592153875870e+00 2.369914365070810547e+00
-1.466076571675237084e+00 2.094395102393195263e+00 2.379814079519872561e+00
-1.466076571675237084e+00 2.303834612632514656e+00 2.539175895881459866e+00
-1.466076571675237084e+00 2.513274122871834049e+00 2.784905639708917580e+00
-1.466076571675237084e+00 2.722713633111153886e+00 3.092099680327781819e+00
-1.466076571675237084e+00 2.932153143350473279e+00 3.376665826406219928e+00
-1.466076571675237084e+00 3.141592653589792672e+00 3.645499690615634947e+00
-1.256637061435917246e+00 -3.141592653589793116e+00 3.727449323172217888e+00
-1.256637061435917246e+00 -2.932153143350473723e+00 4.713698470757397452e+00
-1.256637061435917246e+00 -2.722713633111154330e+00 5.899633985587176888e+00
-1.256637061435917246e+00 -2.513274122871834493e+00 7.063715261543272561e+00
-1.256637061435917246e+00 -2.303834612632515100e+00 8.110157976478246766e+00
-1.256637061435917246e+00 -2.094395102393195707e+00 8.908702290415471126e+00
-1.256637061435917246e+00 -1.884955592153875870e+00 8.615199980387558298e+00
-1.256637061435917246e+00 -1.675516081914556921e+00 8.936424342291184431e+00
-1.256637061435917246e+00 -1.466076571675237084e+00 7.873206662264224498e+00
-1.256637061435917246e+00 -1.256637061435917246e+00 6.511606857660196646e+00
-1.256637061435917246e+00 -1.047197551196598297e+00 5.173148833552007275e+00
-1.256637061435917246e+00 -8.377580409572784603e-01 4.400400716801811996e+00
-1.256637061435917246e+00 -6.283185307179586232e-01 4.324832760464195403e+00
-1.256637061435917246e+00 -4.188790204786396743e-01 4.753931930258735505e+00
-1.256637061435917246e+00 -2.094395102393198371e-01 5.307208038916471970e+00
-1.256637061435917246e+00 0.000000000000000000e+00 5.484670121326407077e+00
-1.256637061435917246e+00 2.094395102393195318e-01 5.484670121326407077e+00
-1.256637061435917246e+00 4.188790204786390636e-01 5.047420007689933819e+00
-1.256637061435917246e+00 6.283185307179586232e-01 4.637222751374516783e+00
-1.256637061435917246e+00 8.377580409572781273e-01 4.189355531446031122e+00
-1.256637061435917246e+00 1.047197551196597631e+00 3.796491061256155763e+00
-1.256637061435917246e+00 1.256637061435917246e+00 3.318352938372040484e+00
-1.256637061435917246e+00 1.466076571675236861e+00 2.562637447655953249e+00
-1.256637061435917246e+00 1.675516081914556255e+00 1.994797952745981151e+00
-1.256637061435917246e+00 1.884955592153875870e+00 1.834172213245197636e+00
-1.256637061435917246e+00 2.094395102393195263e+00 1.991111986510810228e+00
-1.256637061435917246e+00 2.303834612632514656e+00 2.195495460103171759e+00
-1.256637061435917246e+00 2.513274122871834049e+00 2.328756276788885415e+00
-1.256637061435917246e+00 2.722713633111153886e+00 2.491564118722717769e+00
-1.256637061435917246e+00 2.932153143350473279e+00 2.742930741578230247e+00
-1.256637061435917246e+00 3.141592653589792672e+00 3.114743499272699001e+00
-1.047197551196598297e+00 -3.141592653589793116e+00 3.017792131452281978e+00
-1.047197551196598297e+00 -2.932153143350473723e+00 3.952481533160567828e+00
-1.047197551196598297e+00 -2.722713633111154330e+00 4.988614214761328824e+00
-1.047197551196598297e+00 -2.513274122871834493e+00 6.008570215959424310e+00
-1.047197551196598297e+00 -2.303834612632515100e+00 7.022258179820108026e+00
-1.047197551196598297e+00 -2.094395102393195707e+00 7.611182784790552880e+00
-1.047197551196598297e+00 -1.884955592153875870e+00 8.300871650788279155e+00
-1.047197551196598297e+00 -1.675516081914556921e+00 8.396021905088559834e+00
-1.047197551196598297e+00 -1.466076571675237084e+00 7.023403520904532904e+00
-1.047197551196598297e+00 -1.256637061435917246e+00 5.451260272547857610e+00
-1.047197551196598297e+00 -1.047197551196598297e+00 4.115478060006278582e+00
-1.047197551196598297e+00 -8.377580409572784603e-01 3.400748371306236084e+00
-1.047197551196598297e+00 -6.283185307179586232e-01 3.348677430306439717e+00
-1.047197551196598297e+00 -4.188790204786396743e-01 3.648279941411279648e+00
-1.047197551196598297e+00 -2.094395102393198371e-01 4.036503016379548114e+00
-1.047197551196598297e+00 0.000000000000000000e+00 4.403576629640023832e+00
-1.047197551196598297e+00 2.094395102393195318e-01 4.403576629640023832e+00
-1.047197551196598297e+00 4.188790204786390636e-01 4.227125083596803279e+00
-1.047197551196598297e+00 6.283185307179586232e-01 3.876228581982801735e+00
-1.047197551196598297e+00 8.377580409572781273e-01 3.547988356332504978e+00
-1.047197551196598297e+00 1.047197551196597631e+00 3.180686572840818904e+00
-1.047197551196598297e+00 1.256637061435917246e+00 2.670197578401373839e+00
-1.047197551196598297e+00 1.466076571675236861e+00 2.048267485607441873e+00
-1.047197551196598297e+00 1.675516081914556255e+00 1.624324366138589326e+00
-1.047197551196598297e+00 1.884955592153875870e+00 1.554882684810637183e+00
-1.047197551196598297e+00 2.094395102393195263e+00 1.679021725788593100e+00
-1.047197551196598297e+00 2.303834612632514656e+00 1.658536109711923778e+00
-1.047197551196598297e+00 2.513274122871834049e+00 1.536797188497406541e+00
-1.047197551196598297e+00 2.722713633111153886e+00 1.567225093375332445e+00
-1.047197551196598297e+00 2.932153143350473279e+00 1.828023248481866592e+00
-1.047197551196598297e+00 3.141592653589792672e+00 2.308561063264314761e+00
-8.377580409572784603e-01 -3.141592653589793116e+00 2.095558032464254428e+00
-8.377580409572784603e-01 -2.932153143350473723e+00 2.955888563195159247e+00
-8.377580409572784603e-01 -2.722713633111154330e+00 3.909983854741168052e+00
-8.377580409572784603e-01 -2.513274122871834493e+00 4.846501501642516807e+00
-8.377580409572784603e-01 -2.303834612632515100e+00 5.660645668010405807e+00
-8.377580409572784603e-01 -2.094395102393195707e+00 6.292497534707730544e+00
-8.377580409572784603e-01 -1.884955592153875870e+00 6.952168924291539653e+00
-8.377580409572784603e-01 -1.675516081914556921e+00 6.981356958247764588e+00
-8.377580409572784603e-01 -1.466076571675237084e+00 5.972883320631009241e+00
-8.377580409572784603e-01 -1.256637061435917246e+00 4.530557975138012061e+00
-8.377580409572784603e-01 -1.047197551196598297e+00 3.244887678536738651e+00
-8.377580409572784603e-01 -8.377580409572784603e-01 2.596775140844184371e+00
-8.377580409572784603e-01 -6.283185307179586232e-01 2.537966776297980065e+00
-8.377580409572784603e-01 -4.188790204786396743e-01 2.698566648046886396e+00
-8.377580409572784603e-01 -2.094395102393198371e-01 2.986238764014709446e+00
-8.377580409572784603e-01 0.000000000000000000e+00 3.365603551354022116e+00
-8.377580409572784603e-01 2.094395102393195318e-01 3.365603551354022116e+00
-8.377580409572784603e-01 4.188790204786390636e-01 3.382406334667922732e+00
-8.377580409572784603e-01 6.283185307179586232e-01 3.157399315612566149e+00
-8.377580409572784603e-01 8.377580409572781273e-01 2.871751042457739711e+00
-8.377580409572784603e-01 1.047197551196597631e+00 2.514857599927739606e+00
-8.377580409572784603e-01 1.256637061435917246e+00 2.087969058467152639e+00
-8.377580409572784603e-01 1.466076571675236861e+00 1.703911325020898149e+00
-8.377580409572784603e-01 1.675516081914556255e+00 1.459404232544277091e+00
-8.377580409572784603e-01 1.884955592153875870e+00 1.390670320058029485e+00
-8.377580409572784603e-01 2.094395102393195263e+00 1.330537406672918754e+00
-8.377580409572784603e-01 2.303834612632514656e+00 1.054548787663826426e+00
-8.377580409572784603e-01 2.513274122871834049e+00 7.666289133953345658e-01
-8.377580409572784603e-01 2.722713633111153886e+00 7.062616731268240855e-01
-8.377580409572784603e-01 2.932153143350473279e+00 9.233204745774197253e-01
-8.377580409572784603e-01 3.141592653589792672e+00 1.398482947458170811e+00
-6.283185307179586232e-01 -3.141592653589793116e+00 1.357320164208031921e+00
-6.283185307179586232e-01 -2.932153143350473723e+00 2.152102917516816927e+00
-6.283185307179586232e-01 -2.722713633111154330e+00 3.061298635201626261e+00
-6.283185307179586232e-01 -2.513274122871834493e+00 3.981743947168815190e+00
-6.283185307179586232e-01 -2.303834612632515100e+00 4.806963572863183209e+00
-6.283185307179586232e-01 -2.094395102393195707e+00 5.457611665243544685e+00
-6.283185307179586232e-01 -1.884955592153875870e+00 5.944631376168068471e+00
-6.283185307179586232e-01 -1.675516081914556921e+00 6.051225225755620940e+00
-6.283185307179586232e-01 -1.466076571675237084e+00 5.073356110927788265e+00
-6.283185307179586232e-01 -1.256637061435917246e+00 3.767540659266424008e+00
-6.283185307179586232e-01 -1.047197551196598297e+00 2.616529214866584852e+00
-6.283185307179586232e-01 -8.377580409572784603e-01 2.016234169441072144e+00
-6.283185307179586232e-01 -6.283185307179586232e-01 1.941246029575834031e+00
-6.283185307179586232e-01 -4.188790204786396743e-01 2.045454023456600545e+00
-6.283185307179586232e-01 -2.094395102393198371e-01 2.286471042459559566e+00
-6.283185307179586232e-01 0.000000000000000000e+00 2.580836180168005090e+00
-6.283185307179586232e-01 2.094395102393195318e-01 2.580836180168005090e+00
-6.283185307179586232e-01 4.188790204786390636e-01 2.612199675478845240e+00
-6.283185307179586232e-01 6.283185307179586232e-01 2.466033199529737985e+00
-6.283185307179586232e-01 8.377580409572781273e-01 2.240351888465401675e+00
-6.283185307179586232e-01 1.047197551196597631e+00 1.941732037653339349e+00
-6.283185307179586232e-01 1.256637061435917246e+00 1.622005501877606060e+00
-6.283185307179586232e-01 1.466076571675236861e+00 1.371279466320602269e+00
-6.283185307179586232e-01 1.675516081914556255e+00 1.222291624590933434e+00
-6.283185307179586232e-01 1.884955592153875870e+00 1.150277438825185294e+00
-6.283185307179586232e-01 2.094395102393195263e+00 1.064256277522152905e+00
-6.283185307179586232e-01 2.303834612632514656e+00 7.908090623000993968e-01
-6.283185307179586232e-01 2.513274122871834049e+00 4.568372158007564798e-01
-6.283185307179586232e-01 2.722713633111153886e+00 2.855709264879573439e-01
-6.283185307179586232e-01 2.932153143350473279e+00 3.730572436347045495e-01
-6.283185307179586232e-01 3.141592653589792672e+00 7.425259898809486447e-01
-4.188790204786396743e-01 -3.141592653589793116e+00 1.048240955699316856e+00
-4.188790204786396743e-01 -2.932153143350473723e+00 1.810298598258558656e+00
-4.188790204786396743e-01 -2.722713633111154330e+00 2.675907666087269821e+00
-4.188790204786396743e-01 -2.513274122871834493e+00 3.564360900708521296e+00
-4.188790204786396743e-01 -2.303834612632515100e+00 4.354621841406527416e+00
-4.188790204786396743e-01 -2.094395102393195707e+00 4.983238799647019768e+00
-4.188790204786396743e-01 -1.884955592153875870e+00 5.427613465289386596e+00
-4.188790204786396743e-01 -1.675516081914556921e+00 5.424781349706597311e+00
-4.188790204786396743e-01 -1.466076571675237084e+00 4.559698997957573496e+00
-4.188790204786396743e-01 -1.256637061435917246e+00 3.305190199722364497e+00
-4.188790204786396743e-01 -1.047197551196598297e+00 2.244551238780427838e+00
-4.188790204786396743e-01 -8.377580409572784603e-01 1.683240505977280144e+00
-4.188790204786396743e-01 -6.283185307179586232e-01 1.589956616884503182e+00
-4.188790204786396743e-01 -4.188790204786396743e-01 1.682900067515803233e+00
-4.188790204786396743e-01 -2.094395102393198371e-01 1.910898688219782260e+00
-4.188790204786396743e-01 0.000000000000000000e+00 2.120723347261261438e+00
-4.188790204786396743e-01 2.094395102393195318e-01 2.120723347261261438e+00
-4.188790204786396743e-01 4.188790204786390636e-01 2.132520430037125436e+00
-4.188790204786396743e-01 6.283185307179586232e-01 2.031269878138253659e+00
-4.188790204786396743e-01 8.377580409572781273e-01 1.838728148969858811e+00
-4.188790204786396743e-01 1.047197551196597631e+00 1.610478593712915574e+00
-4.188790204786396743e-01 1.256637061435917246e+00 1.378745783440419315e+00
-4.188790204786396743e-01 1.466076571675236861e+00 1.183961602551653058e+00
-4.188790204786396743e-01 1.675516081914556255e+00 1.062175512545425526e+00
-4.188790204786396743e-01 1.884955592153875870e+00 1.006641340212460989e+00
-4.188790204786396743e-01 2.094395102393195263e+00 9.784611069222475255e-01
-4.188790204786396743e-01 2.303834612632514656e+00 7.919853874781472847e-01
-4.188790204786396743e-01 2.513274122871834049e+00 3.795254612382750747e-01
-4.188790204786396743e-01 2.722713633111153886e+00 6.830812668911739882e-02
-4.188790204786396743e-01 2.932153143350473279e+00 9.164568998839384140e-02
-4.188790204786396743e-01 3.141592653589792672e+00 4.510131830713036138e-01
-2.094395102393198371e-01 -3.141592653589793116e+00 1.229175194006671079e+00
-2.094395102393198371e-01 -2.932153143350473723e+00 2.000392226169121379e+00
-2.094395102393198371e-01 -2.722713633111154330e+00 2.807228162086977452e+00
-2.094395102393198371e-01 -2.513274122871834493e+00 3.613809830670675183e+00
-2.094395102393198371e-01 -2.303834612632515100e+00 4.315456818822728025e+00
-2.094395102393198371e-01 -2.094395102393195707e+00 4.876927057996064185e+00
-2.094395102393198371e-01 -1.884955592153875870e+00 5.172737298840480058e+00
-2.094395102393198371e-01 -1.675516081914556921e+00 5.101155792645331033e+00
-2.094395102393198371e-01 -1.466076571675237084e+00 4.410437624406004176e+00
-2.094395102393198371e-01 -1.256637061435917246e+00 3.177811215565538028e+00
-2.094395102393198371e-01 -1.047197551196598297e+00 2.155873694671011531e+00
-2.094395102393198371e-01 -8.377580409572784603e-01 1.614761356926754710e+00
-2.094395102393198371e-01 -6.283185307179586232e-01 1.466664342922527675e+00
-2.094395102393198371e-01 -4.188790204786396743e-01 1.422250763035460608e+00
-2.094395102393198371e-01 -2.094395102393198371e-01 1.576764911565132321e+00
-2.094395102393198371e-01 0.000000000000000000e+00 1.814050065446730864e+00
-2.094395102393198371e-01 2.094395102393195318e-01 1.814050065446730864e+00
-2.094395102393198371e-01 4.188790204786390636e-01 1.893146829933528119e+00
-2.094395102393198371e-01 6.283185307179586232e-01 1.829561582069119119e+00
-2.094395102393198371e-01 8.377580409572781273e-01 1.691375771655243554e+00
-2.094395102393198371e-01 1.047197551196597631e+00 1.544644262034567062e+00
-2.094395102393198371e-01 1.256637061435917246e+00 1.412137732568543358e+00
-2.094395102393198371e-01 1.466076571675236861e+00 1.286253828364004148e+00
-2.094395102393198371e-01 1.675516081914556255e+00 1.154493277159940323e+00
-2.094395102393198371e-01 1.884955592153875870e+00 1.037188725621770224e+00
-2.094395102393198371e-01 2.094395102393195263e+00 9.870153871677465052e-01
-2.094395102393198371e-01 2.303834612632514656e+00 8.297662874689830659e-01
-2.094395102393198371e-01 2.513274122871834049e+00 3.474745507059053273e-01
-2.094395102393198371e-01 2.722713633111153886e+00 0.000000000000000000e+00
-2.094395102393198371e-01 2.932153143350473279e+00 7.503513923293983479e-02
-2.094395102393198371e-01 3.141592653589792672e+00 5.423983313028664099e-01
0.000000000000000000e+00 -3.141592653589793116e+00 1.857662174127532539e+00
0.000000000000000000e+00 -2.932153143350473723e+00 2.665731767321367407e+00
0.000000000000000000e+00 -2.722713633111154330e+00 3.402028928777208083e+00
0.000000000000000000e+00 -2.513274122871834493e+00 4.078076335718950673e+00
0.000000000000000000e+00 -2.303834612632515100e+00 4.659194630038080653e+00
0.000000000000000000e+00 -2.094395102393195707e+00 5.164971636156688639e+00
0.000000000000000000e+00 -1.884955592153875870e+00 5.410972490191344519e+00
0.000000000000000000e+00 -1.675516081914556921e+00 5.250516868519751412e+00
0.000000000000000000e+00 -1.466076571675237084e+00 4.616699336044443491e+00
0.000000000000000000e+00 -1.256637061435917246e+00 3.454709550903726445e+00
0.000000000000000000e+00 -1.047197551196598297e+00 2.449611504470524892e+00
0.000000000000000000e+00 -8.377580409572784603e-01 1.842584000784304399e+00
0.000000000000000000e+00 -6.283185307179586232e-01 1.263127660664549179e+00
0.000000000000000000e+00 -4.188790204786396743e-01 8.237922968239692612e-01
0.000000000000000000e+00 -2.094395102393198371e-01 8.939963422055063891e-01
0.000000000000000000e+00 0.000000000000000000e+00 1.357515504274635099e+01
0.000000000000000000e+00 2.094395102393195318e-01 1.264911432013047010e+00
0.000000000000000000e+00 4.188790204786390636e-01 1.577026100333214220e+00
0.000000000000000000e+00 6.283185307179586232e-01 1.685279675518165599e+00
0.000000000000000000e+00 8.377580409572781273e-01 1.665424967677254786e+00
0.000000000000000000e+00 1.047197551196597631e+00 1.651922692302395301e+00
0.000000000000000000e+00 1.256637061435917246e+00 1.671744331112764437e+00
0.000000000000000000e+00 1.466076571675236861e+00 1.623034031177360781e+00
0.000000000000000000e+00 1.675516081914556255e+00 1.440140845129088909e+00
0.000000000000000000e+00 1.884955592153875870e+00 1.233001315466631720e+00
0.000000000000000000e+00 2.094395102393195263e+00 1.152132027993795882e+00
0.000000000000000000e+00 2.303834612632514656e+00 1.097387406012227951e+00
0.000000000000000000e+00 2.513274122871834049e+00 7.544298359102954432e-01
0.000000000000000000e+00 2.722713633111153886e+00 4.496073156908456103e-01
0.000000000000000000e+00 2.932153143350473279e+00 5.513086397983730791e-01
0.000000000000000000e+00 3.141592653589792672e+00 1.078854510436144443e+00
2.094395102393195318e-01 -3.141592653589793116e+00 1.857662174127532539e+00
2.094395102393195318e-01 -2.932153143350473723e+00 2.665731767321367407e+00
2.094395102393195318e-01 -2.722713633111154330e+00 3.402028928777208083e+00
2.094395102393195318e-01 -2.513274122871834493e+00 4.078076335718950673e+00
2.094395102393195318e-01 -2.303834612632515100e+00 4.659194630038080653e+00
2.094395102393195318e-01 -2.094395102393195707e+00 5.164971636156688639e+00
2.094395102393195318e-01 -1.884955592153875870e+00 5.410972490191344519e+00
2.094395102393195318e-01 -1.675516081914556921e+00 5.250516868519751412e+00
2.094395102393195318e-01 -1.466076571675237084e+00 4.616699336044443491e+00
2.094395102393195318e-01 -1.256637061435917246e+00 3.454709550903726445e+00
2.094395102393195318e-01 -1.047197551196598297e+00 2.449611504470524892e+00
2.094395102393195318e-01 -8.377580409572784603e-01 1.842584000784304399e+00
2.094395102393195318e-01 -6.283185307179586232e-01 1.263127660664549179e+00
2.094395102393195318e-01 -4.188790204786396743e-01 8.237922968239692612e-01
2.094395102393195318e-01 -2.094395102393198371e-01 8.939963422055063891e-01
2.094395102393195318e-01 0.000000000000000000e+00 1.264911432013047010e+00
2.094395102393195318e-01 2.094395102393195318e-01 1.264911432013047010e+00
2.094395102393195318e-01 4.188790204786390636e-01 1.577026100333214220e+00
2.094395102393195318e-01 6.283185307179586232e-01 1.685279675518165599e+00
2.094395102393195318e-01 8.377580409572781273e-01 1.665424967677254786e+00
2.094395102393195318e-01 1.047197551196597631e+00 1.651922692302395301e+00
2.094395102393195318e-01 1.256637061435917246e+00 1.671744331112764437e+00
2.094395102393195318e-01 1.466076571675236861e+00 1.623034031177360781e+00
2.094395102393195318e-01 1.675516081914556255e+00 1.440140845129088909e+00
2.094395102393195318e-01 1.884955592153875870e+00 1.233001315466631720e+00
2.094395102393195318e-01 2.094395102393195263e+00 1.152132027993795882e+00
2.094395102393195318e-01 2.303834612632514656e+00 1.097387406012227951e+00
2.094395102393195318e-01 2.513274122871834049e+00 7.544298359102954432e-01
2.094395102393195318e-01 2.722713633111153886e+00 4.496073156908456103e-01
2.094395102393195318e-01 2.932153143350473279e+00 5.513086397983730791e-01
2.094395102393195318e-01 3.141592653589792672e+00 1.078854510436144443e+00
4.188790204786390636e-01 -3.141592653589793116e+00 2.769001430141398767e+00
4.188790204786390636e-01 -2.932153143350473723e+00 3.637055900089960048e+00
4.188790204786390636e-01 -2.722713633111154330e+00 4.366578620771473851e+00
4.188790204786390636e-01 -2.513274122871834493e+00 4.943749350847591373e+00
4.188790204786390636e-01 -2.303834612632515100e+00 5.456700170049784582e+00
4.188790204786390636e-01 -2.094395102393195707e+00 5.907695038634838802e+00
4.188790204786390636e-01 -1.884955592153875870e+00 6.098382435643640243e+00
4.188790204786390636e-01 -1.675516081914556921e+00 5.835657355166412152e+00
4.188790204786390636e-01 -1.466076571675237084e+00 5.155604518370922484e+00
4.188790204786390636e-01 -1.256637061435917246e+00 3.949619547029848299e+00
4.188790204786390636e-01 -1.047197551196598297e+00 2.950824445467196799e+00
4.188790204786390636e-01 -8.377580409572784603e-01 2.074030022332769008e+00
4.188790204786390636e-01 -6.283185307179586232e-01 1.001440732320616256e+00
4.188790204786390636e-01 -4.188790204786396743e-01 4.203339923324537764e-01
4.188790204786390636e-01 -2.094395102393198371e-01 4.777095488274319401e-01
4.188790204786390636e-01 0.000000000000000000e+00 8.835460478300780629e-01
4.188790204786390636e-01 2.094395102393195318e-01 8.835460478300780629e-01
4.188790204786390636e-01 4.188790204786390636e-01 1.286884948639996917e+00
4.188790204786390636e-01 6.283185307179586232e-01 1.525434708786615357e+00
4.188790204786390636e-01 8.377580409572781273e-01 1.651537523842706801e+00
4.188790204786390636e-01 1.047197551196597631e+00 1.783635285928613312e+00
4.188790204786390636e-01 1.256637061435917246e+00 1.957243375074766201e+00
4.188790204786390636e-01 1.466076571675236861e+00 2.040343901779720692e+00
4.188790204786390636e-01 1.675516081914556255e+00 1.906573366044448159e+00
4.188790204786390636e-01 1.884955592153875870e+00 1.727330478935443780e+00
4.188790204786390636e-01 2.094395102393195263e+00 1.661837283002519206e+00
4.188790204786390636e-01 2.303834612632514656e+00 1.664068228004362160e+00
4.188790204786390636e-01 2.513274122871834049e+00 1.559775131905660084e+00
4.188790204786390636e-01 2.722713633111153886e+00 1.407990803579781680e+00
4.188790204786390636e-01 2.932153143350473279e+00 1.507519409345132066e+00
4.188790204786390636e-01 3.141592653589792672e+00 1.987993055246868090e+00
6.283185307179586232e-01 -3.141592653589793116e+00 3.381985351122467343e+00
6.283185307179586232e-01 -2.932153143350473723e+00 4.438984863821548110e+00
6.283185307179586232e-01 -2.722713633111154330e+00 5.386777200448614522e+00
6.283185307179586232e-01 -2.513274122871834493e+00 6.001507633495041460e+00
6.283185307179586232e-01 -2.303834612632515100e+00 6.519924305103645956e+00
6.283185307179586232e-01 -2.094395102393195707e+00 6.947103889473043914e+00
6.283185307179586232e-01 -1.884955592153875870e+00 6.860853357539683728e+00
6.283185307179586232e-01 -1.675516081914556921e+00 6.574580075119297540e+00
6.283185307179586232e-01 -1.466076571675237084e+00 5.509567225174657246e+00
6.283185307179586232e-01 -1.256637061435917246e+00 4.321481350825493450e+00
6.283185307179586232e-01 -1.047197551196598297e+00 3.447375533737642606e+00
6.283185307179586232e-01 -8.377580409572784603e-01 2.430292982049454764e+00
6.283185307179586232e-01 -6.283185307179586232e-01 1.224552343653030784e+00
6.283185307179586232e-01 -4.188790204786396743e-01 6.137744133768501253e-01
6.283185307179586232e-01 -2.094395102393198371e-01 6.577256615374826865e-01
6.283185307179586232e-01 0.000000000000000000e+00 1.020601131333425338e+00
6.283185307179586232e-01 2.094395102393195318e-01 1.020601131333425338e+00
6.283185307179586232e-01 4.188790204786390636e-01 1.325584430147500159e+00
6.283185307179586232e-01 6.283185307179586232e-01 1.485417531749942066e+00
6.283185307179586232e-01 8.377580409572781273e-01 1.618269897944930369e+00
6.283185307179586232e-01 1.047197551196597631e+00 1.828269258339729975e+00
6.283185307179586232e-01 1.256637061435917246e+00 2.119113717479941705e+00
6.283185307179586232e-01 1.466076571675236861e+00 2.433504820333277863e+00
6.283185307179586232e-01 1.675516081914556255e+00 2.615481951975606734e+00
6.283185307179586232e-01 1.884955592153875870e+00 2.614916743208343775e+00
6.283185307179586232e-01 2.094395102393195263e+00 2.546014248180717754e+00
6.283185307179586232e-01 2.303834612632514656e+00 2.434394006022261969e+00
6.283185307179586232e-01 2.513274122871834049e+00 2.325465780586792874e+00
6.283185307179586232e-01 2.722713633111153886e+00 2.309525913879075798e+00
6.283185307179586232e-01 2.932153143350473279e+00 2.381126593457359331e+00
6.283185307179586232e-01 3.141592653589792672e+00 2.672765901697224944e+00
8.377580409572781273e-01 -3.141592653589793116e+00 3.440285314600113331e+00
8.377580409572781273e-01 -2.932153143350473723e+00 4.616658867679239719e+00
8.377580409572781273e-01 -2.722713633111154330e+00 5.783732661691774801e+00
8.377580409572781273e-01 -2.513274122871834493e+00 6.711807843557783038e+00
8.377580409572781273e-01 -2.303834612632515100e+00 7.257714908007085519e+00
8.377580409572781273e-01 -2.094395102393195707e+00 7.814226574193575026e+00
8.377580409572781273e-01 -1.884955592153875870e+00 7.649246694437402461e+00
8.377580409572781273e-01 -1.675516081914556921e+00 6.834391283135701656e+00
8.377580409572781273e-01 -1.466076571675237084e+00 5.608977098754600377e+00
8.377580409572781273e-01 -1.256637061435917246e+00 4.553915968897958244e+00
8.377580409572781273e-01 -1.047197551196598297e+00 3.812494888119684511e+00
8.377580409572781273e-01 -8.377580409572784603e-01 2.937902819078903605e+00
8.377580409572781273e-01 -6.283185307179586232e-01 1.840391217778953648e+00
8.377580409572781273e-01 -4.188790204786396743e-01 1.215208186755059483e+00
8.377580409572781273e-01 -2.094395102393198371e-01 1.201501315061626718e+00
8.377580409572781273e-01 0.000000000000000000e+00 1.443725427103716541e+00
8.377580409572781273e-01 2.094395102393195318e-01 1.443725427103716541e+00
8.377580409572781273e-01 4.188790204786390636e-01 1.565487776275115595e+00
8.377580409572781273e-01 6.283185307179586232e-01 1.593472722052203805e+00
8.377580409572781273e-01 8.377580409572781273e-01 1.692897434008209689e+00
8.377580409572781273e-01 1.047197551196597631e+00 1.945459328433591262e+00
8.377580409572781273e-01 1.256637061435917246e+00 2.333302334798173838e+00
8.377580409572781273e-01 1.466076571675236861e+00 2.835591352356382266e+00
8.377580409572781273e-01 1.675516081914556255e+00 3.339703019544111751e+00
8.377580409572781273e-01 1.884955592153875870e+00 3.612422979098386833e+00
8.377580409572781273e-01 2.094395102393195263e+00 3.524642958144815541e+00
8.377580409572781273e-01 2.303834612632514656e+00 3.214672649598639520e+00
8.377580409572781273e-01 2.513274122871834049e+00 2.929667502032482052e+00
8.377580409572781273e-01 2.722713633111153886e+00 2.734608676525279503e+00
8.377580409572781273e-01 2.932153143350473279e+00 2.562154978283440965e+00
8.377580409572781273e-01 3.141592653589792672e+00 2.728894741508487432e+00
1.047197551196597631e+00 -3.141592653589793116e+00 3.711373006223044335e+00
1.047197551196597631e+00 -2.932153143350473723e+00 4.781616770269795147e+00
1.047197551196597631e+00 -2.722713633111154330e+00 5.973868217883024911e+00
1.047197551196597631e+00 -2.513274122871834493e+00 6.787059079452133048e+00
1.047197551196597631e+00 -2.303834612632515100e+00 7.163638883365796239e+00
1.047197551196597631e+00 -2.094395102393195707e+00 7.882821672678256952e+00
1.047197551196597631e+00 -1.884955592153875870e+00 8.012216518890504346e+00
1.047197551196597631e+00 -1.675516081914556921e+00 7.106951809644372453e+00
1.047197551196597631e+00 -1.466076571675237084e+00 5.833161005932280929e+00
1.047197551196597631e+00 -1.256637061435917246e+00 4.826577439309102324e+00
1.047197551196597631e+00 -1.047197551196598297e+00 4.109874237173098521e+00
1.047197551196597631e+00 -8.377580409572784603e-01 3.338974068155367014e+00
1.047197551196597631e+00 -6.283185307179586232e-01 2.565351831048050535e+00
1.047197551196597631e+00 -4.188790204786396743e-01 2.066374728893888513e+00
1.047197551196597631e+00 -2.094395102393198371e-01 1.972614577911010025e+00
1.047197551196597631e+00 0.000000000000000000e+00 2.053971670211804046e+00
1.047197551196597631e+00 2.094395102393195318e-01 2.053971670211804046e+00
1.047197551196597631e+00 4.188790204786390636e-01 2.035041208065620388e+00
1.047197551196597631e+00 6.283185307179586232e-01 1.994028006107763096e+00
1.047197551196597631e+00 8.377580409572781273e-01 2.076807131453162647e+00
1.047197551196597631e+00 1.047197551196597631e+00 2.350395510224353668e+00
1.047197551196597631e+00 1.256637061435917246e+00 2.786464696964570553e+00
1.047197551196597631e+00 1.466076571675236861e+00 3.253711339032861360e+00
1.047197551196597631e+00 1.675516081914556255e+00 3.531194571557033424e+00
1.047197551196597631e+00 1.884955592153875870e+00 3.636703887982828398e+00
1.047197551196597631e+00 2.094395102393195263e+00 3.679767148243445085e+00
1.047197551196597631e+00 2.303834612632514656e+00 3.496686217138282426e+00
1.047197551196597631e+00 2.513274122871834049e+00 3.223315105164221706e+00
1.047197551196597631e+00 2.722713633111153886e+00 2.985126206891949519e+00
1.047197551196597631e+00 2.932153143350473279e+00 2.831810103072379459e+00
1.047197551196597631e+00 3.141592653589792672e+00 3.018272774327805053e+00
1.256637061435917246e+00 -3.141592653589793116e+00 4.150745032343142960e+00
1.256637061435917246e+00 -2.932153143350473723e+00 5.101338243908879910e+00
1.256637061435917246e+00 -2.722713633111154330e+00 5.835657355166433469e+00
1.256637061435917246e+00 -2.513274122871834493e+00 6.570812038884741746e+00
1.256637061435917246e+00 -2.303834612632515100e+00 7.324121333521081745e+00
1.256637061435917246e+00 -2.094395102393195707e+00 7.760559855356190084e+00
1.256637061435917246e+00 -1.884955592153875870e+00 8.012216518890488359e+00
1.256637061435917246e+00 -1.675516081914556921e+00 7.181303790130632692e+00
1.256637061435917246e+00 -1.466076571675237084e+00 5.948586318231158465e+00
1.256637061435917246e+00 -1.256637061435917246e+00 4.988312208894675415e+00
1.256637061435917246e+00 -1.047197551196598297e+00 4.410280162013070715e+00
1.256637061435917246e+00 -8.377580409572784603e-01 3.739657016534086331e+00
1.256637061435917246e+00 -6.283185307179586232e-01 3.232229506059793422e+00
1.256637061435917246e+00 -4.188790204786396743e-01 3.071125834049313497e+00
1.256637061435917246e+00 -2.094395102393198371e-01 2.980121838026789316e+00
1.256637061435917246e+00 0.000000000000000000e+00 2.943632543260132461e+00
1.256637061435917246e+00 2.094395102393195318e-01 2.943632543260132461e+00
1.256637061435917246e+00 4.188790204786390636e-01 2.866724189255287047e+00
1.256637061435917246e+00 6.283185307179586232e-01 2.795578415539058614e+00
1.256637061435917246e+00 8.377580409572781273e-01 2.836872790217430218e+00
1.256637061435917246e+00 1.047197551196597631e+00 3.000834964891589518e+00
1.256637061435917246e+00 1.256637061435917246e+00 3.157343320578205326e+00
1.256637061435917246e+00 1.466076571675236861e+00 3.150096286796570499e+00
1.256637061435917246e+00 1.675516081914556255e+00 3.066472865522327229e+00
1.256637061435917246e+00 1.884955592153875870e+00 3.118146593540195077e+00
1.256637061435917246e+00 2.094395102393195263e+00 3.288013298905030357e+00
1.256637061435917246e+00 2.303834612632514656e+00 3.327877502595494086e+00
1.256637061435917246e+00 2.513274122871834049e+00 3.185176099147825290e+00
1.256637061435917246e+00 2.722713633111153886e+00 3.067406577414911517e+00
1.256637061435917246e+00 2.932153143350473279e+00 3.115266667455499849e+00
1.256637061435917246e+00 3.141592653589792672e+00 3.445500002410814666e+00
1.466076571675236861e+00 -3.141592653589793116e+00 4.474362289824184380e+00
1.466076571675236861e+00 -2.932153143350473723e+00 5.204147764847879998e+00
1.466076571675236861e+00 -2.722713633111154330e+00 5.736499743684655428e+00
1.466076571675236861e+00 -2.513274122871834493e+00 6.309214903849325040e+00
1.466076571675236861e+00 -2.303834612632515100e+00 7.023403520904550668e+00
1.466076571675236861e+00 -2.094395102393195707e+00 7.737331231095705419e+00
1.466076571675236861e+00 -1.884955592153875870e+00 8.218838326189498389e+00
1.466076571675236861e+00 -1.675516081914556921e+00 7.234398992136143569e+00
1.466076571675236861e+00 -1.466076571675237084e+00 5.966813009153014491e+00
1.466076571675236861e+00 -1.256637061435917246e+00 4.992744360798647030e+00
1.466076571675236861e+00 -1.047197551196598297e+00 4.511581974565828546e+00
1.466076571675236861e+00 -8.377580409572784603e-01 4.138118015929123317e+00
1.466076571675236861e+00 -6.283185307179586232e-01 3.812101187484235876e+00
1.466076571675236861e+00 -4.188790204786396743e-01 3.883595896412149528e+00
1.466076571675236861e+00 -2.094395102393198371e-01 3.997891563220809630e+00
1.466076571675236861e+00 0.000000000000000000e+00 3.976998958745891599e+00
1.466076571675236861e+00 2.094395102393195318e-01 3.976998958745891599e+00
1.466076571675236861e+00 4.188790204786390636e-01 3.928014155273841901e+00
1.466076571675236861e+00 6.283185307179586232e-01 3.827279961545213993e+00
1.466076571675236861e+00 8.377580409572781273e-01 3.685201080293686537e+00
1.466076571675236861e+00 1.047197551196597631e+00 3.487638047058512214e+00
1.466076571675236861e+00 1.256637061435917246e+00 3.204479185429708998e+00
1.466076571675236861e+00 1.466076571675236861e+00 2.946485633390330428e+00
1.466076571675236861e+00 1.675516081914556255e+00 2.792085514284614156e+00
1.466076571675236861e+00 1.884955592153875870e+00 2.830242223262399381e+00
1.466076571675236861e+00 2.094395102393195263e+00 3.007931464972880331e+00
1.466076571675236861e+00 2.303834612632514656e+00 3.090452028356583281e+00
1.466076571675236861e+00 2.513274122871834049e+00 3.053023136247964509e+00
1.466076571675236861e+00 2.722713633111153886e+00 3.072651025156259319e+00
1.466076571675236861e+00 2.932153143350473279e+00 3.286246923749867932e+00
1.466076571675236861e+00 3.141592653589792672e+00 3.764315934327080893e+00
1.675516081914556255e+00 -3.141592653589793116e+00 4.499907180776796523e+00
1.675516081914556255e+00 -2.932153143350473723e+00 5.043473979989055778e+00
1.675516081914556255e+00 -2.722713633111154330e+00 5.445138230834627890e+00
1.675516081914556255e+00 -2.513274122871834493e+00 6.091618822642147713e+00
1.675516081914556255e+00 -2.303834612632515100e+00 6.883083826465574262e+00
1.675516081914556255e+00 -2.094395102393195707e+00 7.575404024540622672e+00
1.675516081914556255e+00 -1.884955592153875870e+00 8.110157976478191699e+00
1.675516081914556255e+00 -1.675516081914556921e+00 7.273200059251021976e+00
1.675516081914556255e+00 -1.466076571675237084e+00 5.917478551838462941e+00
1.675516081914556255e+00 -1.256637061435917246e+00 4.935333494950051580e+00
1.675516081914556255e+00 -1.047197551196598297e+00 4.469948153287472969e+00
1.675516081914556255e+00 -8.377580409572784603e-01 4.328714687036065101e+00
1.675516081914556255e+00 -6.283185307179586232e-01 4.129128273274806915e+00
1.675516081914556255e+00 -4.188790204786396743e-01 4.176956681333341415e+00
1.675516081914556255e+00 -2.094395102393198371e-01 4.510378757923514392e+00
1.675516081914556255e+00 0.000000000000000000e+00 4.751897600777196473e+00
1.675516081914556255e+00 2.094395102393195318e-01 4.751897600777196473e+00
1.675516081914556255e+00 4.188790204786390636e-01 4.701164142599176365e+00
1.675516081914556255e+00 6.283185307179586232e-01 4.460905027726036920e+00
1.675516081914556255e+00 8.377580409572781273e-01 4.042056875501936375e+00
1.675516081914556255e+00 1.047197551196597631e+00 3.556803668935225371e+00
1.675516081914556255e+00 1.256637061435917246e+00 3.121509905750779357e+00
1.675516081914556255e+00 1.466076571675236861e+00 2.839914319110526275e+00
1.675516081914556255e+00 1.675516081914556255e+00 2.731457866812306179e+00
1.675516081914556255e+00 1.884955592153875870e+00 2.759039367649948726e+00
1.675516081914556255e+00 2.094395102393195263e+00 2.853503233733920119e+00
1.675516081914556255e+00 2.303834612632514656e+00 2.854779558892214464e+00
1.675516081914556255e+00 2.513274122871834049e+00 2.826683524510958279e+00
1.675516081914556255e+00 2.722713633111153886e+00 2.932553981901839801e+00
1.675516081914556255e+00 2.932153143350473279e+00 3.237006124949804331e+00
1.675516081914556255e+00 3.141592653589792672e+00 3.802275126512481673e+00
1.884955592153875870e+00 -3.141592653589793116e+00 3.984806849896453507e+00
1.884955592153875870e+00 -2.932153143350473723e+00 4.446922388416414407e+00
1.884955592153875870e+00 -2.722713633111154330e+00 4.863368949411273512e+00
1.884955592153875870e+00 -2.513274122871834493e+00 5.457445835152987534e+00
1.884955592153875870e+00 -2.303834612632515100e+00 6.238498150725892089e+00
1.884955592153875870e+00 -2.094395102393195707e+00 6.827748845448661896e+00
1.884955592153875870e+00 -1.884955592153875870e+00 7.290891101584742628e+00
1.884955592153875870e+00 -1.675516081914556921e+00 6.818734680845937923e+00
1.884955592153875870e+00 -1.466076571675237084e+00 5.788191825382758893e+00
1.884955592153875870e+00 -1.256637061435917246e+00 4.705047018537368508e+00
1.884955592153875870e+00 -1.047197551196598297e+00 4.070759399865869099e+00
1.884955592153875870e+00 -8.377580409572784603e-01 3.806444944776840256e+00
1.884955592153875870e+00 -6.283185307179586232e-01 3.769897362904943705e+00
1.884955592153875870e+00 -4.188790204786396743e-01 3.765930972938748678e+00
1.884955592153875870e+00 -2.094395102393198371e-01 4.039269637653152500e+00
1.884955592153875870e+00 0.000000000000000000e+00 4.410824299427254402e+00
1.884955592153875870e+00 2.094395102393195318e-01 4.410824299427254402e+00
1.884955592153875870e+00 4.188790204786390636e-01 4.466666734268527783e+00
1.884955592153875870e+00 6.283185307179586232e-01 4.189572945719050701e+00
1.884955592153875870e+00 8.377580409572781273e-01 3.725431229148132850e+00
1.884955592153875870e+00 1.047197551196597631e+00 3.183513700647106148e+00
1.884955592153875870e+00 1.256637061435917246e+00 2.719942809264894734e+00
1.884955592153875870e+00 1.466076571675236861e+00 2.480778240933033452e+00
1.884955592153875870e+00 1.675516081914556255e+00 2.460951608612168329e+00
1.884955592153875870e+00 1.884955592153875870e+00 2.539915838804355896e+00
1.884955592153875870e+00 2.094395102393195263e+00 2.569215388355764684e+00
1.884955592153875870e+00 2.303834612632514656e+00 2.470241512038637843e+00
1.884955592153875870e+00 2.513274122871834049e+00 2.389990121048310989e+00
1.884955592153875870e+00 2.722713633111153886e+00 2.470820396937615904e+00
1.884955592153875870e+00 2.932153143350473279e+00 2.774625885479555798e+00
1.884955592153875870e+00 3.141592653589792672e+00 3.339235153493566255e+00
2.094395102393195263e+00 -3.141592653589793116e+00 3.123272238832565773e+00
2.094395102393195263e+00 -2.932153143350473723e+00 3.505754540140863629e+00
2.094395102393195263e+00 -2.722713633111154330e+00 3.997347157685128494e+00
2.094395102393195263e+00 -2.513274122871834493e+00 4.668767036087477784e+00
2.094395102393195263e+00 -2.303834612632515100e+00 5.454633758365586615e+00
2.094395102393195263e+00 -2.094395102393195707e+00 6.200984120282347689e+00
2.094395102393195263e+00 -1.884955592153875870e+00 6.571348873850823225e+00
2.094395102393195263e+00 -1.675516081914556921e+00 6.057316580107910298e+00
2.094395102393195263e+00 -1.466076571675237084e+00 5.028591704451369715e+00
2.094395102393195263e+00 -1.256637061435917246e+00 4.059305849199004612e+00
2.094395102393195263e+00 -1.047197551196598297e+00 3.363127317477055289e+00
2.094395102393195263e+00 -8.377580409572784603e-01 3.062368985989165182e+00
2.094395102393195263e+00 -6.283185307179586232e-01 3.111001836600232995e+00
2.094395102393195263e+00 -4.188790204786396743e-01 3.128996023442969676e+00
2.094395102393195263e+00 -2.094395102393198371e-01 3.230132186896150337e+00
2.094395102393195263e+00 0.000000000000000000e+00 3.527103990416578405e+00
2.094395102393195263e+00 2.094395102393195318e-01 3.527103990416578405e+00
2.094395102393195263e+00 4.188790204786390636e-01 3.678738305099378714e+00
2.094395102393195263e+00 6.283185307179586232e-01 3.522892661853832763e+00
2.094395102393195263e+00 8.377580409572781273e-01 3.166350560715688989e+00
2.094395102393195263e+00 1.047197551196597631e+00 2.734081953645933094e+00
2.094395102393195263e+00 1.256637061435917246e+00 2.337155689301307682e+00
2.094395102393195263e+00 1.466076571675236861e+00 2.114980637831123556e+00
2.094395102393195263e+00 1.675516081914556255e+00 2.110139419644674774e+00
2.094395102393195263e+00 1.884955592153875870e+00 2.187357844347242342e+00
2.094395102393195263e+00 2.094395102393195263e+00 2.139347451626633756e+00
2.094395102393195263e+00 2.303834612632514656e+00 1.940402432252027909e+00
2.094395102393195263e+00 2.513274122871834049e+00 1.777313423228174649e+00
2.094395102393195263e+00 2.722713633111153886e+00 1.815812991745700655e+00
2.094395102393195263e+00 2.932153143350473279e+00 2.114830522805926982e+00
2.094395102393195263e+00 3.141592653589792672e+00 2.633318940508984074e+00
2.303834612632514656e+00 -3.141592653589793116e+00 2.379519743098403417e+00
2.303834612632514656e+00 -2.932153143350473723e+00 2.734654313318869434e+00
2.303834612632514656e+00 -2.722713633111154330e+00 3.291211279812011892e+00
2.303834612632514656e+00 -2.513274122871834493e+00 4.048348919658809386e+00
2.303834612632514656e+00 -2.303834612632515100e+00 4.942315139020009518e+00
2.303834612632514656e+00 -2.094395102393195707e+00 5.773502805584072028e+00
2.303834612632514656e+00 -1.884955592153875870e+00 6.116636105036297621e+00
2.303834612632514656e+00 -1.675516081914556921e+00 5.497387495634366239e+00
2.303834612632514656e+00 -1.466076571675237084e+00 4.432279237156128815e+00
2.303834612632514656e+00 -1.256637061435917246e+00 3.539371236034575041e+00
2.303834612632514656e+00 -1.047197551196598297e+00 3.017271756644585690e+00
2.303834612632514656e+00 -8.377580409572784603e-01 2.871051350893428999e+00
2.303834612632514656e+00 -6.283185307179586232e-01 2.886454204071738694e+00
2.303834612632514656e+00 -4.188790204786396743e-01 2.632824400554306887e+00
2.303834612632514656e+00 -2.094395102393198371e-01 2.538290661647135682e+00
2.303834612632514656e+00 0.000000000000000000e+00 2.713568610529908387e+00
2.303834612632514656e+00 2.094395102393195318e-01 2.713568610529908387e+00
2.303834612632514656e+00 4.188790204786390636e-01 2.858250896567847477e+00
2.303834612632514656e+00 6.283185307179586232e-01 2.812717304961228848e+00
2.303834612632514656e+00 8.377580409572781273e-01 2.570124920822586478e+00
2.303834612632514656e+00 1.047197551196597631e+00 2.270752669635251575e+00
2.303834612632514656e+00 1.256637061435917246e+00 2.020248392866864862e+00
2.303834612632514656e+00 1.466076571675236861e+00 1.882458152337909363e+00
2.303834612632514656e+00 1.675516081914556255e+00 1.877543389199096024e+00
2.303834612632514656e+00 1.884955592153875870e+00 1.879095201171122165e+00
2.303834612632514656e+00 2.094395102393195263e+00 1.723088865380176138e+00
2.303834612632514656e+00 2.303834612632514656e+00 1.463720140747875709e+00
2.303834612632514656e+00 2.513274122871834049e+00 1.267999903089036318e+00
2.303834612632514656e+00 2.722713633111153886e+00 1.271654603238798975e+00
2.303834612632514656e+00 2.932153143350473279e+00 1.530511753900789751e+00
2.303834612632514656e+00 3.141592653589792672e+00 1.990163724331573070e+00
2.513274122871834049e+00 -3.141592653589793116e+00 1.956866247226748845e+00
2.513274122871834049e+00 -2.932153143350473723e+00 2.322241201219414020e+00
2.513274122871834049e+00 -2.722713633111154330e+00 2.924375148715207207e+00
2.513274122871834049e+00 -2.513274122871834493e+00 3.758129218795686732e+00
2.513274122871834049e+00 -2.303834612632515100e+00 4.739213675409956750e+00
2.513274122871834049e+00 -2.094395102393195707e+00 5.634307566023561975e+00
2.513274122871834049e+00 -1.884955592153875870e+00 6.067609222172759331e+00
2.513274122871834049e+00 -1.675516081914556921e+00 5.353622846863982154e+00
2.513274122871834049e+00 -1.466076571675237084e+00 4.112508857260477768e+00
2.513274122871834049e+00 -1.256637061435917246e+00 3.210101573004464637e+00
2.513274122871834049e+00 -1.047197551196598297e+00 2.805330765073113852e+00
2.513274122871834049e+00 -8.377580409572784603e-01 2.795431554872986446e+00
2.513274122871834049e+00 -6.283185307179586232e-01 2.765659490559819744e+00
2.513274122871834049e+00 -4.188790204786396743e-01 2.365313208681365520e+00
2.513274122871834049e+00 -2.094395102393198371e-01 2.181443640817592566e+00
2.513274122871834049e+00 0.000000000000000000e+00 2.263264282970705477e+00
2.513274122871834049e+00 2.094395102393195318e-01 2.263264282970705477e+00
2.513274122871834049e+00 4.188790204786390636e-01 2.377350887348903985e+00
2.513274122871834049e+00 6.283185307179586232e-01 2.334551009839905156e+00
2.513274122871834049e+00 8.377580409572781273e-01 2.106322645898154988e+00
2.513274122871834049e+00 1.047197551196597631e+00 1.886049642981734165e+00
2.513274122871834049e+00 1.256637061435917246e+00 1.755921014535038349e+00
2.513274122871834049e+00 1.466076571675236861e+00 1.711305687347750792e+00
2.513274122871834049e+00 1.675516081914556255e+00 1.742338844498801276e+00
2.513274122871834049e+00 1.884955592153875870e+00 1.700702857678339841e+00
2.513274122871834049e+00 2.094395102393195263e+00 1.487173619010427883e+00
2.513274122871834049e+00 2.303834612632514656e+00 1.188715965779338690e+00
2.513274122871834049e+00 2.513274122871834049e+00 9.580744750106533481e-01
2.513274122871834049e+00 2.722713633111153886e+00 8.993696667510737708e-01
2.513274122871834049e+00 2.932153143350473279e+00 1.112762752637945107e+00
2.513274122871834049e+00 3.141592653589792672e+00 1.574229002636229557e+00
2.722713633111153886e+00 -3.141592653589793116e+00 1.874769669747591960e+00
2.722713633111153886e+00 -2.932153143350473723e+00 2.257685577878100425e+00
2.722713633111153886e+00 -2.722713633111154330e+00 2.900227292673028590e+00
2.722713633111153886e+00 -2.513274122871834493e+00 3.802109970980973142e+00
2.722713633111153886e+00 -2.303834612632515100e+00 4.838052737422263050e+00
2.722713633111153886e+00 -2.094395102393195707e+00 5.783732661691808552e+00
2.722713633111153886e+00 -1.884955592153875870e+00 6.254380006910651879e+00
2.722713633111153886e+00 -1.675516081914556921e+00 5.301117858850063591e+00
2.722713633111153886e+00 -1.466076571675237084e+00 3.878881608519272994e+00
2.722713633111153886e+00 -1.256637061435917246e+00 2.887951233326080391e+00
2.722713633111153886e+00 -1.047197551196598297e+00 2.431171175625530534e+00
2.722713633111153886e+00 -8.377580409572784603e-01 2.427630119951467158e+00
2.722713633111153886e+00 -6.283185307179586232e-01 2.553982289740192257e+00
2.722713633111153886e+00 -4.188790204786396743e-01 2.347876477488563207e+00
2.722713633111153886e+00 -2.094395102393198371e-01 2.196112742623366199e+00
2.722713633111153886e+00 0.000000000000000000e+00 2.251101560972314175e+00
2.722713633111153886e+00 2.094395102393195318e-01 2.251101560972314175e+00
2.722713633111153886e+00 4.188790204786390636e-01 2.320550943428431712e+00
2.722713633111153886e+00 6.283185307179586232e-01 2.203591267481394667e+00
2.722713633111153886e+00 8.377580409572781273e-01 1.932847143436396520e+00
2.722713633111153886e+00 1.047197551196597631e+00 1.758814272857083250e+00
2.722713633111153886e+00 1.256637061435917246e+00 1.745253416047529482e+00
2.722713633111153886e+00 1.466076571675236861e+00 1.801293208498338405e+00
2.722713633111153886e+00 1.675516081914556255e+00 1.841263553592397795e+00
2.722713633111153886e+00 1.884955592153875870e+00 1.743608112679966515e+00
2.722713633111153886e+00 2.094395102393195263e+00 1.491873506839541008e+00
2.722713633111153886e+00 2.303834612632514656e+00 1.166032529397355910e+00
2.722713633111153886e+00 2.513274122871834049e+00 8.845168073877112125e-01
2.722713633111153886e+00 2.722713633111153886e+00 7.572917864976109747e-01
2.722713633111153886e+00 2.932153143350473279e+00 9.512371863423807472e-01
2.722713633111153886e+00 3.141592653589792672e+00 1.460546928558725588e+00
2.932153143350473279e+00 -3.141592653589793116e+00 2.045104525113742522e+00
2.932153143350473279e+00 -2.932153143350473723e+00 2.446749562528338640e+00
2.932153143350473279e+00 -2.722713633111154330e+00 3.119238780139050871e+00
2.932153143350473279e+00 -2.513274122871834493e+00 4.045462318256056733e+00
2.932153143350473279e+00 -2.303834612632515100e+00 5.100608773644541571e+00
2.932153143350473279e+00 -2.094395102393195707e+00 6.073405086073951686e+00
2.932153143350473279e+00 -1.884955592153875870e+00 6.380037853237979562e+00
2.932153143350473279e+00 -1.675516081914556921e+00 5.340397280251250933e+00
2.932153143350473279e+00 -1.466076571675237084e+00 3.815553596217831078e+00
2.932153143350473279e+00 -1.256637061435917246e+00 2.748523174013965509e+00
2.932153143350473279e+00 -1.047197551196598297e+00 2.243462263196270623e+00
2.932153143350473279e+00 -8.377580409572784603e-01 2.221850927181918678e+00
2.932153143350473279e+00 -6.283185307179586232e-01 2.473125469853629799e+00
2.932153143350473279e+00 -4.188790204786396743e-01 2.538476526188984561e+00
2.932153143350473279e+00 -2.094395102393198371e-01 2.505151145724976658e+00
2.932153143350473279e+00 0.000000000000000000e+00 2.575327945106567373e+00
2.932153143350473279e+00 2.094395102393195318e-01 2.575327945106567373e+00
2.932153143350473279e+00 4.188790204786390636e-01 2.609003718745977807e+00
2.932153143350473279e+00 6.283185307179586232e-01 2.417459606583825860e+00
2.932153143350473279e+00 8.377580409572781273e-01 2.107586676355368560e+00
2.932153143350473279e+00 1.047197551196597631e+00 1.947411982932684582e+00
2.932153143350473279e+00 1.256637061435917246e+00 1.989131646320429381e+00
2.932153143350473279e+00 1.466076571675236861e+00 2.103633458031505477e+00
2.932153143350473279e+00 1.675516081914556255e+00 2.124680484103139477e+00
2.932153143350473279e+00 1.884955592153875870e+00 1.954879637664059144e+00
2.932153143350473279e+00 2.094395102393195263e+00 1.682912164729418736e+00
2.932153143350473279e+00 2.303834612632514656e+00 1.370130615232050486e+00
2.932153143350473279e+00 2.513274122871834049e+00 1.049235525617916220e+00
2.932153143350473279e+00 2.722713633111153886e+00 8.539161938926964623e-01
2.932153143350473279e+00 2.932153143350473279e+00 1.028057114753364365e+00
2.932153143350473279e+00 3.141592653589792672e+00 1.592491120096379165e+00
3.141592653589792672e+00 -3.141592653589793116e+00 2.383017006815899119e+00
3.141592653589792672e+00 -2.932153143350473723e+00 2.797909181981197868e+00
3.141592653589792672e+00 -2.722713633111154330e+00 3.484355402350157060e+00
3.141592653589792672e+00 -2.513274122871834493e+00 4.433795956930840276e+00
3.141592653589792672e+00 -2.303834612632515100e+00 5.445950879796648714e+00
3.141592653589792672e+00 -2.094395102393195707e+00 6.406732910319010266e+00
3.141592653589792672e+00 -1.884955592153875870e+00 6.780158193970335923e+00
3.141592653589792672e+00 -1.675516081914556921e+00 5.674204695952192345e+00
3.141592653589792672e+00 -1.466076571675237084e+00 4.041910259529705840e+00
3.141592653589792672e+00 -1.256637061435917246e+00 2.945091697983325041e+00
3.141592653589792672e+00 -1.047197551196598297e+00 2.405213729796441324e+00
3.141592653589792672e+00 -8.377580409572784603e-01 2.396085110127925244e+00
3.141592653589792672e+00 -6.283185307179586232e-01 2.741544058934181738e+00
3.141592653589792672e+00 -4.188790204786396743e-01 2.990634460810262851e+00
3.141592653589792672e+00 -2.094395102393198371e-01 3.043906882596550290e+00
3.141592653589792672e+00 0.000000000000000000e+00 3.115310693195676439e+00
3.141592653589792672e+00 2.094395102393195318e-01 3.115310693195676439e+00
3.141592653589792672e+00 4.188790204786390636e-01 3.145913900321138268e+00
3.141592653589792672e+00 6.283185307179586232e-01 2.964043748600759809e+00
3.141592653589792672e+00 8.377580409572781273e-01 2.654406537132351307e+00
3.141592653589792672e+00 1.047197551196597631e+00 2.464611456818817103e+00
3.141592653589792672e+00 1.256637061435917246e+00 2.464923576978010900e+00
3.141592653589792672e+00 1.466076571675236861e+00 2.541405335199026005e+00
3.141592653589792672e+00 1.675516081914556255e+00 2.458655642092292481e+00
3.141592653589792672e+00 1.884955592153875870e+00 2.188043169517456032e+00
3.141592653589792672e+00 2.094395102393195263e+00 1.929227298377763633e+00
3.141592653589792672e+00 2.303834612632514656e+00 1.721046316990530789e+00
3.141592653589792672e+00 2.513274122871834049e+00 1.439998698365765328e+00
3.141592653589792672e+00 2.722713633111153886e+00 1.195966135753631754e+00
3.141592653589792672e+00 2.932153143350473279e+00 1.334041620300097097e+00
3.141592653589792672e+00 3.141592653589792672e+00 1.908448831433787296e+00
