3.120154165645915    2.8784371219581257    2.8784371219581257    2.051991506921375    1.2774129102607514    0.8442018240448799    0.9285057314424185    0.7046571821333205    0.7366019465612936    0.9674842849813434    0.7098638496169911    0.3990876349815387    0.26605842914779726    0.44422397471683844    0.6361701966587672    0.787977608519004    0.7939692127010085    0.7257623820037615    0.7257623820037615    0.7151163913935865    1.0729631997376332    2.004273446477286    2.7069351038086737    3.5333657363405364    3.5333657363405364    
6.4309924707580715    5.9206506561615235    4.580184046417928    2.856848802398666    1.6468878927331847    1.168619441324647    1.1354715037304575    1.0714635038764742    1.0778075630777162    1.1048494423148696    0.8224218354346288    0.4251977411821201    0.25184576018137056    0.3871182166692328    0.6998370613775176    0.9663523731245668    1.0875400752556126    1.1553105361477876    1.2754703400513494    1.326566834988718    1.8373377587616817    3.0730712257281443    4.5768981798538695    5.7672134954569465    6.511949746263716    
6.540620132708981    5.963331758621562    4.581423938629842    2.8795469788373644    1.6676834883305698    1.1902635155694967    1.1583731535181603    1.0912657737773046    1.095158099198302    1.1176746639346933    0.8311990800896827    0.43086322329502236    0.25375235763843057    0.38660148519520243    0.697011778361739    0.9639086902673154    1.0884925076739604    1.1505288514736491    1.266344852373523    1.3181598282993243    1.8330070002001426    3.075827414237461    4.593079059298816    5.760585690882611    6.502685585804121    
6.626194234716408    6.023524604073643    4.606986854287405    2.893399683446433    1.6808724539967368    1.2024476314105224    1.1725209859871513    1.1049226139148618    1.1058911110939893    1.1256338820618454    0.8362194930630217    0.4329988842486187    0.25327358601114963    0.38397668655816536    0.692351269235979    0.9603223578459685    1.088172380142392    1.150907875754597    1.2662358521928667    1.321101696825198    1.8453533718907267    3.0879574901331552    4.610922425585877    5.786483449371933    6.583489391144447    
6.7150352277323835    6.0710956785607735    4.626034572097275    2.9078157694202713    1.6963601174083607    1.2180704035944825    1.187650625352463    1.119863761656157    1.1170444500085464    1.1316906012433783    0.8393412822577704    0.434021203661232    0.2520216053271725    0.3812086800291896    0.68738737281667    0.9557545751244405    1.087948236203981    1.1509898165624695    1.2649828726079637    1.3241803723200594    1.8530041261378853    3.095608100520723    4.614930188981932    5.80145237041095    6.635763380326773    
6.72406936303894    6.093445406533097    4.6419363474170865    2.9183988829305414    1.7073435305702744    1.231315354401384    1.2023573561509784    1.1361215908132265    1.128829820119424    1.1380995098033928    0.843742594849197    0.43661058576773937    0.2523412535940013    0.37899667506909446    0.6825012301221158    0.9514066207894337    1.0865566016855264    1.1497052887378456    1.2636412856433503    1.3277479550085867    1.8597030118596223    3.0998135471569386    4.616997851381571    5.820294071741951    6.620974465921893    
6.7008339930524015    6.101863591910435    4.646624499809482    2.926888112219905    1.7156269121431809    1.2413396637360132    1.21455256488124    1.1488711947854875    1.1370983653903373    1.141924656425739    0.8461308341847981    0.4377412039506036    0.25198089949373237    0.3764611099895983    0.6783321344812493    0.9479964912596116    1.086204730845045    1.1500742230116638    1.2648347285038881    1.3327201949775314    1.8675732833308933    3.1061838163447786    4.613399548481488    5.851904190544031    6.607919503762448    
6.720514519442568    6.105333954723624    4.653958924900854    2.9351382738776266    1.7237629205461187    1.2498017422699292    1.2232187139959574    1.157722188994528    1.1431776995429643    1.1447635705387593    0.8479169466190715    0.43885948991756696    0.2521241011639442    0.3752823941554542    0.6756411979539971    0.9454988115277704    1.0860608515544092    1.1504386207743373    1.265858445778566    1.338042899283401    1.875962244773029    3.11438659187964    4.618689653368907    5.860967019911996    6.650566129364182    
6.7338181010074765    6.106339375045299    4.667095842424973    2.9433669932022894    1.7308579232931611    1.2569765645432565    1.231335218075683    1.165873667332156    1.1486219458097684    1.1470342927894204    0.8494721609450121    0.43953945537877714    0.2518486852930102    0.37396199729752244    0.6730650567007599    0.9432819621630373    1.0858087592975376    1.150987304844258    1.2666904109360184    1.3416611962380045    1.8821658906902818    3.118811852394774    4.616369893262248    5.866327739364568    6.68888316233164    
6.764718932897188    6.128622413349909    4.677691912476968    2.9508588670329208    1.737983761456236    1.2642572537358974    1.2397670339568532    1.1744911225492538    1.1546113174354298    1.1503758279230847    0.8515113540956029    0.440700510228739    0.2519768301419295    0.3729386415626357    0.6705638159629621    0.9408527512966021    1.084620389874848    1.1501613950217817    1.265871819742649    1.3431345783198805    1.8863211822927195    3.12256410720528    4.61858047951129    5.877090247939253    6.7098099211877384    
6.785599972614433    6.151420405324531    4.686809669313888    2.9591700471638407    1.7457795870044621    1.2720354925973585    1.2476238739782928    1.1820807494614545    1.1596115960167064    1.1529647378012273    0.8533942554547529    0.44172295015142593    0.25182990718045223    0.37154581476159426    0.667869095601912    0.9383254388573283    1.083274357558287    1.1485327838716022    1.2650447611562865    1.3458188435626375    1.8916392820449852    3.125093406374025    4.61086616118839    5.85857791521902    6.694490146913294    
6.773356066259359    6.164514167836837    4.695690100487442    2.9626474414406725    1.7506320874871981    1.2781740045196188    1.2546163279178963    1.1893101794719125    1.1646725540410958    1.1557204460791164    0.8552587849066448    0.4428005561428614    0.25172663102833726    0.37045679160959344    0.6655807533208022    0.9359776864894225    1.0821370433639295    1.1473388733854784    1.2650297096292442    1.349431683931148    1.8979158770267395    3.1286456649637473    4.608016734712965    5.859356388613507    6.691827161126985    
6.7881639648614085    6.174561661272914    4.700778230048239    2.967203237453996    1.7555926001919406    1.2834930860281322    1.2601998804920498    1.1951812599334575    1.1682072908676158    1.157211652383472    0.8564338859548017    0.4436102638048966    0.2518153898247103    0.36968923624981986    0.66383407690779    0.9343950855503013    1.0814867599808444    1.146863090749074    1.266092551073295    1.3538910870800598    1.9040472371741943    3.132719418261458    4.607170738779155    5.861256820085706    6.710630693629685    
6.78968215623971    6.170103777929002    4.705564467454224    2.971415104352464    1.7592689869247224    1.2879794510623481    1.2659848587832743    1.201999466259719    1.1726814942603196    1.1593098140074256    0.8580084846750333    0.4446707049188069    0.25210524699437215    0.3690659315686511    0.6620240940865032    0.9326004392409343    1.0803296260814454    1.1458123410104368    1.2663171241076951    1.3576698902498259    1.909827884267805    3.135742431306865    4.606616919881868    5.85950756166412    6.709314358394009    
6.786486190325272    6.184416675229743    4.712902144181195    2.97536654009678    1.762970191005384    1.291699832201713    1.27004524214452    1.2068757748453247    1.1760972271305337    1.1609388498223343    0.8592616870794415    0.4454148985459278    0.2523941725969922    0.3687502504289337    0.6606435731877383    0.9314586779526892    1.0799638503387108    1.145446442127309    1.2668325961152473    1.3600021365871569    1.9135480098974542    3.1381464897367883    4.607265660750624    5.863460966119865    6.695229404776815    
6.809077638535593    6.195716173959237    4.716162245248513    2.978314188821265    1.7663597148801469    1.2951975216934066    1.2737026334593315    1.2109082204197148    1.179005068691438    1.1627395454562321    0.8604679451954375    0.44612807958903666    0.2526369877200479    0.3684398670363242    0.659598377993446    0.9306463313667219    1.0798615813764378    1.1453395883476318    1.2676187896397955    1.362367914136277    1.9168571554061318    3.1409165837984654    4.611238016817709    5.874490630416896    6.699815672908632    
6.819627158235538    6.2031571654202144    4.718910573870341    2.980983637550588    1.7691131995941336    1.2982523159661192    1.2768956703785044    1.2145068411701956    1.1816165020333633    1.164185576756872    0.8614513548575892    0.44671965776588185    0.25268392876787704    0.3679944073153992    0.6584724011055785    0.9299424725277301    1.0800285649420291    1.1453516743376817    1.268532345944587    1.365085533385157    1.9210239806183593    3.1440803727000266    4.610743249825947    5.86979589967303    6.692476462990128    
6.828775120549613    6.198482503619766    4.721162403370295    2.9841303919712194    1.7719955380548655    1.3013041417944762    1.2798714431333664    1.2177387480765833    1.184224325889005    1.1658115510676206    0.8624868434203564    0.44724546132862203    0.25275229758407886    0.36747548086409354    0.6572375236341039    0.9292218610210776    1.0802087853990052    1.1453082408559447    1.2684617714460567    1.3662306589269875    1.923890811590424    3.146190049461522    4.61338327188326    5.878931573932062    6.705105473680799    
6.837380584017704    6.209492945809045    4.725993493669101    2.987730429038766    1.7755424888963651    1.3047472017299733    1.2830057622804607    1.2207840731357533    1.186819764111825    1.16737573572472    0.8633316512256725    0.44772088035386354    0.2528444350096312    0.36712405151262445    0.6563952359685364    0.9287111142945886    1.0803924208714002    1.145172606790684    1.268647471526275    1.3676636961180355    1.926220174357826    3.1474120283800975    4.611064805379083    5.877638379348318    6.702711804963259    
6.845321088515646    6.2157953026089    4.730659874636459    2.9906348390413453    1.778255835041466    1.3074829998925481    1.2855645833190263    1.2232162024698647    1.1886928317163576    1.168611452627362    0.8642988342063409    0.44836188423105094    0.25313868771245984    0.3669916818052533    0.6557068470682396    0.9282181728798841    1.080532196478853    1.1450960832334207    1.2687660689049038    1.3685543188708338    1.9280000500441614    3.149085416142573    4.6113963254790615    5.876187953791809    6.697262221576104    
6.860192342749551    6.223593991005073    4.734771445602059    2.994969715640805    1.7820745551296975    1.3111637213930747    1.288560565455189    1.2257006951237548    1.1905609132913664    1.1699618270992418    0.8651786568802134    0.448919319795727    0.25326780044012787    0.3667636861643664    0.6549843093756211    0.9277695584769082    1.0805153358618593    1.1446338873421966    1.268228509165538    1.3691610108518104    1.929759085050269    3.1494613332649584    4.6100390128221385    5.8776348830769685    6.6977434064772705    
