0.2992579144991656    0.49305966381505045    0.975595423591606    1.5685488183228977    2.8784371219581257    2.7069351038086737    9.434300816507886    3.120154165645915    2.3733178227470266    1.8102703013540378    0.8376863540378918    0.3045336990768312    0.09083954173168585    0.28626917047047645    0.8312413228857949    1.638766202249557    2.573907365056383    3.120154165645915    9.434300816507886    2.7069351038086737    2.293712296294221    1.7780376797943722    1.1025308825897624    0.5582997103258622    0.2586526224196793    
0.3690412987011292    0.738560498914883    1.566853340896001    2.851334858729048    4.31336247371403    5.525797849406829    6.162251318069272    5.6288345887393145    4.109951699930557    2.4684594421689576    1.1546075928921524    0.37900353228794836    0.1754201381225455    0.5123399651907129    1.3547271074632363    2.6899167123888628    4.223759178717724    5.455052521950032    5.894284246717201    5.416272925619662    4.285191972808655    2.8501411061023174    1.5220721400705297    0.691758756410569    0.33143224000584237    
0.37025183297310355    0.7392696308239527    1.5705547534106732    2.861205095666082    4.324814722797379    5.5173720886184165    6.1401511986134265    5.619255306296767    4.107157184902235    2.4702639112705356    1.1578036981506188    0.38228788454689366    0.17919418449493596    0.5166373168289708    1.3597729121215663    2.688848646878299    4.242388970258438    5.487133352503685    5.898884484325299    5.44563243707918    4.321948798196825    2.875934015860361    1.5368898294015947    0.7040806131928236    0.33831895843970305    
0.3728607453883413    0.7442325409329918    1.5830736289204235    2.886394840113098    4.363326965069005    5.59292012819611    6.222855088398093    5.649474657892328    4.103331340762565    2.4680566626613025    1.1556808928061588    0.38079072272263226    0.17979890054026354    0.5185797184545259    1.3605495248792132    2.692074099471892    4.24311661221543    5.496868034454865    5.947972221073027    5.4714687177351875    4.35336164434    2.891192320537801    1.5449460957650798    0.7103336676113402    0.3421032306792638    
0.3751140724331678    0.7497157163812128    1.5952061638387658    2.909333730400029    4.389706706870071    5.630259204256832    6.255327184852795    5.6448957587905975    4.104815461936464    2.465907802619628    1.1546909098446045    0.3793813148851438    0.17954569815679602    0.5196048053344942    1.360503807347466    2.6910850100916592    4.24514362245307    5.483154589558253    5.933646308805209    5.479197102956518    4.369962807405911    2.902974956025403    1.5508376635969963    0.715607086367871    0.3455432434013774    
0.3783197525156919    0.7548158211562236    1.6050430386676997    2.9257548442570513    4.4136047906418465    5.658689525199879    6.28387345461996    5.647487935394481    4.101451236167223    2.464162510866089    1.152653892082903    0.37809182790486573    0.1795085516980764    0.5216644162332778    1.3631554704787174    2.6929030367362925    4.249506259954819    5.482159261079962    5.957090004129065    5.513444583357948    4.395165325454517    2.91457865485851    1.5565744081207646    0.7207176624019933    0.3500676928733526    
0.37942011985811785    0.757372419777881    1.6112840900540546    2.9376720880217015    4.434531512497029    5.681778008182245    6.305597420603752    5.676835755658789    4.1060752910131235    2.462437123037965    1.1522483617499155    0.3775410603395488    0.18004639795762972    0.5236080877965715    1.3651036802254393    2.6932556691365095    4.246956346968822    5.482067409106095    5.963007661440024    5.539027762627669    4.416130050811852    2.923173193431333    1.560672699427193    0.7238949163088433    0.3527050558071512    
0.3808428375501385    0.7605107401971095    1.6178858802828782    2.9488835018515793    4.448560573468855    5.692764090507056    6.313198123758492    5.6718387631219604    4.103138618935777    2.460574425970599    1.1509813400153028    0.3771641127458481    0.18071360004966946    0.525421394611466    1.366668002096029    2.694206755327573    4.252099529965115    5.495049708415034    5.9648601322351915    5.54737032014125    4.425276855345754    2.9303969948696054    1.5646344152561629    0.7264598883756233    0.3548782744020893    
0.3822711722042609    0.763680434693941    1.6244947813397697    2.959013835274326    4.46106449947075    5.71528475411902    6.324335469371576    5.685959057923272    4.099001125675877    2.4586091905960017    1.1496499592016753    0.37681205667632295    0.1809913559980212    0.5263801603209031    1.3673420062223018    2.6943527667821643    4.251667042343533    5.5118078602145735    5.974808990462733    5.559223523619831    4.435828794610323    2.9358009910270715    1.5671251660117984    0.7282926130591738    0.35636645289538676    
0.3835046692859683    0.7664369929809347    1.6298745688222287    2.9676068396297732    4.473289700397424    5.726724166909633    6.320360633179585    5.69158169898876    4.096816268207239    2.4562967514933605    1.1484574090638344    0.376550556247864    0.18147984196805256    0.5276852188862402    1.368286294755951    2.694633285023313    4.252992500157523    5.514062490040834    5.991671908785598    5.573872171626629    4.450803234094    2.9412771673801177    1.569872039466106    0.7304157319996946    0.3578492869361235    
0.3843246755092082    0.7685902201465244    1.6345180798845944    2.975834532740044    4.488909068642934    5.7515448988983024    6.3388347745777445    5.698056860281205    4.096410628850195    2.4541805200114717    1.1474152291234825    0.3762879881104722    0.18197546091098854    0.528811015857618    1.3686719877688869    2.6946228451609926    4.253081321275032    5.5155272897003655    6.009045150514351    5.588116363324258    4.460024373679737    2.9470239437159123    1.5723482087255354    0.7317901698568825    0.35898420921254887    
0.38508947192493526    0.7702254981221998    1.6390101508739419    2.9833832271686136    4.497890398187755    5.758828871045336    6.337010820064192    5.702780133627075    4.096197195422752    2.4530306992095383    1.1466333537819868    0.3761714374233866    0.18253787335222066    0.5300317636019793    1.369524907695813    2.6946868613405743    4.254941696232696    5.526817406715393    6.032398097639965    5.605753844608869    4.476210240588803    2.9523021619048335    1.574169040709828    0.7332326478927979    0.36032244324689716    
0.38622779589571027    0.7723058613285579    1.6433398435300877    2.990830130923154    4.505692773964108    5.771719226250804    6.348386626974673    5.7064738459738304    4.0951745059920865    2.451966523618343    1.145833609396138    0.37560119093032457    0.18258216728781756    0.5310365478859    1.3705463180430755    2.694710594612299    4.253220678334766    5.530951380746924    6.031252043333179    5.6132672032977196    4.487703163081067    2.957645602818209    1.57644936951243    0.7347981970110194    0.36202434891188395    
0.387627930184458    0.7743115103783106    1.6476858445231743    2.998273988937572    4.5146827780595125    5.785882113124833    6.360247233104793    5.709565205674924    4.094637842385732    2.4504850911481113    1.1450142951469116    0.3750376343119226    0.1826456849473601    0.5318221169446606    1.3712254858255055    2.694061021450902    4.252610930301357    5.537762326675411    6.053412728849325    5.631751676033354    4.501358498744011    2.9642982549837336    1.5796855214951975    0.7367734417432633    0.36369822889977993    
0.388905031220807    0.7760750035016101    1.6511548503970968    3.0035174724310583    4.522941109449907    5.798031093341032    6.370558883795266    5.709403130103021    4.09459306649553    2.4497900333381137    1.1443292042492181    0.3746929408170167    0.18274058283664701    0.5324673503503872    1.3718459218535628    2.6938965584279964    4.252620381560067    5.54613220277022    6.0638958303044594    5.647031717723646    4.511547850427062    2.9683201929860634    1.5815312077506443    0.7380519342645946    0.3651278328579234    
0.3901051550651675    0.7777932090279891    1.654408208522273    3.0083318088355187    4.530141573115622    5.809637177132275    6.384793183880738    5.715986653885775    4.093911605292959    2.4492067679231457    1.1439884531872695    0.37450019179165295    0.18287393110454075    0.5331773008813263    1.3725360067781247    2.69449089882032    4.254649108810669    5.554690967466281    6.073280148245846    5.655174285916113    4.517920525118903    2.9722597104321884    1.5832451734650246    0.7392347760399643    0.36631599958037253    
0.3911616734075127    0.7794648211128984    1.657501217455612    3.0136470746076625    4.535653774225408    5.813009600291361    6.378745900190884    5.717409037395809    4.092671096100782    2.448223067709797    1.143315917038151    0.3742943238555007    0.18297234651557887    0.5337104554236043    1.3732789726672703    2.69483205138878    4.255277707819335    5.565112629677305    6.090436632620569    5.662194148561044    4.525232923489204    2.975022070166474    1.5843828840679717    0.7400743370818849    0.3673857701435834    
0.3922388312574159    0.7813315639867797    1.6609853496587759    3.019438654805007    4.545175753987328    5.820817518158382    6.382884200107434    5.7201404132567095    4.09149110312631    2.4480078241011083    1.1429376953794712    0.3740909776322784    0.18292748370898337    0.5339676941572061    1.3734008346674436    2.6946856977099674    4.256545364304802    5.568438313254961    6.098101865519888    5.667532308407515    4.5309356912625836    2.976696864375906    1.5848187927897923    0.7405386337075591    0.3681468747352921    
0.39341212353222643    0.7831009646880898    1.6641575522705636    3.024391251690367    4.550668620530178    5.826172087777219    6.385057845748103    5.715709725384391    4.09141781247484    2.447430343078973    1.1424540947881023    0.3739038186376808    0.18301406085546615    0.5345311626274901    1.374050835765994    2.695581733500182    4.257450449845277    5.569513780264076    6.103159739303181    5.679082015922035    4.5363585242516455    2.978608038789585    1.5852341079875458    0.7409072624991326    0.3689952546103891    
0.3949443389904993    0.7852115473324149    1.6676102991640944    3.0293894542398503    4.558644892618253    5.835848069019143    6.391611370124426    5.718631967279595    4.089744394781258    2.446349893110488    1.1419249661787259    0.3734750557060848    0.1827237521087583    0.5345667813562881    1.3742530567174884    2.695929149706781    4.257243721181679    5.572016384263219    6.107847342918844    5.682264088531115    4.53985395812301    2.9807012293243456    1.5858371127472797    0.7416211904975996    0.3702017527028545    
0.3964973703778859    0.7873174719573433    1.670966702726401    3.0349087974975912    4.565625891245675    5.841313002999151    6.395044820336395    5.722593968399373    4.0900068605166044    2.4457613482498246    1.1414167447683656    0.37301949468970014    0.1823350096926777    0.5343662951419521    1.374045805888278    2.6956684661616626    4.257719669663059    5.569395162438928    6.098993611185657    5.68728964307258    4.545990076059482    2.983462816025306    1.5867423684897923    0.7423222982248419    0.3714319243089974    
