0.3045337047846894    0.5790801044049995    1.0767527698083412    1.845599688836588    2.4408798317892426    3.187716174688131    3.6009277453827524    2.641469374098599    2.9459991310003417    1.845599688836588    0.9385620328017432    0.3909375398011238    0.12073682885220825    0.3800979727668379    1.00366223194437    1.815020762485561    2.361274305336437    3.187716174688131    9.5018628255501    2.641469374098599    2.5327775720528045    2.0276554189629428    1.085455982212374    0.5904358707734501    0.3411194021414501    
0.3394542802008688    0.7014640715976326    1.531772848486023    2.8046251201003227    4.313849455651078    5.485009182301327    5.985831532171637    5.4526246063026855    4.127269115325296    2.5007257876008206    1.149083224119447    0.3679907149027905    0.1702029163786994    0.49799912963355736    1.336846627616585    2.636339259108833    4.1698481176046    5.420870352489017    5.719208384122436    5.39706971951061    4.31271625695158    2.878769661593203    1.5610207999469334    0.7136308718174723    0.34081435577704905    
0.3476539463800664    0.7076193547723144    1.5468409535426384    2.837530159743315    4.351523537957839    5.512646159619146    5.984067688498502    5.476781578171629    4.145120860231783    2.499280171495324    1.1401510383310696    0.3573798933499261    0.16112982936144382    0.4919488500959788    1.3301435503072019    2.6297963037184364    4.175595317321128    5.427255074399664    5.752918733380488    5.420178942287282    4.350387635217152    2.9112564247174966    1.5797708080748931    0.7306130050756875    0.353987470750483    
0.35127578262050874    0.7123795201356111    1.5571181618739118    2.8620111147742606    4.39951294511445    5.562943361299594    6.003112976607061    5.510278743369188    4.1469690322738    2.492593922082515    1.1332931144457488    0.34994036961666825    0.15454459426547018    0.486979052348882    1.323502034206959    2.622789098843474    4.171776698183447    5.4842096599553445    5.825609335448768    5.479312752707834    4.385955447672247    2.9274778026749004    1.5909626856339996    0.7405848756484683    0.3604873434839446    
0.35290704248618204    0.7140632406501755    1.5628488678427384    2.875874446518621    4.421401205811016    5.578225109791549    6.005646110044428    5.520902703077219    4.146611945653193    2.489102592274289    1.1296470244956285    0.3451132199598272    0.15056274318193835    0.48474237886338306    1.322329153054981    2.619383045832318    4.164916854871194    5.495767971727492    5.890655663499105    5.507753214427932    4.411494694090726    2.943103658240375    1.600189948970202    0.748738146725057    0.36574280013284527    
0.3545832468975976    0.7158640248593713    1.5669732863194088    2.8862903317042186    4.4342804541914775    5.60283687653765    6.031192648089656    5.537899096874814    4.146895355322297    2.4840223813574975    1.1253568002674839    0.3403225455868601    0.14624736847611283    0.48178330701558036    1.3191601894708092    2.6168411698013925    4.160399956256312    5.498357173009949    5.9120767438257475    5.529827899957247    4.4286790055103085    2.9556523754507227    1.607404431625592    0.7556340324594903    0.3699556970299169    
0.3565893322928445    0.718331079056521    1.5719827999705513    2.8952417079142263    4.45181470398365    5.63305011203507    6.058445627535895    5.545997320435663    4.1444364666229765    2.477909633075793    1.1201496488530547    0.3353615074339566    0.1420731809321132    0.47925012070046846    1.3164649114455047    2.612511769035473    4.159210163302106    5.509940906302151    5.9261038571825235    5.521623468344433    4.435700309234609    2.9643770119386894    1.6146561804991033    0.7612933201684088    0.37357428975324347    
0.35866146039543634    0.7215715551726277    1.577869672120971    2.9045283968806945    4.467580946711722    5.653658546228965    6.0842574476092555    5.552791025445558    4.136000409433231    2.4711964591419067    1.1149473406645396    0.3306259266680669    0.13852381832212143    0.4766630786188166    1.312755776092314    2.605500131291522    4.152121914234348    5.519031525592323    5.938745811827701    5.526531557252573    4.446689366450395    2.9735794218906695    1.6203762765007803    0.7658940632085823    0.3767659224133356    
0.3618369167231714    0.7260725521668953    1.5856184571493628    2.916942613561445    4.483567881365583    5.67266225798304    6.081262786049042    5.544259853383785    4.127112861127162    2.4621525507548747    1.1082851987024696    0.3251811127510623    0.13421445256491793    0.47405447741257195    1.3099293825955722    2.6016400742177317    4.14795520567378    5.5242336234402005    5.966697902951419    5.554287112478377    4.4668186686742155    2.981866982054658    1.6251426488096372    0.7699633031954076    0.3800397649595027    
0.3646521379318715    0.7298160778213609    1.5916667291473483    2.9271116429772266    4.497176754082598    5.700841638020361    6.109697018982129    5.557855260310481    4.120169108981919    2.4564500154074387    1.1031841643771845    0.3206523050191687    0.13076858603484842    0.47163540891919137    1.3068908965993113    2.596841398869676    4.144767233578636    5.528003608656721    5.980655471680739    5.583967385930399    4.4807084884658925    2.9884967095824027    1.6284446662787198    0.7735815845941902    0.3829306203935993    
0.3670095078065667    0.7329050004945786    1.59677914855201    2.935883628622052    4.50617920450946    5.713162636881612    6.128564388815635    5.557872934957089    4.117497122959178    2.4521087696615353    1.0988187851769569    0.31683354725656054    0.1278338988444742    0.46982165742509824    1.30475600337348    2.5931777676221404    4.14114777168525    5.526910396059776    5.988319990882523    5.597995619834754    4.493199932463171    2.9958100394697875    1.6329747579436942    0.7775580669017803    0.3857686317545477    
0.3698753409583924    0.7367381117646296    1.6021728698068236    2.943694289339468    4.515211662082474    5.719898673563687    6.129273861775042    5.553956167563194    4.111792759084967    2.446720398969246    1.0945936826292244    0.3134612685284473    0.1255035872572076    0.46830921706422035    1.3029093716364122    2.5897952817827363    4.135150097821515    5.518661769313096    5.996302327761013    5.61127173938785    4.506579805637791    3.0046507376036113    1.6383599888752207    0.7817806590102189    0.3886514483977965    
0.3730583957575701    0.7412132478121063    1.608293988889636    2.9517582398602977    4.525313483974493    5.722217506128258    6.125034687550275    5.543198678863746    4.103740328920304    2.4407668566822016    1.0895961067554825    0.3097597904791561    0.1226645311983726    0.4665499398627862    1.3010757468463925    2.586681875630744    4.132613541355013    5.523714019380726    6.019393733098445    5.636368666259054    4.523454907014932    3.0133563752269668    1.643609048188262    0.7857557400747425    0.3915538864584427    
0.37613117316621036    0.7450212633414804    1.6133973109780453    2.9584419157522306    4.53179929009535    5.737392708231085    6.142137093676033    5.545736276428099    4.097262912410524    2.4347510712955502    1.0850166800480165    0.30594197623937336    0.11979089005064691    0.4647202005948159    1.2987780136251368    2.5828511804873004    4.128484001044077    5.517995434003673    6.030913890075901    5.637339673483918    4.535182839927513    3.0203154816291673    1.6488003337450052    0.7896910009120193    0.39459291134573327    
0.37885148167483157    0.7483668708620884    1.6177579167562028    2.965056700694944    4.537838850231671    5.741828969610499    6.142942717541188    5.5418692030656755    4.093307288004861    2.4304537230531227    1.080988484793286    0.3023331197797477    0.11718041543265753    0.4632938304812426    1.297196138773249    2.580218246019026    4.124458753407927    5.521802538495514    6.052138169558408    5.659287423767452    4.548977488966382    3.026925932878761    1.65353871996753    0.7933687803571123    0.39730262715624665    
0.3815007269933607    0.7515331126742489    1.6219692359474978    2.9708071042485353    4.546136631412816    5.75672708475715    6.151138413538131    5.545151538982697    4.087942921446316    2.4262356635921414    1.0772132624350987    0.2991692542729494    0.11480846444509736    0.4618693842430432    1.295740915543696    2.5783433360352026    4.122171936527206    5.529836490970207    6.058556330464629    5.666432582158366    4.559981915960266    3.0328803112029683    1.6569458749659982    0.7962422754461742    0.39984345487649114    
0.3840119361597395    0.754757006499916    1.6264774789942353    2.976748559024476    4.5540915628589955    5.766032459704441    6.16081803955485    5.541389142716484    4.08306398888609    2.4223891691003128    1.0737216012769941    0.29612127799072724    0.11257697155014786    0.4606119515345102    1.2944096582462725    2.5762843966409714    4.118719411244542    5.528867234338027    6.060435573205246    5.670818589558515    4.569705995824232    3.0377144925504456    1.6597735908701265    0.7987915921536634    0.40215592478462114    
0.3867682185443937    0.7581906220156271    1.6310357411808618    2.983199827733004    4.562486695875916    5.774245883320761    6.165993501619417    5.544454227780863    4.079947770181739    2.419134375533744    1.0708247942784068    0.2934355613576072    0.11030401102946331    0.4591372065861197    1.2932197866431931    2.574452275117714    4.117583358817113    5.525843461088143    6.063509910801794    5.682989685406771    4.5790941964217    3.0437672207654916    1.663700020184461    0.8020470632165642    0.40479151387667694    
0.38931087736393283    0.7614696310905101    1.6354282801788174    2.989374336083345    4.57170878778975    5.787242730213481    6.173591424004707    5.545044846722283    4.076146227226649    2.4163984211338936    1.0682588508530513    0.29084041746300066    0.10824515285737595    0.4580271188258511    1.2921536402200573    2.5730266319502535    4.115284514306838    5.527493871689765    6.071011449797898    5.697601475281301    4.589620164389971    3.0495473041571017    1.6672341326583147    0.8049673908454082    0.40721909791885735    
0.39195548187714385    0.7646988140042165    1.6396279524434263    2.9938970545247603    4.579170589438316    5.797216487457315    6.183816581313113    5.547376361356747    4.0742023940850265    2.414352830003584    1.0659002198039236    0.28845577028903674    0.10633209146296783    0.45713226544229657    1.291576561720728    2.571886305799266    4.113639434311891    5.5278247792250435    6.077688868669244    5.703395642598483    4.596744290816926    3.0545330978351144    1.670498796412342    0.807602562783166    0.4095528967111462    
0.3943275419663974    0.767323899100475    1.6430374579243003    2.9979858537053206    4.583476571402082    5.8026177648428074    6.196854105088876    5.548334831306304    4.073652519604472    2.4123863815833717    1.063792465704673    0.2862852565041066    0.10449658379073358    0.4561420821509534    1.2910899431769598    2.5712633069769764    4.113134483831657    5.534625379267397    6.088768955457914    5.715821888796732    4.606434446106119    3.060653504390769    1.6740355534835454    0.810325400483189    0.4119290589536655    
