0.24842049099535035    0.4033177694355823    0.7603199425222363    1.1735461961220817    1.5867721500599559    1.8913051033118808    2.0762063076399286    2.345660156750259    2.437557897013821    1.7826126353572702    1.1735461961220817    0.5306420443290947    0.1793267524026455    0.2689797617888975    0.8165441580481122    1.291854556179858    2.0243338409246077    2.437557897013821    2.679277437811906    2.345660156750259    1.816688091659271    1.6907144194436423    0.9008480654456509    0.5388087431884452    0.24589972710246666    
0.17273190161539564    0.5211812244810266    0.9819493836383577    1.5000110596829557    2.330618018098881    3.4169385410349884    4.208516735847735    4.051751781250123    3.358322271154891    2.309435589095459    1.2376254282195485    0.5329514715318004    0.28957359841542213    0.39229113551744155    0.8451627893727305    1.466713129364249    1.918838254575754    2.300985651147614    2.5352629362903327    2.639104240972965    2.5921848648458443    1.8572334724658608    1.0970301192574623    0.48416059874812034    0.12197786567670382    
0.16645379483782752    0.4920725818655718    0.9472330359903199    1.4884285657233502    2.350539952711991    3.4553090249071303    4.284827034166004    4.094762686309594    3.3938395523597293    2.3434649363105216    1.2657409350086954    0.567714028099557    0.3241592745596001    0.3974625051300563    0.8288516843898894    1.4171605876100144    1.8400733356001977    2.219480379545922    2.45474534819397    2.5694999747704497    2.5492102279254847    1.8391715299714888    1.0878955953026446    0.48385074759743607    0.12461619039921062    
0.17948584537271706    0.4898661273508945    0.9418932458543026    1.5041232827625757    2.399515019064037    3.5215397008954437    4.347840776724693    4.143649042338159    3.4398393635762767    2.3901238449104474    1.3095497936097147    0.6157643300679444    0.36802286361557546    0.4195437605073993    0.8368286105520387    1.4045882236664304    1.8057064064168369    2.1777852290493818    2.41130964805874    2.530354713676374    2.533631531507084    1.8646626374209871    1.1124251951056743    0.5044812232648247    0.14469716342255512    
0.19023196860013347    0.48496988632759014    0.9298826396836124    1.504413632083312    2.4258922356253274    3.5634820410669494    4.404386605843619    4.168947047751458    3.4649443076687882    2.422646889722916    1.343735323086683    0.6548994445319081    0.4048222854598758    0.4384820508806189    0.8428567280135276    1.393143604974488    1.780271619649212    2.1503955192148987    2.3860103963967103    2.504993123525322    2.523463033805366    1.8824872813811124    1.1339129500506486    0.5234103075210308    0.1630112805414174    
0.20017877201084455    0.4818659467978554    0.9213884215774177    1.5052591966089128    2.4454305844766884    3.5933153424470192    4.4296415566624185    4.179551519917629    3.4856392208823244    2.4512552674006525    1.3721206101188854    0.686170597946002    0.4343654490493912    0.4561789175115715    0.8514375768464797    1.3875418212525958    1.765234086479413    2.1307813144057617    2.3665635845253497    2.486326584707647    2.5155899570613287    1.896693842203047    1.1541716736839673    0.5427696839076537    0.18016010256045772    
0.20898324211334274    0.48056792515708313    0.9183051797605429    1.5143622145462272    2.4737107393742868    3.6305918996240165    4.468211729858746    4.218080401266187    3.513256847563499    2.470488753128796    1.3913544927924624    0.7100454232594526    0.4590175964697393    0.47431072120784334    0.8627352596231683    1.3829359802108319    1.7508475544663809    2.1135100329612038    2.3501713800550514    2.472721800421181    2.511392116235016    1.912883271650761    1.1730442776778074    0.559172530547158    0.1946574343521043    
0.21804858357027646    0.4796223711601135    0.9141008745809419    1.5203061191683787    2.4967096812653042    3.6643997725575264    4.508153292432162    4.24853355287498    3.5369850965252114    2.489135875169464    1.4099963750845856    0.732818162452226    0.4815418130214727    0.4892505655534394    0.8713327833265964    1.377876282479724    1.7371920000641432    2.096596060941907    2.3334655933334094    2.456232655324263    2.5067014023673004    1.9281521492741556    1.1916270914431115    0.5749577182136527    0.20900797483115596    
0.2259385834306359    0.4775953461772549    0.9072801771499709    1.5210579024017978    2.51442691843815    3.694540645075414    4.535491295824495    4.276929659823147    3.5594201369155005    2.504958451919771    1.4245767340125888    0.7513871195927797    0.49998497331575437    0.5022270535934933    0.8792141166751607    1.373633692857897    1.725728281564345    2.0841928044930516    2.322261688897838    2.444609458653747    2.501682728314091    1.9397091011642962    1.2077929651505765    0.5899508131217397    0.22202789196398454    
0.23249253906785933    0.47640011014867467    0.9029283773484531    1.523508127510234    2.5326065491476917    3.723851704113469    4.5577149365882725    4.293925036224153    3.5733211179318896    2.5167315351428767    1.436751955740942    0.7674409287307364    0.5170065508362426    0.5145028071271847    0.8862089404680216    1.3708262056012495    1.7176173545437505    2.0750751804090237    2.3135011834226624    2.437017685367071    2.500453827935029    1.9528945061815732    1.2236285723170832    0.6029838540059178    0.23299243509495793    
0.23849057673043444    0.47481991185842876    0.89783596234384    1.52450890690253    2.5491054312610792    3.7506123401871503    4.583656772765987    4.309156344041546    3.5838853393126904    2.525419825250482    1.4469975107520976    0.7806674026172234    0.5308485843521115    0.5242343069057029    0.8915750476722204    1.369582095357409    1.712709035677309    2.069771701641959    2.3078408614116768    2.4330770533810577    2.5020436432904942    1.965352041097176    1.2376518882375023    0.6150713364392859    0.2436448355998565    
0.24462166359400092    0.47384110107211735    0.8930974901528526    1.5237572550405867    2.5599454475230665    3.7678926134616333    4.604703614486339    4.318626364354656    3.59262041431376    2.533880919462412    1.456335307328302    0.7927356758828245    0.5431882091479759    0.5339633804264955    0.8981540376545929    1.3692551278644574    1.7091065640623397    2.0654597852294687    2.3029867677541245    2.429201469907955    2.503091863024565    1.976365619113892    1.2513110881167913    0.627031632018219    0.25387052756587436    
0.24944121292607835    0.4712388152315944    0.887562647105718    1.5243785892918107    2.5756499555469756    3.7915106437257777    4.627286092374224    4.3346072270546605    3.603275741286317    2.5430598500672232    1.467103589151161    0.8060670470654704    0.5565324640190757    0.5440676428639145    0.904592156682771    1.3695648031475294    1.7066445223811917    2.062720032666102    2.300226371239621    2.4262496593715888    2.5043704807719624    1.9874144160671807    1.2640739390264473    0.6378933670014979    0.263148539385738    
0.2545197085113747    0.469023195039689    0.881543383603176    1.5222779819209136    2.5861329361651912    3.808223609371501    4.64030249209355    4.340801330909555    3.611983558757834    2.5539879426576815    1.4789985116078797    0.8199899881156145    0.5705767141979434    0.5544640272142006    0.9104453223161363    1.369092715952823    1.7035613128797602    2.059202637069573    2.2966560671465404    2.423244560132355    2.5043487514487888    1.9965931145649185    1.2754760078284764    0.648057897103886    0.2721854145668426    
0.2592121946157714    0.4668096039997635    0.8758125832872623    1.5199383983812849    2.5953972065893836    3.8264729734710445    4.659853966438855    4.352854073815634    3.6221149356274385    2.5633384235319845    1.4890055620881602    0.8324024004202161    0.5836094901526909    0.5646055253845562    0.9161659205951139    1.3690900746318408    1.7013220992818414    2.056571894422482    2.29375940490323    2.4200807373747675    2.503875181424785    2.0042675640313843    1.2856370157902548    0.6577222584545738    0.2807664455085953    
0.26324748040440443    0.4652971851170338    0.871726409930625    1.5200759851769805    2.6097153199266354    3.852361295065753    4.680125485630091    4.361424445594706    3.6289209490366967    2.5715030412505144    1.498817395589484    0.8443572642221076    0.5955228410142783    0.5736597769174523    0.9214381123484617    1.3687011291619016    1.6989837580577    2.053998929209999    2.2917042362928077    2.418284480126221    2.5037693353657553    2.0102706057538744    1.294709717612835    0.6660748446657158    0.28808039616547176    
0.26760541909503666    0.46407753067662916    0.8678544343473208    1.520086440745373    2.622241137313048    3.874974061086539    4.699636124855804    4.373632829617551    3.639018611287225    2.579428157970965    1.5069466869024308    0.854612488094863    0.6069652819356397    0.5828557582278635    0.9262975532035599    1.367723411982124    1.6954423272217334    2.0501985339835245    2.2879639016751887    2.4153570087876757    2.5025602512686724    2.016477612652153    1.3039397804898434    0.6747706225752363    0.29571184990289834    
0.27155944605024274    0.463723302045314    0.8656408250455933    1.521625825153696    2.636179974010917    3.898379573406249    4.715390424900383    4.381401217455639    3.6446286431826502    2.5855332098298285    1.514694709935688    0.8645320061421993    0.6174320820987405    0.5914655450151824    0.9316314906460038    1.367869429271961    1.6932069976611317    2.0472825578888645    2.2847267753031764    2.41180783521643    2.5009910708735816    2.0229551769187517    1.3125388146932029    0.6825650484919009    0.302388349972723    
0.2749830651244172    0.4627613802971025    0.8627884245322733    1.5225088960441253    2.650393040151127    3.921312684376929    4.7267870636980724    4.38641372360704    3.6489423741091973    2.590846581675863    1.5206412656388761    0.8723013522475417    0.6264110409095142    0.5997661437450132    0.9373391854721884    1.3692604883851909    1.6928023282676294    2.0469613683550683    2.2843721503325205    2.411444400924968    2.5021823341985567    2.029836456391489    1.3210371936922307    0.6899503815424696    0.30854338527971586    
0.27824642471886357    0.46158000747969624    0.8590930103964103    1.5212023651916013    2.660016597937945    3.9387605288610557    4.737145962485855    4.391527346359205    3.6536092954428256    2.596451591218201    1.5267965223303035    0.8802409658478696    0.6356451558492184    0.6082525559567885    0.9432680982503793    1.3709294769115898    1.692966732037149    2.0470185433618693    2.284106011737059    2.4111797080961836    2.5034408256626013    2.037046544499767    1.329550175295678    0.6971096803011436    0.3144972036874209    
0.281270263295373    0.4601710880089626    0.8551170405479954    1.518606391600827    2.6657900133322    3.9504112360255994    4.743849286243339    4.395303888494979    3.658916872747368    2.6022905160395755    1.533100969128378    0.8882756456480927    0.6446400273640819    0.6163597925019043    0.9485377277544866    1.371842049868899    1.6921708088513745    2.0461049493307426    2.2830109765355324    2.410229483435392    2.504131665525063    2.0450375439540807    1.338540947209496    0.7044620892708319    0.32039037717361724    
