2.2660546302974534    2.850779455961358    2.1330261424012473    1.3065752833395199    0.7972075578356002    0.6874587253968188    0.7663115467042408    0.9239280901499901    0.8433423577627598    0.8786283683595083    0.8165441580481122    0.46540199781828284    0.3683330282878625    0.3871606901147453    0.6039089582282794    0.8642623831412514    0.7144388781968719    0.772363980363748    0.6369064522128502    0.7426981786868053    1.0850642235036516    1.5192102608825566    1.9766157804805182    2.345660156750259    3.505708070343769    
2.973359616878321    2.8061391817395416    2.241623752962009    1.5244389276607666    1.1177281511446682    1.1326166257568853    1.1559836051933872    0.8982774244019547    0.9380030707869551    1.1101723437810753    0.9161737397178931    0.4389588197674157    0.2061114898003154    0.2683047601664702    0.49865151071827096    0.7714198734084294    0.877494339259633    0.9442039678456973    0.9004128453480433    0.7705638028564135    1.1063621173321643    1.971818054860332    2.5982973040615898    2.829389311455304    2.940807325528268    
3.00953380891195    2.825475220687148    2.270911599692966    1.5701236260287312    1.1551035064609776    1.1823427609494335    1.2118101311673226    0.9295013699634799    0.9568689870306745    1.1298046470079268    0.9310748930229812    0.44220907723237957    0.19892499283107    0.2555491744766721    0.49263605330331184    0.7687778632041211    0.8706660104304097    0.9536539141788308    0.9111367901891579    0.7150461627901216    1.0231601808558226    1.9656753411218548    2.652655035720748    2.882589697777704    2.989170996791913    
3.076786566623764    2.8782007279930966    2.313041789925103    1.606360674692602    1.1857986810166141    1.2213701181267405    1.2648001346467228    0.9603490203302958    0.9754048807856386    1.1571009446469502    0.9566707337018079    0.4618228831414142    0.21376809958509801    0.2678019143876434    0.5094568390060665    0.7877431345855282    0.8864906171088565    0.9830240037891464    0.9511912986675148    0.7131430738837503    1.0029551291526642    1.9968640826928596    2.7360020945250607    2.971741560388299    3.071707121506142    
3.128528418684613    2.919086225549499    2.3525216195354406    1.6425586540127628    1.2129968668199367    1.2527566863200292    1.3064102370442112    0.9870860372424055    0.9946430950349847    1.182320191488476    0.9786784008423843    0.4794912846097175    0.22788238235333613    0.27986114309591065    0.5251070230672927    0.8055057729634169    0.9017567227146797    1.0069275764729748    0.9781900133605756    0.6986765496860643    0.9701027653793419    2.0057675547629916    2.7946245576013102    3.0356497258585415    3.134853248852781    
3.1660376133384203    2.957480375936627    2.3928017152419327    1.678594953644635    1.2391657982983666    1.2805965026161772    1.3388837439009833    1.0061899525677427    1.0088498307840095    1.2036210523300392    0.9984522727400238    0.4961523135562696    0.24198879246120364    0.2912050736401458    0.538142078986269    0.8209055046303784    0.9181367271283494    1.0299706814230456    1.0022085229950601    0.6882091829118882    0.945779002248045    2.0120820718799917    2.834052886078938    3.076081101902056    3.1766250347891205    
3.209838489229469    3.0017089569412443    2.43408383488711    1.7167074835060232    1.2698730152996085    1.3099684505071834    1.364137039583804    1.0164125075656913    1.0154310765015224    1.2206900286321951    1.0180588830450772    0.5127514263669337    0.2547369795371807    0.3004742442317212    0.5484395429279258    0.8339772929232538    0.9322948505413521    1.0494961354427048    1.0240401969959234    0.6821653816216944    0.9296734376936296    2.019566997230165    2.8747581135898947    3.1191792464852104    3.218266233224668    
3.255424596915177    3.0413742894168547    2.47085977065122    1.7478002694812205    1.2939407977121538    1.3348192099782432    1.3881996073791778    1.0265547651781577    1.0220512373181787    1.2364961266913155    1.0361341391598515    0.5293558593085862    0.2677287485627882    0.30972119776395785    0.5578932258802656    0.8455617296721133    0.9449910713312161    1.0682823968810717    1.0434307912235279    0.6752487371027458    0.9130203063855239    2.0263341560053147    2.9200275566084266    3.171255910892776    3.2702726611177124    
3.2919519032045095    3.0797187795037004    2.5070230919418184    1.777509858091746    1.3134868506271038    1.351681468604075    1.405237856175815    1.0372113397486442    1.0311041436349775    1.2513574877861395    1.0522508562030042    0.5443314712068583    0.2801483230187582    0.31856150332676364    0.5664992483272785    0.8556751155047608    0.9563544114771123    1.0842510669139456    1.0576270519296407    0.6648920553905453    0.8939148107862182    2.026133988121354    2.9493632922697333    3.201938014137271    3.3024430269746707    
3.3302750768096403    3.1164348145744145    2.540198302824338    1.8061860634054996    1.334697970564009    1.3705777971013864    1.4203602671140207    1.042150831892741    1.0340684701013787    1.261941611442034    1.0660026127640785    0.5578251155282516    0.291153103661659    0.3264837456364886    0.574629380409704    0.8649132375651593    0.965537723839397    1.0974864244559832    1.0703941508005914    0.6582234290872312    0.8817308550643171    2.0313681533752095    2.985573367206883    3.243799802937986    3.3426929075176535    
3.365613124647052    3.1468712400207934    2.5654932191163864    1.8270941316550346    1.3500864325822572    1.3852380645345126    1.4337648652094481    1.0486004555125188    1.0380657444877284    1.2711896592748957    1.0774122889375493    0.5688604332770039    0.30079559286242213    0.333785760374014    0.5818653758265768    0.8736122526417588    0.9754816125166391    1.1100014268681573    1.0800448521037813    0.6515901742129698    0.8706473604404267    2.0359383533909616    3.0212027023208443    3.285406115271731    3.382073003692875    
3.3965481955605825    3.173987285880516    2.590902940426616    1.8497495780849713    1.3700638452559832    1.4043773378237363    1.448355682545798    1.0550106974486955    1.0425042118597359    1.2800767139110643    1.0878610662564814    0.5790204201214474    0.3098812330528627    0.34080560114575165    0.5890094800055572    0.8817414209101825    0.9842090865047618    1.1203653495164005    1.0877678722661706    0.6453382700434006    0.8607960493203657    2.0388271414285133    3.0514986297709163    3.321921298968634    3.415924291163516    
3.420581838821236    3.195883216783632    2.6114465358628367    1.8681000369064142    1.386706640248591    1.4213296097028634    1.4632567738869202    1.0632036403442966    1.0482247297283513    1.288812830522298    1.097407847695762    0.5884748653563916    0.3184353660040497    0.34771054255750444    0.596466079924191    0.8905312269212197    0.9940470922636699    1.1329444321240982    1.0969795299241445    0.63760353292376    0.8482157650630638    2.0395724598480993    3.077710695100059    3.350860610504709    3.4423885209362113    
3.445686477561866    3.2189597722199896    2.6318443810103327    1.8851594935487275    1.4016390136059422    1.4362803343049648    1.476132023045339    1.0707108689750986    1.0543691853788435    1.298453513656256    1.1072648823251932    0.5976785363791681    0.32680536152986234    0.3546411979019596    0.6043635720967188    0.9000564841037534    1.0040722116821057    1.1442853550565069    1.1041750374168045    0.6304277154055385    0.8372440908404102    2.039660763181721    3.101780781524798    3.3796678102400355    3.47054383284022    
3.471258144940378    3.241780992695086    2.6515205237528616    1.9017573030852561    1.4165531096170192    1.451260245770064    1.4892873146743606    1.0784698824446222    1.0605614924408562    1.3074331312969016    1.115555537734901    0.6056112767302612    0.33433053035398047    0.3612933443122101    0.6120551091477799    0.9091519356154723    1.013783340773055    1.1549264554069996    1.1102718153418294    0.6233495451853283    0.8266794313516124    2.0398165338248626    3.1262487262491683    3.4082471909602057    3.498958058388717    
3.4880040404173833    3.2616141728898294    2.6736240203170625    1.920912759498644    1.43116536630632    1.4644498215595494    1.4986093566502297    1.0824183078728191    1.0635057976382958    1.3137664680407897    1.1223477653303098    0.6127023226370151    0.3413428339159126    0.3675380583202904    0.6192185337519952    0.9181902438251289    1.0240443081758506    1.1664991800605353    1.116747778681849    0.6177862025523752    0.8184545801531651    2.0396857979447534    3.139645012302858    3.4188604896199073    3.511376431018562    
3.504349684098263    3.280195904046053    2.693898539504825    1.93994145459068    1.4470332282475338    1.4786909054488415    1.5073398320934175    1.0854595660392592    1.065894438043348    1.320058784144932    1.1292226808187236    0.6200963424249682    0.3485367249498887    0.37366405493806526    0.6259096293959903    0.92665087855268    1.0336891245458726    1.1772726040230042    1.1233801918159398    0.6125554943912547    0.8104172121194151    2.0400735615383754    3.155366760499109    3.4335174435938147    3.526145084496947    
3.5204664164625834    3.2971231846965563    2.7103372520105915    1.9545193061675257    1.4593560039735514    1.4904636102059576    1.5149915207233164    1.0872892867772053    1.0670145320324622    1.3254268964617564    1.1359618411151755    0.6270658053082465    0.35522297731606906    0.3794626510131953    0.6325408123169344    0.9348121635729151    1.0426487645141649    1.1874928120966692    1.1309431784925505    0.6095989130242188    0.8048395394263477    2.0410950437139945    3.171682552002409    3.4492307150435435    3.5422683453556014    
3.532956632110511    3.310623802488406    2.7247826969299114    1.9665612832879718    1.4688504540662097    1.499807571005028    1.5219974656339446    1.0896030155421952    1.0682630176616161    1.329901750915331    1.1415469033281305    0.6329006467765825    0.36142958238673956    0.3854895751662038    0.6393987117787466    0.942871998034398    1.0518319576394637    1.1981859310571368    1.1382448501445026    0.6056568645156838    0.7981002150047963    2.0405341941027983    3.184639356569654    3.462552997322874    3.5549918636272198    
3.5515093946287766    3.327492354993673    2.73952303532701    1.9796300651796435    1.4803647535881546    1.511234849255148    1.5294295148876194    1.0914646347535273    1.068853672121374    1.3337289751398052    1.146209647733944    0.6381170757566652    0.36726666612468967    0.39116744385236196    0.6455429232562453    0.9502556051503537    1.0606859646767617    1.2086932659778804    1.146244992828114    0.6024625204523738    0.791886812829972    2.0399377735377104    3.202733009910747    3.4854726205498627    3.5767783509485342    
3.571709988301353    3.3463622699667077    2.756549033164062    1.9940532262982424    1.4922271002068077    1.5224281142843519    1.5373190552288116    1.0942734840121051    1.0705635941810139    1.3380973914113514    1.150661763290201    0.6429599663823219    0.3726897080656943    0.3962075569608514    0.6510201769687844    0.9571388550295372    1.0691679877934324    1.2186404039468262    1.1535388370744728    0.5990713228002326    0.7856212441197266    2.039438541401089    3.2187489093203854    3.5060561766064295    3.5974318760446296    
