2.2660546302974534    1.6629811164759438    1.3371542491196906    1.1735461961220817    0.9239280901499901    0.9318243579363331    0.9398266189845758    0.9902363071733905    0.8035836568890272    0.8365290315271611    0.4370080734345485    0.31517468868984344    0.3095504983185011    0.4000511325776447    0.6085125306619996    0.8714021036898388    1.0748732165929948    0.9902363071733905    0.9318243579363331    0.9479377575948383    1.017135280980952    1.386181237878367    1.816688091659271    1.9766157804805182    2.0243338409246077    
2.3993381079570044    1.8046053945653202    1.4524029581989162    1.1990227608256219    1.0112923156318803    0.9576044603531149    1.2074126083075194    1.3471237666651084    1.327901134130571    1.071084777560615    0.5205459992177469    0.215587757434143    0.0982672075699065    0.1951492208969675    0.5311407206423593    1.1012743729810028    1.5707083080448592    1.5641982926280136    1.263905961436638    1.078755030523214    1.2358612031065677    1.918260323153085    2.7195769179725    3.2498615148610197    3.1670682023561314    
2.330570450247097    1.7310851049103886    1.3788321705144706    1.136018152402325    0.9843381304957758    0.9647019352109915    1.235774262036999    1.3858833278263933    1.37551340090865    1.1122682676263613    0.5445847394842643    0.21532116105550414    0.07152514005512317    0.18488233636161744    0.5383930925412238    1.1269273112808116    1.6197593109912232    1.6191566715932049    1.2906367768466995    1.09271165859326    1.2631363228003898    1.9866399341721097    2.8324772526752264    3.3554186720399657    3.146789281513396    
2.2883480298459413    1.694420792941191    1.3506676919535225    1.1168130213152518    0.9878092947496246    0.9969793518861376    1.2849360113630617    1.4374608679146734    1.4300106260690784    1.160321544661104    0.5823817584246631    0.2381506522280084    0.07724218792585098    0.1955420253669119    0.5525506917146242    1.1462590532059336    1.6608675060438782    1.6800011832007344    1.340943617611193    1.1261274684964608    1.297287313856327    2.0397851934358173    2.8982433013424265    3.3859270847438547    3.120680180848149    
2.263038103897594    1.6715611824052499    1.3317371648917717    1.1040345203370185    0.9894486078759615    1.0183970303563852    1.3174381263489787    1.4697650112439593    1.4677274042578268    1.2020025459944397    0.617232841255115    0.2574132882497863    0.08105820534563281    0.20529186423504375    0.5667598457568166    1.1656294439232084    1.701577696986794    1.7315225513016417    1.3762676180057147    1.1487893467903347    1.3182801372549708    2.0707206624768104    2.9227676411778036    3.382846649729862    3.100351360822622    
2.2443807058959746    1.6559641676266001    1.3217443697133908    1.0995531363162567    0.9981992692290198    1.0403375806895898    1.3459808670537026    1.4964977646219746    1.4974274831295953    1.238121989721467    0.6486128788648775    0.27429768390717385    0.08400990536320388    0.21259579843980841    0.5778310127880373    1.1825989945599038    1.7390488847505459    1.780495867747856    1.4093374611304643    1.1692970991664318    1.3365813303642977    2.1018509910866734    2.9694728873003244    3.4103956615244213    3.0897600638084377    
2.229180635013749    1.6422875853705103    1.31058751342005    1.0925907823996261    1.0043172617093366    1.0616218276043414    1.3724604127652067    1.5197543001029583    1.5241481068339247    1.2717965495492818    0.6779576503478184    0.2909471387997903    0.08872367000678853    0.22037116684934438    0.5866932387100258    1.1946192461662455    1.7680692627578298    1.8226641143442577    1.4371881632131445    1.183558798396485    1.348660480972593    2.1240217807673356    3.006282467029169    3.436649213453307    3.0816580327203793    
2.21396696456337    1.629298287752953    1.3017040258009753    1.0878162382485528    1.0098880275058797    1.0818965153126898    1.3986169656506817    1.5461148057459433    1.5522012697021406    1.3036237728263633    0.7057692289051447    0.30680622278622455    0.09341091510416939    0.22757684087053942    0.5949103191859476    1.2046807422334977    1.7934737799937592    1.858679494055473    1.4568982014292993    1.1928106565816596    1.3560878541953876    2.142028675844566    3.038635992432758    3.4544710120761444    3.0714719505341863    
2.203122440928884    1.6195366791673391    1.2943535807774524    1.0835511270614637    1.0147380940221522    1.0980227103250455    1.419478513944915    1.5678978356787756    1.5772337716180327    1.3326419994408603    0.7310652457692548    0.3211360775927114    0.09740767178081523    0.23345705513846926    0.6028931873363156    1.2149330693061673    1.813255779354059    1.8833307492057914    1.4691277910764566    1.1966512713611055    1.3584024181875967    2.151309737790862    3.049397903487205    3.4580879217000855    3.0644955224960935    
2.1954191703687913    1.6128389542088815    1.2896515178853425    1.0812340388265431    1.0199377317018723    1.1138302073896287    1.4387814542915733    1.5854153107915907    1.5965758592865604    1.3564999023712154    0.7529156287948056    0.33292387989575367    0.10032485246296484    0.23939437520352114    0.6106725209637714    1.224943194663964    1.8326858361435705    1.906773510529563    1.480612669108853    1.202674531854746    1.3627582683594255    2.1621736773982643    3.0664220687073804    3.4694823265421473    3.0602015862382346    
2.190771271943387    1.6094756775280068    1.2869372744660432    1.0798944525963066    1.0236454643823465    1.1269322346406754    1.4556952805130994    1.5979719829572483    1.6100719989035026    1.3760059439502696    0.7720536844517999    0.3426210605660843    0.10226100803430732    0.24408933220841095    0.6175625838413409    1.2342365160644753    1.8513065382869347    1.931677940270919    1.4964607611087062    1.2104426310805674    1.3678724218341651    2.172428547767447    3.079342678328881    3.473935012503102    3.056386330779402    
2.1865394981871633    1.605807949383493    1.2844040724889225    1.078419348432209    1.0262438952623225    1.1368849772867122    1.4705710310863764    1.6154467336994511    1.627915381570237    1.3957220893055793    0.7899263518326965    0.3521450383317945    0.1044809962624211    0.2482258088512975    0.6243080219051971    1.244397292590016    1.8709103685305672    1.9568400769546694    1.511860130084318    1.2175855750014124    1.3731701528150164    2.182524802859055    3.0951450762177517    3.485007158208389    3.0549935005826403    
2.1841825234282233    1.603905656949373    1.2831545077487538    1.0779119573538831    1.0291830788638798    1.1483427048074606    1.4859554843579288    1.6321432688309288    1.6461559113323723    1.4154361446460173    0.8075183544779501    0.3606275002763171    0.1053546209034764    0.25204148939385507    0.6312687799239433    1.2535151720857107    1.8877847727505217    1.9775378213886865    1.5246651788147403    1.225806529816115    1.3800861178799886    2.1933126428993117    3.1108339027253904    3.496957393656139    3.054984237917692    
2.181788400980838    1.6021555972364694    1.2819242382502303    1.0778974278618552    1.0328772544987432    1.1595242075334198    1.5020098894069247    1.6501256735792107    1.6642243632369071    1.4334187175247959    0.8234838010657358    0.3686571733395807    0.10666544830396926    0.256012094967638    0.6378747637256944    1.2619024699090045    1.9027925223646023    1.9967658311478946    1.5372645421003222    1.2342497757306115    1.3876091046140586    2.2036431909735543    3.12430021543162    3.5055492571719595    3.054685744546    
2.1791264750782955    1.6003214645797452    1.2808257781645171    1.0775912543589736    1.035347093566525    1.1680214145712908    1.5154271658175535    1.6676752204182386    1.6824759691920612    1.45072697226446    0.8386236295685411    0.3758616193259764    0.1076287420593662    0.2595116651863984    0.6441693381640945    1.2703737619278697    1.917829043437244    2.016046001418978    1.5508182808112587    1.2440758481561789    1.3966940021681573    2.2156628790414494    3.1373141373115594    3.5143026920083216    3.0532297958294192    
2.1771415811040007    1.5986843892496547    1.2795092637205376    1.0767221859213583    1.03736451531871    1.1776416629878266    1.5300894451199891    1.6840664860446557    1.698899168911343    1.467364952512233    0.8537807347043026    0.38327027851420103    0.10879700304168362    0.2623218314638577    0.6488611194844801    1.277000707245372    1.9306358198841775    2.0329653330784936    1.5624137457230796    1.251606787958166    1.4037053478111077    2.2249425127995877    3.148729619772046    3.519672347435927    3.051799100426435    
2.173874983437045    1.5961313450141243    1.277727535350349    1.0759158238102096    1.0400310334465863    1.1878148387555698    1.5448363456355911    1.699179562361072    1.7138961441043223    1.482329582559814    0.8674316270457296    0.38997531030721816    0.10988924958092836    0.2654556231645181    0.6537965118936822    1.2838528431504168    1.943498272080226    2.0503820435690905    1.5746689327149892    1.2606564515056429    1.412263978691518    2.235994118803477    3.159808354337224    3.52489342541016    3.04873280890681    
2.170992746020693    1.5936900759470485    1.276110285786131    1.075237990158279    1.0430109909572682    1.1981547865137403    1.5590265183933796    1.7128777183021833    1.7269655722508652    1.4960913564770535    0.880344384247393    0.3967847329232994    0.11164757931404327    0.2682845610169187    0.6579461122936129    1.2893258961359089    1.9542138478074886    2.0664898620723053    1.586178877738913    1.2690776897751526    1.4200554820902362    2.2467328271098808    3.1747404503652725    3.5356510250080597    3.0480841595411174    
2.1698894665238275    1.592629891491659    1.274932944939619    1.0749391268674082    1.0455776541713098    1.207459106170574    1.5724167218683613    1.726178837917222    1.7399406001985114    1.5090289246028707    0.8917405899652002    0.402427269963231    0.11263469288146093    0.2704432001602867    0.6618170134414634    1.295507090617233    1.9667876383024399    2.0840997223071103    1.5988906127039964    1.2774657817412232    1.4276089718843212    2.256619826224922    3.1880697677048215    3.5452971883262507    3.048940660156129    
2.1696205842316383    1.592455580515872    1.2749900166653994    1.0754158302119121    1.0487693061050432    1.2156709232557221    1.5842573151437693    1.7400661296687518    1.754150982442667    1.5223252922254715    0.9031401250097681    0.40796711503114025    0.11373925803024684    0.2725954665709175    0.6653162211687631    1.301167351852298    1.9783807564803815    2.0997891418960126    1.6091289568113278    1.284386427385422    1.433353342246515    2.264971704773538    3.1998316443975603    3.553251574396185    3.0497455875322523    
2.1690744010219873    1.591682075116811    1.274547186438896    1.075631587803767    1.0514535189516128    1.2224686940248701    1.5944839242274977    1.7524006132471268    1.7664447793713818    1.5350417725236132    0.9145125960180357    0.41347867106327585    0.11449915537134596    0.27455413535016326    0.669167330370347    1.3075273676095165    1.9909676257656883    2.1162428488610714    1.6198175658228406    1.2912342225319624    1.439068057619657    2.2734419068484053    3.2135511830883563    3.5644939020670745    3.0514653759753116    
