3.0924964996491475    2.437557897013821    1.9766157804805182    1.1735461961220817    0.6225404640942608    0.1793267524026455    0.19297986327065048    0.5858421310101684    0.9990684606437205    1.3693869144895063    1.6907144194436423    2.0762063076399286    2.195837523834015    1.852829949917918    1.4780795489225995    1.0648534950974522    0.8433423577627598    0.6131519289083293    0.2795315375405831    0.2984588340106922    0.6178277149491538    0.9729551127051358    1.5867721500599559    2.195837523834015    2.2660546302974534    
4.422160401422954    3.572549770715936    2.613349514433894    1.6128830046495115    0.5958360214862976    0.10975553916920416    0.23795023704714346    0.600263941435991    0.9445214549132224    1.5859158859199094    2.544335366476748    2.9707155272631107    2.830974124515956    2.490653110010432    1.8979645387171111    1.3242712575888889    1.0429394006779376    0.7000606915093344    0.17942948824729826    0.2756103389154615    0.7605767039671677    1.379990848121833    2.254370217853322    3.374761691074526    4.3651604943368945    
4.567443728093617    3.6798900328013    2.6944283831979035    1.6466412377071076    0.5968942346212557    0.11155477169999467    0.24876527675134236    0.6041753102194065    0.8588288919666586    1.4716296940562543    2.5526059288957574    3.029031975233208    2.8953612887226186    2.5668022195917737    1.951423386635501    1.3622302786407237    1.0760300828342224    0.7181189900951875    0.17095311057744972    0.2747425672192989    0.7680523835180548    1.375159931100498    2.252955453160919    3.407567188136992    4.475855900108128    
4.695493809885929    3.8039053379110537    2.78423382045442    1.6929669215306473    0.6182481916336197    0.12999019529909417    0.26714415010287473    0.6258134924474384    0.8370533309866818    1.434957829812941    2.581166781331214    3.0973295735267428    2.9670587964111528    2.64200555650576    1.997106885859195    1.391735599698007    1.1038023688729366    0.74491611482151    0.18548034740333064    0.2976245446087857    0.8042275672780252    1.4126660629108507    2.2902721213351533    3.4634151282133794    4.575941187264711    
4.785894915957818    3.895696690198694    2.8532960717212257    1.7254985725242276    0.6325173985208126    0.14370641588128752    0.2814293345739916    0.6392783152478994    0.8053247632497104    1.3871789255199067    2.58119854438056    3.140130754768575    3.0117634637499817    2.6854263062393358    2.026730154954514    1.417799943362317    1.1335545161195142    0.7738702396894177    0.20352730808557318    0.3199903042130339    0.8341414515474664    1.4388303966180167    2.312559147184657    3.489857938276174    4.620499590406788    
4.853258121226738    3.9544091005889435    2.8987989697306147    1.7502879769944748    0.6459265349249235    0.15639455584234074    0.29331869095667207    0.6477797563067076    0.7796278785830733    1.3485421759491723    2.5712481108712093    3.1556846021811737    3.0319079064160883    2.7136700561704674    2.049966404845425    1.4408109769812636    1.1632068191189238    0.8013022175518087    0.22176310495107704    0.3409170619964522    0.8606362928324522    1.4653382982564906    2.341810891436488    3.521186855916171    4.665248517046537    
4.9156242551812825    4.008080912347152    2.934011953079262    1.766960021279085    0.6552581676428069    0.16770187748610976    0.3037440151908126    0.6538102258274071    0.7618126531942931    1.3227099034198098    2.569923718874738    3.176370931399523    3.0568459628452707    2.7438511950539213    2.0770877890305104    1.4689566321275267    1.1942985088916953    0.8272803663908878    0.23833373182081752    0.35782902915980785    0.8829723342283291    1.487743535120333    2.3682103594311625    3.557755368559311    4.71775739476191    
4.973181496411507    4.05438105071807    2.9671063155077952    1.7822539142290004    0.6643833442251594    0.17895762136129756    0.31432719243231266    0.6595707756964984    0.7442109984799327    1.2980012312728568    2.564978872344279    3.1915332072751146    3.0760643942096166    2.769231607389661    2.1001584869624503    1.4918617773722131    1.2199977220978586    0.8489228690510349    0.2534043239085461    0.37436550073899366    0.904955770901245    1.5103853195017425    2.3924127476791655    3.5864404274201576    4.759631039741892    
5.034112259568955    4.1059841307407385    3.003885662342114    1.7976712553993017    0.6732728841221776    0.18958351312003058    0.32498207278625474    0.6646553155253466    0.7250974963418412    1.2734184612453876    2.558813202006966    3.203882201116401    3.0914560664873565    2.784855356817982    2.1130255744938986    1.5075358424104945    1.241217795586524    0.8679558735051456    0.2669911100384602    0.38856238813175586    0.9210552961150649    1.5236352639142758    2.406834481563035    3.613062140655126    4.802113936584009    
5.0698373706614355    4.143020048746437    3.0306025242099346    1.8105285158613391    0.6808284816625072    0.19846339492900272    0.3326821996012792    0.6676893063116063    0.7117606211676877    1.2550161545431116    2.5536167533569625    3.2204686290130202    3.1120515255641488    2.804365803039953    2.129752699231935    1.5261986198509336    1.2636356392644799    0.8865331635392033    0.2791709756205294    0.4009174758813659    0.9359373333345505    1.5391575921230323    2.424175866810892    3.6318351378778533    4.815764621956397    
5.1036499272053275    4.1625984161886525    3.042225355301563    1.8174995242566876    0.686733912298743    0.2066564033290546    0.33992847769703394    0.6711431250521971    0.7001813624970975    1.240150588717217    2.552992801066934    3.238695776288511    3.1326934252307783    2.8249764111345725    2.144416750752006    1.5398908557747086    1.2802315007068659    0.9026397998958032    0.2902737948117231    0.4112555993344642    0.9480180788120139    1.5523995661909296    2.4396185229540834    3.657160998779286    4.852403579086106    
5.130185059582254    4.181396550712327    3.053417252899058    1.824535146092478    0.6920496337883599    0.21354347614858502    0.34603797652861445    0.6738705745717131    0.6896358986429652    1.2266065339788579    2.55220232875859    3.260496587412027    3.1583158555920945    2.849013443013987    2.1638888274075287    1.5587698282953972    1.2995803437872093    0.9177935456452186    0.3010433337738012    0.4219218511967912    0.9602826342525116    1.5669327637238404    2.4606150730962253    3.685377718991395    4.885588945113126    
5.154481780849929    4.201588858679364    3.0678999033018988    1.8314308223467395    0.6967071868805579    0.22019504029540943    0.3524810034998604    0.6770929902401863    0.6771302723512485    1.2099067472086884    2.546311739391844    3.2758943318803566    3.1755027034622825    2.8668952950566586    2.1808976668378732    1.5750569258538047    1.316091369643918    0.933207217888396    0.3124339339945989    0.432857727615516    0.9729242701826446    1.581156728716193    2.477180974989346    3.706756710302697    4.912618322054945    
5.18663353605948    4.226085842060969    3.085758105333123    1.8398422616822911    0.701581435371105    0.22654151790277532    0.35869515676265007    0.6798114775309615    0.6657875104428472    1.1957821571521954    2.541994798791692    3.2843824042784546    3.1842203847316872    2.880052573803944    2.194410101335864    1.5890688822314876    1.3312064796860281    0.947706518138918    0.3238592768551316    0.44436762597067553    0.9852680126228498    1.5941124963332705    2.4933037081050387    3.72880483468189    4.941966422642873    
5.213527605959167    4.2459953044029195    3.1013430619110607    1.84714542277855    0.7056646545520184    0.2317616874044754    0.3639038215717537    0.6820812305804506    0.6549565117402293    1.1827927676985424    2.538146309650183    3.2929939834633495    3.193485045613635    2.892700062750991    2.2084718896251974    1.6038801196419448    1.3464941429146708    0.9622006538799118    0.33545223612428365    0.45574603152718013    0.9967398503448829    1.6051496156289549    2.5069584039145134    3.7495804978800016    4.966947173131015    
5.240689640391355    4.270110752187016    3.119782455880998    1.8546308278277643    0.7091063212474363    0.23629213400890503    0.3674402822275501    0.6822796323128382    0.6457822623807223    1.1717271733160504    2.53380074901147    3.2978786769429376    3.1999338530246857    2.903796171525922    2.2208476495867258    1.6172330288343126    1.3621435129659518    0.9771920884820816    0.3471207328952735    0.46687321604570103    1.0071529406647048    1.6149308661700075    2.5209113867674993    3.77081868551142    4.993774717550547    
5.265397412129737    4.292617606216001    3.1367308531347646    1.8609436846569452    0.712524495325947    0.2408961731422212    0.37087378026672346    0.6822861587918274    0.6368374265654279    1.1603711059672521    2.5257748898401085    3.300908871204038    3.2047331562775767    2.9157283517297605    2.2344059684536592    1.632286208004546    1.3788201919875993    0.9921504824123993    0.3585470266319839    0.4774185715049025    1.017931734891532    1.6263429762493347    2.5365628846370916    3.7928212270158213    5.02046897489246    
5.290021749005798    4.311526949959497    3.149118920089342    1.8664225195344928    0.715636209390086    0.24536213628665168    0.3740429202470673    0.6822429141699483    0.6304373977765841    1.152514848937536    2.5222432262503833    3.3048541355203755    3.210115668982842    2.924221454837732    2.244938955916918    1.6439323553386422    1.3918320139664064    1.0048757190321456    0.3690626119313385    0.48783058574641514    1.029273565878513    1.6380368932010902    2.5511886790213683    3.8134569402694334    5.047818923993871    
5.309330746096501    4.327852634772952    3.1622319755683717    1.8724139099378183    0.7191184465842606    0.24980282006610888    0.37723816443461966    0.6821804629125661    0.6231490604830209    1.1434460959354733    2.517977148344624    3.313931901420626    3.2218526478135905    2.9349517333064745    2.253387745879217    1.6524814998262942    1.4021387795707492    1.016995955563856    0.37935970889250314    0.49731805860926    1.0389010980705637    1.6485286048406231    2.563451008090033    3.8283686051174355    5.065985226727233    
5.327499214327113    4.346393257298328    3.176264083901883    1.8789776270466176    0.722996862376437    0.25403039620718315    0.3795418085887355    0.6817032367501317    0.6166390886759091    1.1355201801281685    2.514750507554044    3.3216928862401653    3.2315417588848043    2.9466024741774763    2.264538071259841    1.6638984687407947    1.4141530308707047    1.0289937320698428    0.3890555262636554    0.5062275429778117    1.048834349610303    1.658633717630903    2.5729202610825217    3.842906060740701    5.085832712955883    
5.343800638145471    4.3587958420941675    3.185294312021215    1.883967742339978    0.7260456004493355    0.25780102296708923    0.3820323887638384    0.6814432353515806    0.6097791052641438    1.1275821698988273    2.5127480086404637    3.3345027933386135    3.245271251030385    2.960372318680532    2.275652053252475    1.6749072558153264    1.4263499761253655    1.0405896099095195    0.39828214498290293    0.5149252412014973    1.0589078512790715    1.6700172000087494    2.5861399483032272    3.860938919605975    5.1102137093172155    
