3.505708070343769    2.679277437811906    2.1330261424012473    1.386181237878367    0.5470888720030995    0.18158066732128314    0.23840076315102965    0.5597287734875012    1.017135280980952    1.6111085362527895    1.5633903797635589    1.6629811164759438    1.9324357439239592    1.7826126353572702    1.5867721500599559    1.1855902278480386    0.7784784913167525    0.5225857096097202    0.1883939961662725    0.21645375315968274    0.7144388781968719    1.3371542491196906    2.1330261424012473    2.5462496990596155    2.850779455961358    
4.518336328733613    3.6122989285603158    2.709661164546821    1.7106945104577105    0.6505774364210102    0.06965254760954837    0.17536020994715323    0.80962511030072    1.4431523056089337    2.024892241914264    2.4499413828855623    2.58219570896399    2.81538686529238    2.6353508110875996    1.8506391145119114    1.1295615376434585    0.7316655037874469    0.5492283585611333    0.23699695971997264    0.21507917392978093    0.7864099312783909    1.8536153787794458    2.9674148163285894    4.254343175930944    5.189271722718236    
4.543884987153521    3.601086716996516    2.709865932484737    1.7178331885770954    0.6595723834886085    0.07998296407460537    0.19750110885250793    0.8524941478238075    1.4948455307922197    2.104969872828417    2.5043924422138186    2.5777183503972494    2.768172602329362    2.5446405511684205    1.801950428789051    1.0962030809925971    0.6898246856021253    0.5165989060999643    0.22430272150205183    0.20234809881708388    0.7952182535164766    1.9116660601820352    3.1570827430746657    4.501130508591509    5.308311131159856    
4.628107662968644    3.674900552979767    2.7729825061689177    1.7519778425344994    0.6853724667823087    0.10922596672930847    0.2380498763276318    0.9085621846516487    1.5626302919175832    2.1774490087853953    2.561083596358442    2.6104257072727286    2.771269292579611    2.517290918140417    1.7913552673329516    1.0901266122969937    0.6789044169843003    0.5094150763299903    0.23271554894192237    0.21141341444212952    0.8152154469629358    1.9503990602598442    3.255528586368577    4.630715927045306    5.392507393928191    
4.666111109440794    3.707982852781395    2.8042421956901196    1.778335868516136    0.7084655699401161    0.13461222979320142    0.27038663896397164    0.9515622343549144    1.6113630879266476    2.2247047028520885    2.590671435221281    2.6206913494183826    2.7615515178903016    2.487959259317079    1.7745241814246386    1.0811047538000467    0.6711696417502717    0.5067752064435876    0.2397565853940431    0.21851197833021124    0.8313693817224997    1.9828399253730318    3.351576670241844    4.760168472859974    5.45261186807414    
4.759450222900008    3.7859394858798363    2.8510601687755854    1.8004134606963127    0.7292456012156607    0.15656539060812757    0.29856845147295275    0.9886383929283689    1.6553386844912008    2.2727575544512546    2.623250737224402    2.6358730112800353    2.7566247341791077    2.4664042266624464    1.7642907345108303    1.0781476695725771    0.6701987714843305    0.5098624258025843    0.24619826104026626    0.22257170892590133    0.8425682933342309    2.004089137993281    3.414478603224453    4.850372298073024    5.5455479026297105    
4.811531594109332    3.8289430812410203    2.883543768938685    1.8233702037792998    0.7508720865500286    0.17797396402019655    0.3228860209456303    1.0200817624664906    1.69390075240599    2.3119271040138694    2.652568096973942    2.6553084794030863    2.7665676958411654    2.465356732620552    1.7662720950363335    1.0779516059540455    0.6690604525686176    0.5115008655475697    0.2518975447113472    0.22564634405007145    0.850497168880109    2.018801463703414    3.4594941684845653    4.920925632903116    5.608286676792991    
4.881170282176463    3.8885005064423    2.922860743197169    1.8454800529047368    0.7710656818877082    0.19826477611605292    0.3466489617392638    1.0491599706011256    1.7296846659515643    2.3463152239004215    2.6674791633369583    2.654487232700582    2.765646915377294    2.4707394352403043    1.770842652722937    1.0783667857550443    0.6690229363322977    0.5140867338486109    0.2561697192326573    0.22746057245207368    0.8563861160303704    2.030929307892551    3.502421353839471    4.987950338700985    5.670894653467466    
4.926546300517683    3.9337081766847817    2.952114592336747    1.8665902264018113    0.7913630151797407    0.21797247900362826    0.36706646654322095    1.07196812436443    1.7535759263130632    2.3673928898669385    2.6792673728193956    2.661738839239762    2.7722870564841036    2.477173280326449    1.774499116630307    1.0780678389796479    0.668517988786011    0.5150324399755984    0.25757881034203123    0.22822234664801738    0.8622917805183122    2.0424688362888146    3.5372721749289884    5.050572159668364    5.728276928203627    
4.946153829823023    3.955662585011794    2.974731013371847    1.8859307753234922    0.8078577299605548    0.2335992460037406    0.38426678475516385    1.0936493302030388    1.7799855607527977    2.391263896161202    2.6819451957747122    2.6540494377749484    2.76765169807242    2.481627976702499    1.779050715765147    1.0803097713231726    0.6703295448002872    0.5188065827890133    0.2609049181505641    0.2289935898590501    0.8656699105441507    2.0462196503404173    3.550035434129049    5.067685198189064    5.756550635439573    
4.967362467032031    3.971302668819837    2.9913415789162965    1.9022622315067705    0.8221752563071971    0.24754771806592246    0.3991892717660102    1.1109588137770627    1.8028786525874203    2.414757282303459    2.701509918059062    2.670698831811676    2.77849783995268    2.4854892773494295    1.7823970247126772    1.082963144657532    0.6728780261171475    0.5213164767688205    0.2629756411998792    0.22940385608495423    0.8688915456396531    2.0493782311789692    3.5497222468719594    5.063283235413888    5.772941305103398    
4.994914869065681    3.994049235277986    3.0137253948375853    1.9202870353786106    0.836425420996095    0.2610925809782731    0.41310005631380076    1.127779404636699    1.8238171475836877    2.4376886267400835    2.722125490119692    2.689330298697891    2.7959365586466816    2.502376390003523    1.7942511297905734    1.0873627203976997    0.6752635450414636    0.5228448895768439    0.26417375882478034    0.22980659250102373    0.8721428829816856    2.055473207896803    3.577364411887138    5.112958536752172    5.815531551410571    
5.013877026690091    4.011591420951625    3.0285452723950663    1.934263219028854    0.848893828312944    0.27411425378789206    0.4274777913165134    1.1440886490205937    1.8445670731760846    2.4589447688433714    2.7335489198723435    2.6955118816412247    2.8064781558090863    2.520068629659475    1.8063737593603915    1.0922145477367762    0.6786011293916661    0.5253324824851896    0.26505188315039757    0.22920211401435564    0.8750245500575246    2.0608201038269    3.593803526758874    5.144235016623457    5.834129915055433    
5.029547996284671    4.026046813817211    3.039022681150105    1.9455965484595328    0.8607369044355625    0.2864787329063175    0.4408083195400419    1.1595985741535433    1.8639934359348198    2.4785370206244517    2.745685738092412    2.7037149952427573    2.8175986325937763    2.5352222411995324    1.816943321461664    1.0968311740168395    0.682038108191983    0.5282664214281362    0.26650618988819913    0.2292995705550102    0.8783253830444193    2.066906747796399    3.615932742371516    5.181759075813665    5.8622753800228535    
5.039702040401006    4.034950697811853    3.04668705989676    1.9555465451166765    0.8715532414187095    0.2978275820599664    0.4530834415778268    1.1747260881486257    1.8829671874410252    2.49798234148277    2.7587003370546017    2.714008526118986    2.8300677811596264    2.550304641270716    1.8260236381790567    1.1002845603940772    0.6849456276299862    0.5309711111061477    0.26785882342170375    0.22964727773751548    0.8819238129679173    2.0730639243695275    3.6317110737178444    5.210354159510251    5.883786592382035    
5.057914680875978    4.049699001744518    3.0562050338016435    1.9646319422157852    0.8819376952258344    0.3089160164043368    0.46505526145986337    1.188540887976798    1.8989309496058175    2.5144359112908017    2.7726199218908754    2.726961406401834    2.8425342881507354    2.5601096967413524    1.832708827472982    1.1036988761381965    0.6881323766339507    0.5337175098762441    0.26889049407328053    0.2294020987864645    0.8835821102251251    2.076352492634495    3.6443086439467507    5.234498481689961    5.902008151404356    
5.064157712440843    4.055362102910445    3.0606408246556356    1.973156651689801    0.8925415788693433    0.3194861113301926    0.47609014464456995    1.2024016959580535    1.9163991935941995    2.5313250727355934    2.784468711161683    2.7359497467213103    2.851119747918092    2.567770017202504    1.838388352653124    1.1068464151953008    0.6915223734757749    0.5376906437893306    0.27045549060113316    0.22890604337474915    0.8847143050959738    2.0790053833406756    3.656517996661603    5.258993542250181    5.908649979456462    
5.077184633709938    4.069305716845023    3.0712844917091062    1.9838063976068976    0.9039049191057374    0.33071321935948766    0.48788013193385804    1.216277442065558    1.9338670374611944    2.5492424790800796    2.796746161299554    2.7437875732731682    2.858977624783194    2.57637834656268    1.8449270759371028    1.1101726310973077    0.694272854366211    0.539990474347175    0.27117911155770524    0.22819186208248035    0.8852128893915587    2.080464136688135    3.6708782733989644    5.291864850261903    5.930198289619529    
5.091820275810815    4.082487395820298    3.0826736636725953    1.9947423888057603    0.9142851813561669    0.34078447085101066    0.4984630798601108    1.2289182397740903    1.9500113610474725    2.566461647922348    2.812692869733848    2.7581036347238777    2.8710338559776507    2.584243878585865    1.8513663416910255    1.1146798640670608    0.6979230366807012    0.5419037845143221    0.2712606285771224    0.22701521125979646    0.8855676685718781    2.082853378317655    3.6840225227359324    5.316557931475065    5.940559250246099    
5.102025114074449    4.091526646952457    3.091236710931912    2.004513969793322    0.9244621637822213    0.3506662386758193    0.5087647331624918    1.2407372697140273    1.9652491585262626    2.5816428854190945    2.823392131627485    2.766769511122983    2.879365597890718    2.5914757380859985    1.8572617045851556    1.1187544996109606    0.7015979284076612    0.5443312758893656    0.27176970593955413    0.22588552366443318    0.8854077194590932    2.0831815506928333    3.692955304802604    5.335901262606651    5.955175393079947    
5.118416900065949    4.107309088436999    3.105204583729534    2.015860218757814    0.9340975773006281    0.35999753605274987    0.5188092914923624    1.2528935218118826    1.9812877258594745    2.5987014777966526    2.836909196502679    2.778132664928083    2.889423953657426    2.5982022111517935    1.8615348344867053    1.1214083022872918    0.7045174811395788    0.546901091511513    0.2721929547398444    0.22469940681215383    0.8851937691096446    2.083949275954936    3.6987641814535235    5.349716316975416    5.963763171500492    
