2.437557897013821    2.1330261424012473    1.9324357439239592    1.852829949917918    1.105984242731441    1.0549993963006115    0.9398266189845758    0.8297926936326082    0.8165441580481122    0.7543879572512069    0.44398078127061136    0.3839811639682934    0.2742323047285981    0.3871606901147453    0.6874587253968188    0.9479377575948383    1.105984242731441    1.0549993963006115    0.8859433010100383    0.641773088663313    0.7199845890752047    1.1388086436550542    1.498290260106852    2.0762063076399286    2.5462496990596155    
4.051348225428486    4.072536776685784    3.732570626433877    2.8985810720976293    2.096675582256819    1.6114229795929043    1.2644774447823919    1.0708548352116645    0.9353876339665212    0.635374480201815    0.3881356985499935    0.168388918422262    0.09150080915336656    0.29598397426905276    0.7182409495231187    1.2247650800026881    1.7290624329951358    1.821214110418314    1.298891555268718    0.821844336830253    0.7434103895670728    1.1659205030659854    2.1745689052827935    3.117867348228443    3.752663208112148    
4.199187342873937    4.229348427344458    3.828066667261485    2.9638788372052907    2.167873364300398    1.6439976541891461    1.2538088226999133    1.0667675355459552    0.9264966309636938    0.5795172498940527    0.3538221601926771    0.16666960402196268    0.10460031522443788    0.3244970296571684    0.7700180185715109    1.3032657814411577    1.814438258193992    1.8635708394424841    1.2985014364191154    0.8005696167475456    0.7096180856676914    1.133954625292314    2.1746576101037873    3.1925602122288237    3.8854148858761484    
4.284874344598822    4.3128232015424635    3.896266547609037    3.0065653856400174    2.2163657919641606    1.690108280000489    1.2891159770216547    1.1032750801425908    0.9501554073844842    0.5695018370809032    0.3525502288454264    0.18366318990316577    0.13169082886815492    0.3625670181709677    0.82729477277921    1.3784876051181028    1.8875442922773873    1.9031548597125227    1.3126497932641814    0.8007368411634396    0.6997162485538059    1.1222794666745028    2.177397731269668    3.2301436483065684    3.957485780165391    
4.335606754435824    4.36035880943612    3.9314711629952095    3.0411581347631214    2.2566695049259735    1.7247562233166895    1.3179287072415522    1.1325120358037453    0.9647814330215956    0.5541114645930126    0.34846215823637205    0.19826734411043911    0.15631256903680096    0.39602969322868037    0.8763479790254671    1.4432147791622547    1.9491788471803213    1.9351572996839912    1.3245481131123027    0.8023287058486197    0.6935195772298013    1.1147157066194195    2.1810100442069706    3.2556864354254254    4.0057157124530764    
4.36022106695232    4.386216338883674    3.9657289270727354    3.069728140642135    2.284635698271127    1.752568075143444    1.345075161429776    1.1621951384168958    0.9799587726799517    0.544238944722194    0.3463911769872278    0.21039847241510806    0.17581210328409952    0.42250588599909317    0.9151594868416755    1.4922366269906862    1.997075155105829    1.9648367027384606    1.3438192335014156    0.8111253224051507    0.6939440908922696    1.1147102809665057    2.1945366402721356    3.2881119640879524    4.036696027630762    
4.377007121555693    4.403316581462621    3.989043192727962    3.0957656913085327    2.313493115447088    1.781019539704802    1.3721290700622069    1.1906568835485367    0.9945844804189502    0.5381623508317929    0.34647114099970105    0.22121657244133913    0.19238801185230808    0.44467865630466474    0.9470552745638406    1.5357250133240117    2.043438557763289    1.993265229548404    1.3609044632830885    0.8181633059369581    0.6942309060806832    1.1172085344305498    2.201440066793386    3.3042911730392865    4.053314383647961    
4.395979135525894    4.424826069585878    4.012953063798314    3.118639626548216    2.338463094567913    1.8077633163977267    1.398320522633165    1.2171067165505038    1.006542656153    0.5317473009997343    0.3464072321959121    0.231679084583311    0.2086454008733616    0.46635030491351137    0.97635858476883    1.5733738540891486    2.0804984320986253    2.0159016036097577    1.3747962305076031    0.8234454753913604    0.6948776010904261    1.1202245460053142    2.212422760698888    3.328306774172084    4.082703378329143    
4.443557088968126    4.468634120800085    4.0430526020762585    3.145207174553757    2.3633174398269805    1.8308813393578693    1.4207798701151466    1.239289277378555    1.0139293898577466    0.5224990157991939    0.3445594497906931    0.24069840227484224    0.22363040547153618    0.48573538330199    1.002441894581288    1.6071141610397877    2.113000257090046    2.0341555939797864    1.385511426938591    0.8277239094421195    0.6971652952489393    1.1262071046581779    2.221737446905311    3.3511592421288614    4.121496134107377    
4.474528719160717    4.498449940767373    4.066136186711981    3.1659510043730665    2.3818488232074997    1.8491667284744473    1.4398301941794132    1.2592125189412373    1.022383925814651    0.5169847683904812    0.3442536224176384    0.2492686321290397    0.2364405247752811    0.5024381266615978    1.025793761907397    1.6384323783565107    2.1431542227878357    2.053518670227973    1.3956386764308493    0.831636746330532    0.6981516935826183    1.1286115632337057    2.2274686334973253    3.3658642166380255    4.143271824932604    
4.503143429798485    4.522227662454368    4.090551241340922    3.186001265070229    2.397461665007213    1.8641827120282035    1.4555421600876497    1.274929584503239    1.028048552248905    0.510665013798278    0.34318180845773927    0.2568200998113413    0.24849381374081309    0.5179428932310834    1.0463373949259664    1.6655113623432065    2.1680145209827493    2.0678522908138675    1.4052150779596486    0.8366964168129539    0.6996340928965521    1.1306660685805463    2.2358161740043236    3.384829428399844    4.167611245042673    
4.531888706426727    4.54506736990281    4.109458162167627    3.201637363356181    2.412849041363598    1.8785735613877845    1.4693825882125338    1.2874329129780286    1.0316461627672653    0.5048457286108183    0.34238159537871593    0.2637452009819892    0.2597800339752014    0.5328441188700188    1.0670802760785143    1.6934928567972796    2.1964860965068613    2.0868637520759914    1.4152015541958363    0.8418094513714115    0.7024300890763808    1.1349885696010207    2.245914191111145    3.406538432680902    4.19793473396782    
4.5578607211601385    4.572188275240451    4.132902634823779    3.221038221499958    2.430039921860765    1.895268368823374    1.4851260665631505    1.3004916993425715    1.0344167320143762    0.49796576715765883    0.341440322855626    0.27129206171390785    0.271496926726745    0.548081849225286    1.0876680285010354    1.7194096603457028    2.2192791144420037    2.0988545132418244    1.4220419043334034    0.8452290840563943    0.7042437010277498    1.1380181448426587    2.2531096841316165    3.422211168011595    4.22157566197832    
4.582181553163645    4.593265103303494    4.150352399835161    3.236698907717227    2.443955911588456    1.9086182473695714    1.497798893714103    1.3121100662721938    1.0373718916068262    0.4917632049637397    0.3406622097531472    0.27863124386914295    0.2828602134345596    0.5626256669726015    1.107857238338011    1.7465432789164828    2.2443718177177043    2.113426206379727    1.4309081270030086    0.850429651323407    0.7064288065970789    1.1400421288860472    2.2586919044721343    3.4353943615560256    4.2405829762272385    
4.599770675116858    4.613667511074788    4.167642242135947    3.2498158127703483    2.4544821255752263    1.9197947971460438    1.5092745097451836    1.323073759958403    1.0404950206799186    0.4860504002894944    0.3400450621969967    0.28579674302194524    0.293564158142391    0.5762354297475857    1.126804314721433    1.7712874509639815    2.2662093666883547    2.126028980290753    1.439297451620047    0.8554328257656776    0.7080756523346081    1.1413950745199255    2.263624518891176    3.4481944735492442    4.25791722971183    
4.612091466973594    4.625256187224516    4.179929928016743    3.2611749676712027    2.465980902657359    1.9315695252484937    1.5204496411333155    1.3327036048718353    1.0431141517971978    0.4813481946951452    0.3394395950828935    0.29220299463294963    0.30294412853269326    0.5880869553897513    1.1430175312134887    1.7933893697073915    2.287883452593553    2.138988148601449    1.4470229285140204    0.8599350526969826    0.7106141530918658    1.1446077546713187    2.2703350963543825    3.4606344271566782    4.272027735863068    
4.62943373781983    4.643319431519425    4.196369332574216    3.2759911738275096    2.479851087733403    1.9447915028517233    1.5325196651799111    1.3438262168245514    1.0469589080414214    0.4773678868358202    0.3392867646774865    0.2986208011420881    0.3116748629264074    0.5987904780951893    1.1573780024133737    1.8130986163703822    2.308589874089742    2.152826858198016    1.4550729499510036    0.8644618653294919    0.7127511087600145    1.1471688703320353    2.27664602585212    3.4747669176992906    4.290805881308738    
4.645371178152709    4.660398482320653    4.211223053336665    3.287810833373481    2.490768181908924    1.956810320948705    1.544472287752765    1.3550808434505852    1.0508291843312734    0.47443898123921463    0.33944037682470557    0.30408370360498876    0.3198016419587032    0.6091915357439145    1.171576399340419    1.8320925790939948    2.328113160919125    2.1651061042808752    1.462037675144486    0.8686001186769534    0.7151739257862028    1.1504705496293974    2.2825550995131603    3.487601896241687    4.307423931552928    
4.663383968903103    4.676273323588052    4.22540610740462    3.301522462357193    2.504379282093599    1.9688935443072015    1.5557326215419012    1.3648447798779533    1.0530439671282226    0.4705462419575023    0.33903595595889413    0.3092970665817126    0.32741011627050043    0.6189531816580428    1.1853178602732533    1.8504058111621124    2.3451470174562297    2.1746392673290336    1.4683015967817405    0.8727131536484586    0.717967150216368    1.1541428518495405    2.2901215223280182    3.5037338234383415    4.326871857659811    
4.679730870804697    4.689981951329134    4.240141776718956    3.3150510262993915    2.5179912820841217    1.9817990164704613    1.567827851446257    1.3760600769613838    1.0561603408934077    0.4670088330395805    0.33861075484972225    0.31437350695580835    0.33474893540566414    0.6281058480781515    1.1979869870430024    1.8670450358288255    2.3591385142108168    2.180992464920533    1.4736678174200157    0.8766125863802077    0.7207875580471337    1.157868418284419    2.2970025985970928    3.5171393813206193    4.3438482574298805    
4.694554985959563    4.703376760311597    4.255110652968273    3.3288383188981556    2.531347158721287    1.995133208406218    1.580667850551011    1.3879671867990424    1.0597512744554474    0.4635330967053397    0.3379551970558296    0.31902034270733454    0.3414521263667591    0.6368159389328625    1.2105200529013076    1.8841366517993368    2.3745445717241234    2.189935845257143    1.4794808915428757    0.8800558241471014    0.7230504180569006    1.161095667623075    2.304220191408419    3.533187462321037    4.363249260284015    
